0;0;0;16;;;;;
0;1;64;16;;;;;
0;2;128;16;;;;;
0;3;192;16;;;;;
0;4;256;16;;;;;
0;5;320;16;;;;;
0;6;384;16;;;;;
0;7;448;16;;;;;
0;8;512;16;;;;;
0;9;576;16;;;;;
0;10;640;16;;;;;
0;11;704;16;;;;;
0;12;768;16;;;;;
0;13;832;16;;;;;
0;14;896;16;;;;;
0;15;960;16;;;;;
0;16;1024;16;;;;;
0;17;1088;16;;;;;
0;18;1152;16;;;;;
0;19;1216;16;;;;;
0;20;1280;16;;;;;
0;21;1344;16;;;;;
0;22;1408;16;;;;;
0;23;1472;16;;;;;
0;24;1536;16;;;;;
0;25;1600;16;;;;;
0;26;1664;16;;;;;
0;27;1728;16;;;;;
0;28;1792;16;;;;;
0;29;1856;16;;;;;
0;30;1920;16;;;;;
0;31;1984;384;;;;;
0;32;2048;256;;;;;
0;33;2112;0;;;;;
0;34;2176;0;;;;;
0;35;2240;0;;;;;
0;36;2304;0;;;;;
0;37;2368;0;;;;;
0;38;2432;0;;;;;
0;39;2496;0;;;;;
0;40;2560;0;;;;;
0;41;2624;0;;;;;
0;42;2688;0;;;;;
0;43;2752;0;;;;;
0;44;2816;0;;;;;
0;45;2880;0;;;;;
0;46;2944;0;;;;;
0;47;3008;0;;;;;
0;48;3072;0;;;;;
0;49;3136;0;;;;;
0;50;3200;0;;;;;
0;51;3264;0;;;;;
0;52;3328;0;;;;;
0;53;3392;0;;;;;
0;54;3456;0;;;;;
0;55;3520;0;;;;;
0;56;3584;0;;;;;
0;57;3648;0;;;;;
0;58;3712;0;;;;;
0;59;3776;0;;;;;
0;60;3840;0;;;;;
0;61;3904;0;;;;;
0;62;3968;0;;;;;
0;63;4032;0;;;;;
1;0;1;16;;;;;
1;1;65;16;;;;;
1;2;129;16;;;;;
1;3;193;16;;;;;
1;4;257;16;;;;;
1;5;321;16;;;;;
1;6;385;16;;;;;
1;7;449;16;;;;;
1;8;513;16;;;;;
1;9;577;16;;;;;
1;10;641;16;;;;;
1;11;705;16;;;;;
1;12;769;16;;;;;
1;13;833;16;;;;;
1;14;897;16;;;;;
1;15;961;16;;;;;
1;16;1025;16;;;;;
1;17;1089;16;;;;;
1;18;1153;16;;;;;
1;19;1217;16;;;;;
1;20;1281;16;;;;;
1;21;1345;16;;;;;
1;22;1409;16;;;;;
1;23;1473;16;;;;;
1;24;1537;16;;;;;
1;25;1601;16;;;;;
1;26;1665;16;;;;;
1;27;1729;16;;;;;
1;28;1793;16;;;;;
1;29;1857;16;;;;;
1;30;1921;16;;;;;
1;31;1985;16;;;;;
1;32;2049;16;;;;;
1;33;2113;384;;;;;
1;34;2177;0;;;;;
1;35;2241;0;;;;;
1;36;2305;0;;;;;
1;37;2369;0;;;;;
1;38;2433;0;;;;;
1;39;2497;0;;;;;
1;40;2561;0;;;;;
1;41;2625;0;;;;;
1;42;2689;0;;;;;
1;43;2753;0;;;;;
1;44;2817;0;;;;;
1;45;2881;256;;;;;
1;46;2945;256;;;;;
1;47;3009;256;;;;;
1;48;3073;0;;;;;
1;49;3137;0;;;;;
1;50;3201;0;;;;;
1;51;3265;0;;;;;
1;52;3329;0;;;;;
1;53;3393;0;;;;;
1;54;3457;0;;;;;
1;55;3521;0;;;;;
1;56;3585;0;;;;;
1;57;3649;0;;;;;
1;58;3713;0;;;;;
1;59;3777;0;;;;;
1;60;3841;0;;;;;
1;61;3905;0;;;;;
1;62;3969;0;;;;;
1;63;4033;0;;;;;
2;0;2;16;;;;;
2;1;66;16;;;;;
2;2;130;16;;;;;
2;3;194;16;;;;;
2;4;258;16;;;;;
2;5;322;16;;;;;
2;6;386;16;;;;;
2;7;450;16;;;;;
2;8;514;16;;;;;
2;9;578;16;;;;;
2;10;642;16;;;;;
2;11;706;16;;;;;
2;12;770;16;;;;;
2;13;834;16;;;;;
2;14;898;16;;;;;
2;15;962;16;;;;;
2;16;1026;16;;;;;
2;17;1090;16;;;;;
2;18;1154;16;;;;;
2;19;1218;16;;;;;
2;20;1282;16;;;;;
2;21;1346;16;;;;;
2;22;1410;16;;;;;
2;23;1474;16;;;;;
2;24;1538;16;;;;;
2;25;1602;16;;;;;
2;26;1666;16;;;;;
2;27;1730;16;;;;;
2;28;1794;16;;;;;
2;29;1858;16;;;;;
2;30;1922;16;;;;;
2;31;1986;16;;;;;
2;32;2050;16;;;;;
2;33;2114;16;;;;;
2;34;2178;384;;;;;
2;35;2242;256;;;;;
2;36;2306;256;;;;;
2;37;2370;256;;;;;
2;38;2434;0;;;;;
2;39;2498;0;;;;;
2;40;2562;0;;;;;
2;41;2626;0;;;;;
2;42;2690;0;;;;;
2;43;2754;256;;;;;
2;44;2818;288;;;;;
2;45;2882;16;;;;;
2;46;2946;16;;;;;
2;47;3010;16;;;;;
2;48;3074;384;;;;;
2;49;3138;256;;;;;
2;50;3202;256;;;;;
2;51;3266;256;;;;;
2;52;3330;256;;;;;
2;53;3394;0;;;;;
2;54;3458;0;;;;;
2;55;3522;0;;;;;
2;56;3586;0;;;;;
2;57;3650;0;;;;;
2;58;3714;0;;;;;
2;59;3778;0;;;;;
2;60;3842;0;;;;;
2;61;3906;0;;;;;
2;62;3970;0;;;;;
2;63;4034;0;;;;;
3;0;3;16;;;;;
3;1;67;16;;;;;
3;2;131;16;;;;;
3;3;195;16;;;;;
3;4;259;16;;;;;
3;5;323;16;;;;;
3;6;387;16;;;;;
3;7;451;16;;;;;
3;8;515;16;;;;;
3;9;579;16;;;;;
3;10;643;16;;;;;
3;11;707;16;;;;;
3;12;771;16;;;;;
3;13;835;16;;;;;
3;14;899;16;;;;;
3;15;963;16;;;;;
3;16;1027;16;;;;;
3;17;1091;16;;;;;
3;18;1155;16;;;;;
3;19;1219;16;;;;;
3;20;1283;16;;;;;
3;21;1347;16;;;;;
3;22;1411;16;;;;;
3;23;1475;16;;;;;
3;24;1539;16;;;;;
3;25;1603;16;;;;;
3;26;1667;16;;;;;
3;27;1731;16;;;;;
3;28;1795;16;;;;;
3;29;1859;16;;;;;
3;30;1923;16;;;;;
3;31;1987;16;;;;;
3;32;2051;16;;;;;
3;33;2115;16;;;;;
3;34;2179;16;;;;;
3;35;2243;16;;;;;
3;36;2307;16;;;;;
3;37;2371;16;;;;;
3;38;2435;384;;;;;
3;39;2499;256;;;;;
3;40;2563;256;;;;;
3;41;2627;256;;;;;
3;42;2691;288;;;;;
3;43;2755;16;;;;;
3;44;2819;16;;;;;
3;45;2883;16;;;;;
3;46;2947;16;;;;;
3;47;3011;16;;;;;
3;48;3075;16;;;;;
3;49;3139;16;;;;;
3;50;3203;16;;;;;
3;51;3267;16;;;;;
3;52;3331;16;;;;;
3;53;3395;136;;;;;
3;54;3459;0;;;;;
3;55;3523;0;;;;;
3;56;3587;0;;;;;
3;57;3651;0;;;;;
3;58;3715;0;;;;;
3;59;3779;0;;;;;
3;60;3843;0;;;;;
3;61;3907;0;;;;;
3;62;3971;0;;;;;
3;63;4035;0;;;;;
4;0;4;16;;;;;
4;1;68;16;;;;;
4;2;132;16;;;;;
4;3;196;16;;;;;
4;4;260;16;;;;;
4;5;324;16;;;;;
4;6;388;16;;;;;
4;7;452;16;;;;;
4;8;516;16;;;;;
4;9;580;16;;;;;
4;10;644;16;;;;;
4;11;708;16;;;;;
4;12;772;16;;;;;
4;13;836;16;;;;;
4;14;900;16;;;;;
4;15;964;16;;;;;
4;16;1028;16;;;;;
4;17;1092;16;;;;;
4;18;1156;16;;;;;
4;19;1220;16;;;;;
4;20;1284;16;;;;;
4;21;1348;16;;;;;
4;22;1412;16;;;;;
4;23;1476;16;;;;;
4;24;1540;16;;;;;
4;25;1604;16;;;;;
4;26;1668;16;;;;;
4;27;1732;16;;;;;
4;28;1796;16;;;;;
4;29;1860;16;;;;;
4;30;1924;16;;;;;
4;31;1988;16;;;;;
4;32;2052;16;;;;;
4;33;2116;16;;;;;
4;34;2180;16;;;;;
4;35;2244;16;;;;;
4;36;2308;16;;;;;
4;37;2372;16;;;;;
4;38;2436;16;;;;;
4;39;2500;16;;;;;
4;40;2564;16;;;;;
4;41;2628;16;;;;;
4;42;2692;16;;;;;
4;43;2756;16;;;;;
4;44;2820;16;;;;;
4;45;2884;16;;;;;
4;46;2948;16;;;;;
4;47;3012;16;;;;;
4;48;3076;16;;;;;
4;49;3140;16;;;;;
4;50;3204;16;;;;;
4;51;3268;16;;;;;
4;52;3332;16;;;;;
4;53;3396;192;;;;;
4;54;3460;0;;;;;
4;55;3524;0;;;;;
4;56;3588;0;;;;;
4;57;3652;0;;;;;
4;58;3716;0;;;;;
4;59;3780;0;;;;;
4;60;3844;0;;;;;
4;61;3908;0;;;;;
4;62;3972;0;;;;;
4;63;4036;0;;;;;
5;0;5;16;;;;;
5;1;69;16;;;;;
5;2;133;16;;;;;
5;3;197;16;;;;;
5;4;261;16;;;;;
5;5;325;16;;;;;
5;6;389;16;;;;;
5;7;453;16;;;;;
5;8;517;16;;;;;
5;9;581;16;;;;;
5;10;645;16;;;;;
5;11;709;16;;;;;
5;12;773;16;;;;;
5;13;837;16;;;;;
5;14;901;16;;;;;
5;15;965;16;;;;;
5;16;1029;16;;;;;
5;17;1093;16;;;;;
5;18;1157;16;;;;;
5;19;1221;16;;;;;
5;20;1285;16;;;;;
5;21;1349;16;;;;;
5;22;1413;16;;;;;
5;23;1477;16;;;;;
5;24;1541;16;;;;;
5;25;1605;16;;;;;
5;26;1669;16;;;;;
5;27;1733;16;;;;;
5;28;1797;16;;;;;
5;29;1861;16;;;;;
5;30;1925;16;;;;;
5;31;1989;16;;;;;
5;32;2053;16;;;;;
5;33;2117;16;;;;;
5;34;2181;16;;;;;
5;35;2245;16;;;;;
5;36;2309;16;;;;;
5;37;2373;16;;;;;
5;38;2437;16;;;;;
5;39;2501;16;;;;;
5;40;2565;16;;;;;
5;41;2629;16;;;;;
5;42;2693;16;;;;;
5;43;2757;16;;;;;
5;44;2821;16;;;;;
5;45;2885;16;;;;;
5;46;2949;16;;;;;
5;47;3013;16;;;;;
5;48;3077;16;;;;;
5;49;3141;16;;;;;
5;50;3205;16;;;;;
5;51;3269;16;;;;;
5;52;3333;192;;;;;
5;53;3397;0;;;;;
5;54;3461;0;;;;;
5;55;3525;0;;;;;
5;56;3589;0;;;;;
5;57;3653;0;;;;;
5;58;3717;0;;;;;
5;59;3781;0;;;;;
5;60;3845;0;;;;;
5;61;3909;0;;;;;
5;62;3973;0;;;;;
5;63;4037;0;;;;;
6;0;6;16;;;;;
6;1;70;16;;;;;
6;2;134;16;;;;;
6;3;198;16;;;;;
6;4;262;16;;;;;
6;5;326;16;;;;;
6;6;390;16;;;;;
6;7;454;16;;;;;
6;8;518;16;;;;;
6;9;582;16;;;;;
6;10;646;16;;;;;
6;11;710;16;;;;;
6;12;774;16;;;;;
6;13;838;16;;;;;
6;14;902;16;;;;;
6;15;966;16;;;;;
6;16;1030;16;;;;;
6;17;1094;16;;;;;
6;18;1158;16;;;;;
6;19;1222;16;;;;;
6;20;1286;16;;;;;
6;21;1350;16;;;;;
6;22;1414;16;;;;;
6;23;1478;16;;;;;
6;24;1542;16;;;;;
6;25;1606;16;;;;;
6;26;1670;16;;;;;
6;27;1734;16;;;;;
6;28;1798;16;;;;;
6;29;1862;16;;;;;
6;30;1926;16;;;;;
6;31;1990;16;;;;;
6;32;2054;16;;;;;
6;33;2118;16;;;;;
6;34;2182;16;;;;;
6;35;2246;16;;;;;
6;36;2310;16;;;;;
6;37;2374;16;;;;;
6;38;2438;16;;;;;
6;39;2502;16;;;;;
6;40;2566;16;;;;;
6;41;2630;16;;;;;
6;42;2694;16;;;;;
6;43;2758;16;;;;;
6;44;2822;16;;;;;
6;45;2886;16;;;;;
6;46;2950;16;;;;;
6;47;3014;16;;;;;
6;48;3078;16;;;;;
6;49;3142;16;;;;;
6;50;3206;16;;;;;
6;51;3270;192;;;;;
6;52;3334;0;;;;;
6;53;3398;0;;;;;
6;54;3462;0;;;;;
6;55;3526;0;;;;;
6;56;3590;0;;;;;
6;57;3654;0;;;;;
6;58;3718;0;;;;;
6;59;3782;0;;;;;
6;60;3846;0;;;;;
6;61;3910;0;;;;;
6;62;3974;0;;;;;
6;63;4038;0;;;;;
7;0;7;16;;;;;
7;1;71;16;;;;;
7;2;135;16;;;;;
7;3;199;16;;;;;
7;4;263;16;;;;;
7;5;327;16;;;;;
7;6;391;16;;;;;
7;7;455;16;;;;;
7;8;519;16;;;;;
7;9;583;16;;;;;
7;10;647;16;;;;;
7;11;711;16;;;;;
7;12;775;16;;;;;
7;13;839;16;;;;;
7;14;903;16;;;;;
7;15;967;16;;;;;
7;16;1031;16;;;;;
7;17;1095;16;;;;;
7;18;1159;16;;;;;
7;19;1223;16;;;;;
7;20;1287;16;;;;;
7;21;1351;16;;;;;
7;22;1415;16;;;;;
7;23;1479;16;;;;;
7;24;1543;16;;;;;
7;25;1607;16;;;;;
7;26;1671;16;;;;;
7;27;1735;16;;;;;
7;28;1799;16;;;;;
7;29;1863;16;;;;;
7;30;1927;16;;;;;
7;31;1991;16;;;;;
7;32;2055;16;;;;;
7;33;2119;16;;;;;
7;34;2183;16;;;;;
7;35;2247;16;;;;;
7;36;2311;16;;;;;
7;37;2375;16;;;;;
7;38;2439;16;;;;;
7;39;2503;16;;;;;
7;40;2567;16;;;;;
7;41;2631;16;;;;;
7;42;2695;16;;;;;
7;43;2759;16;;;;;
7;44;2823;16;;;;;
7;45;2887;16;;;;;
7;46;2951;16;;;;;
7;47;3015;16;;;;;
7;48;3079;16;;;;;
7;49;3143;16;;;;;
7;50;3207;192;;;;;
7;51;3271;0;;;;;
7;52;3335;0;;;;;
7;53;3399;0;;;;;
7;54;3463;0;;;;;
7;55;3527;0;;;;;
7;56;3591;0;;;;;
7;57;3655;0;;;;;
7;58;3719;0;;;;;
7;59;3783;0;;;;;
7;60;3847;0;;;;;
7;61;3911;0;;;;;
7;62;3975;0;;;;;
7;63;4039;0;;;;;
8;0;8;16;;;;;
8;1;72;16;;;;;
8;2;136;16;;;;;
8;3;200;16;;;;;
8;4;264;16;;;;;
8;5;328;16;;;;;
8;6;392;16;;;;;
8;7;456;16;;;;;
8;8;520;16;;;;;
8;9;584;16;;;;;
8;10;648;16;;;;;
8;11;712;16;;;;;
8;12;776;16;;;;;
8;13;840;16;;;;;
8;14;904;16;;;;;
8;15;968;16;;;;;
8;16;1032;16;;;;;
8;17;1096;16;;;;;
8;18;1160;16;;;;;
8;19;1224;16;;;;;
8;20;1288;16;;;;;
8;21;1352;16;;;;;
8;22;1416;16;;;;;
8;23;1480;16;;;;;
8;24;1544;16;;;;;
8;25;1608;16;;;;;
8;26;1672;16;;;;;
8;27;1736;16;;;;;
8;28;1800;16;;;;;
8;29;1864;16;;;;;
8;30;1928;16;;;;;
8;31;1992;16;;;;;
8;32;2056;16;;;;;
8;33;2120;16;;;;;
8;34;2184;16;;;;;
8;35;2248;16;;;;;
8;36;2312;16;;;;;
8;37;2376;16;;;;;
8;38;2440;16;;;;;
8;39;2504;16;;;;;
8;40;2568;16;;;;;
8;41;2632;16;;;;;
8;42;2696;16;;;;;
8;43;2760;16;;;;;
8;44;2824;16;;;;;
8;45;2888;16;;;;;
8;46;2952;16;;;;;
8;47;3016;16;;;;;
8;48;3080;16;;;;;
8;49;3144;192;;;;;
8;50;3208;0;;;;;
8;51;3272;0;;;;;
8;52;3336;0;;;;;
8;53;3400;0;;;;;
8;54;3464;0;;;;;
8;55;3528;0;;;;;
8;56;3592;0;;;;;
8;57;3656;0;;;;;
8;58;3720;0;;;;;
8;59;3784;0;;;;;
8;60;3848;0;;;;;
8;61;3912;0;;;;;
8;62;3976;0;;;;;
8;63;4040;0;;;;;
9;0;9;16;;;;;
9;1;73;16;;;;;
9;2;137;16;;;;;
9;3;201;16;;;;;
9;4;265;16;;;;;
9;5;329;16;;;;;
9;6;393;16;;;;;
9;7;457;16;;;;;
9;8;521;16;;;;;
9;9;585;16;;;;;
9;10;649;16;;;;;
9;11;713;16;;;;;
9;12;777;16;;;;;
9;13;841;16;;;;;
9;14;905;16;;;;;
9;15;969;16;;;;;
9;16;1033;16;;;;;
9;17;1097;16;;;;;
9;18;1161;16;;;;;
9;19;1225;16;;;;;
9;20;1289;16;;;;;
9;21;1353;16;;;;;
9;22;1417;16;;;;;
9;23;1481;16;;;;;
9;24;1545;16;;;;;
9;25;1609;16;;;;;
9;26;1673;16;;;;;
9;27;1737;16;;;;;
9;28;1801;16;;;;;
9;29;1865;16;;;;;
9;30;1929;16;;;;;
9;31;1993;16;;;;;
9;32;2057;16;;;;;
9;33;2121;16;;;;;
9;34;2185;16;;;;;
9;35;2249;16;;;;;
9;36;2313;16;;;;;
9;37;2377;16;;;;;
9;38;2441;16;;;;;
9;39;2505;16;;;;;
9;40;2569;16;;;;;
9;41;2633;16;;;;;
9;42;2697;16;;;;;
9;43;2761;16;;;;;
9;44;2825;16;;;;;
9;45;2889;16;;;;;
9;46;2953;16;;;;;
9;47;3017;16;;;;;
9;48;3081;192;;;;;
9;49;3145;0;;;;;
9;50;3209;0;;;;;
9;51;3273;0;;;;;
9;52;3337;0;;;;;
9;53;3401;0;;;;;
9;54;3465;0;;;;;
9;55;3529;0;;;;;
9;56;3593;0;;;;;
9;57;3657;0;;;;;
9;58;3721;0;;;;;
9;59;3785;0;;;;;
9;60;3849;0;;;;;
9;61;3913;0;;;;;
9;62;3977;0;;;;;
9;63;4041;0;;;;;
10;0;10;16;;;;;
10;1;74;16;;;;;
10;2;138;16;;;;;
10;3;202;16;;;;;
10;4;266;16;;;;;
10;5;330;16;;;;;
10;6;394;16;;;;;
10;7;458;16;;;;;
10;8;522;16;;;;;
10;9;586;16;;;;;
10;10;650;16;;;;;
10;11;714;16;;;;;
10;12;778;16;;;;;
10;13;842;16;;;;;
10;14;906;16;;;;;
10;15;970;16;;;;;
10;16;1034;16;;;;;
10;17;1098;16;;;;;
10;18;1162;16;;;;;
10;19;1226;16;;;;;
10;20;1290;16;;;;;
10;21;1354;16;;;;;
10;22;1418;16;;;;;
10;23;1482;16;;;;;
10;24;1546;16;;;;;
10;25;1610;16;;;;;
10;26;1674;16;;;;;
10;27;1738;16;;;;;
10;28;1802;16;;;;;
10;29;1866;16;;;;;
10;30;1930;16;;;;;
10;31;1994;16;;;;;
10;32;2058;16;;;;;
10;33;2122;16;;;;;
10;34;2186;16;;;;;
10;35;2250;16;;;;;
10;36;2314;16;;;;;
10;37;2378;230;;;;;
10;38;2442;17;;;;;
10;39;2506;16;;;;;
10;40;2570;16;;;;;
10;41;2634;16;;;;;
10;42;2698;16;;;;;
10;43;2762;16;;;;;
10;44;2826;16;;;;;
10;45;2890;16;;;;;
10;46;2954;16;;;;;
10;47;3018;192;;;;;
10;48;3082;0;;;;;
10;49;3146;0;;;;;
10;50;3210;0;;;;;
10;51;3274;0;;;;;
10;52;3338;0;;;;;
10;53;3402;0;;;;;
10;54;3466;0;;;;;
10;55;3530;0;;;;;
10;56;3594;0;;;;;
10;57;3658;0;;;;;
10;58;3722;0;;;;;
10;59;3786;0;;;;;
10;60;3850;0;;;;;
10;61;3914;0;;;;;
10;62;3978;0;;;;;
10;63;4042;0;;;;;
11;0;11;16;;;;;
11;1;75;16;;;;;
11;2;139;16;;;;;
11;3;203;16;;;;;
11;4;267;16;;;;;
11;5;331;16;;;;;
11;6;395;16;;;;;
11;7;459;16;;;;;
11;8;523;16;;;;;
11;9;587;16;;;;;
11;10;651;16;;;;;
11;11;715;16;;;;;
11;12;779;16;;;;;
11;13;843;16;;;;;
11;14;907;16;;;;;
11;15;971;16;;;;;
11;16;1035;16;;;;;
11;17;1099;16;;;;;
11;18;1163;16;;;;;
11;19;1227;16;;;;;
11;20;1291;16;;;;;
11;21;1355;16;;;;;
11;22;1419;16;;;;;
11;23;1483;16;;;;;
11;24;1547;16;;;;;
11;25;1611;16;;;;;
11;26;1675;16;;;;;
11;27;1739;16;;;;;
11;28;1803;16;;;;;
11;29;1867;16;;;;;
11;30;1931;16;;;;;
11;31;1995;16;;;;;
11;32;2059;16;;;;;
11;33;2123;16;;;;;
11;34;2187;16;;;;;
11;35;2251;16;;;;;
11;36;2315;16;;;;;
11;37;2379;416;;;;;
11;38;2443;16;;;;;
11;39;2507;16;;;;;
11;40;2571;16;;;;;
11;41;2635;16;;;;;
11;42;2699;16;;;;;
11;43;2763;16;;;;;
11;44;2827;16;;;;;
11;45;2891;16;;;;;
11;46;2955;192;;;;;
11;47;3019;0;;;;;
11;48;3083;0;;;;;
11;49;3147;0;;;;;
11;50;3211;0;;;;;
11;51;3275;0;;;;;
11;52;3339;0;;;;;
11;53;3403;0;;;;;
11;54;3467;0;;;;;
11;55;3531;0;;;;;
11;56;3595;0;;;;;
11;57;3659;0;;;;;
11;58;3723;0;;;;;
11;59;3787;0;;;;;
11;60;3851;0;;;;;
11;61;3915;0;;;;;
11;62;3979;0;;;;;
11;63;4043;0;;;;;
12;0;12;16;;;;;
12;1;76;16;;;;;
12;2;140;16;;;;;
12;3;204;16;;;;;
12;4;268;16;;;;;
12;5;332;16;;;;;
12;6;396;16;;;;;
12;7;460;16;;;;;
12;8;524;16;;;;;
12;9;588;16;;;;;
12;10;652;16;;;;;
12;11;716;16;;;;;
12;12;780;16;;;;;
12;13;844;16;;;;;
12;14;908;16;;;;;
12;15;972;16;;;;;
12;16;1036;16;;;;;
12;17;1100;16;;;;;
12;18;1164;16;;;;;
12;19;1228;16;;;;;
12;20;1292;16;;;;;
12;21;1356;16;;;;;
12;22;1420;16;;;;;
12;23;1484;16;;;;;
12;24;1548;16;;;;;
12;25;1612;16;;;;;
12;26;1676;16;;;;;
12;27;1740;16;;;;;
12;28;1804;16;;;;;
12;29;1868;16;;;;;
12;30;1932;16;;;;;
12;31;1996;16;;;;;
12;32;2060;16;;;;;
12;33;2124;16;;;;;
12;34;2188;16;;;;;
12;35;2252;16;;;;;
12;36;2316;16;;;;;
12;37;2380;16;;;;;
12;38;2444;16;;;;;
12;39;2508;16;;;;;
12;40;2572;16;;;;;
12;41;2636;16;;;;;
12;42;2700;192;;;;;
12;43;2764;64;;;;;
12;44;2828;64;;;;;
12;45;2892;64;;;;;
12;46;2956;0;;;;;
12;47;3020;0;;;;;
12;48;3084;0;;;;;
12;49;3148;0;;;;;
12;50;3212;0;;;;;
12;51;3276;0;;;;;
12;52;3340;0;;;;;
12;53;3404;0;;;;;
12;54;3468;0;;;;;
12;55;3532;0;;;;;
12;56;3596;0;;;;;
12;57;3660;0;;;;;
12;58;3724;0;;;;;
12;59;3788;0;;;;;
12;60;3852;0;;;;;
12;61;3916;0;;;;;
12;62;3980;0;;;;;
12;63;4044;0;;;;;
13;0;13;16;;;;;
13;1;77;16;;;;;
13;2;141;16;;;;;
13;3;205;16;;;;;
13;4;269;16;;;;;
13;5;333;16;;;;;
13;6;397;16;;;;;
13;7;461;16;;;;;
13;8;525;16;;;;;
13;9;589;16;;;;;
13;10;653;16;;;;;
13;11;717;16;;;;;
13;12;781;16;;;;;
13;13;845;16;;;;;
13;14;909;16;;;;;
13;15;973;16;;;;;
13;16;1037;16;;;;;
13;17;1101;16;;;;;
13;18;1165;16;;;;;
13;19;1229;16;;;;;
13;20;1293;16;;;;;
13;21;1357;16;;;;;
13;22;1421;16;;;;;
13;23;1485;16;;;;;
13;24;1549;16;;;;;
13;25;1613;16;;;;;
13;26;1677;16;;;;;
13;27;1741;16;;;;;
13;28;1805;16;;;;;
13;29;1869;16;;;;;
13;30;1933;16;;;;;
13;31;1997;16;;;;;
13;32;2061;16;;;;;
13;33;2125;16;;;;;
13;34;2189;16;;;;;
13;35;2253;16;;;;;
13;36;2317;16;;;;;
13;37;2381;16;;;;;
13;38;2445;16;;;;;
13;39;2509;16;;;;;
13;40;2573;192;;;;;
13;41;2637;64;;;;;
13;42;2701;0;;;;;
13;43;2765;0;;;;;
13;44;2829;0;;;;;
13;45;2893;0;;;;;
13;46;2957;0;;;;;
13;47;3021;0;;;;;
13;48;3085;0;;;;;
13;49;3149;0;;;;;
13;50;3213;0;;;;;
13;51;3277;0;;;;;
13;52;3341;0;;;;;
13;53;3405;0;;;;;
13;54;3469;0;;;;;
13;55;3533;0;;;;;
13;56;3597;0;;;;;
13;57;3661;0;;;;;
13;58;3725;0;;;;;
13;59;3789;0;;;;;
13;60;3853;0;;;;;
13;61;3917;0;;;;;
13;62;3981;0;;;;;
13;63;4045;0;;;;;
14;0;14;16;;;;;
14;1;78;16;;;;;
14;2;142;16;;;;;
14;3;206;16;;;;;
14;4;270;16;;;;;
14;5;334;16;;;;;
14;6;398;16;;;;;
14;7;462;16;;;;;
14;8;526;16;;;;;
14;9;590;16;;;;;
14;10;654;16;;;;;
14;11;718;16;;;;;
14;12;782;16;;;;;
14;13;846;16;;;;;
14;14;910;16;;;;;
14;15;974;16;;;;;
14;16;1038;16;;;;;
14;17;1102;16;;;;;
14;18;1166;16;;;;;
14;19;1230;16;;;;;
14;20;1294;16;;;;;
14;21;1358;16;;;;;
14;22;1422;16;;;;;
14;23;1486;16;;;;;
14;24;1550;16;;;;;
14;25;1614;16;;;;;
14;26;1678;16;;;;;
14;27;1742;16;;;;;
14;28;1806;16;;;;;
14;29;1870;192;;;;;
14;30;1934;64;;;;;
14;31;1998;64;;;;;
14;32;2062;64;;;;;
14;33;2126;96;;;;;
14;34;2190;16;;;;;
14;35;2254;16;;;;;
14;36;2318;228;;;;;
14;37;2382;17;;;;;
14;38;2446;194;;;;;
14;39;2510;64;;;;;
14;40;2574;0;;;;;
14;41;2638;0;;;;;
14;42;2702;0;;;;;
14;43;2766;0;;;;;
14;44;2830;0;;;;;
14;45;2894;0;;;;;
14;46;2958;0;;;;;
14;47;3022;0;;;;;
14;48;3086;0;;;;;
14;49;3150;0;;;;;
14;50;3214;0;;;;;
14;51;3278;0;;;;;
14;52;3342;0;;;;;
14;53;3406;0;;;;;
14;54;3470;0;;;;;
14;55;3534;0;;;;;
14;56;3598;0;;;;;
14;57;3662;0;;;;;
14;58;3726;0;;;;;
14;59;3790;0;;;;;
14;60;3854;0;;;;;
14;61;3918;0;;;;;
14;62;3982;0;;;;;
14;63;4046;0;;;;;
15;0;15;16;;;;;
15;1;79;16;;;;;
15;2;143;16;;;;;
15;3;207;16;;;;;
15;4;271;16;;;;;
15;5;335;16;;;;;
15;6;399;16;;;;;
15;7;463;16;;;;;
15;8;527;16;;;;;
15;9;591;16;;;;;
15;10;655;16;;;;;
15;11;719;16;;;;;
15;12;783;16;;;;;
15;13;847;16;;;;;
15;14;911;16;;;;;
15;15;975;16;;;;;
15;16;1039;16;;;;;
15;17;1103;16;;;;;
15;18;1167;16;;;;;
15;19;1231;16;;;;;
15;20;1295;16;;;;;
15;21;1359;16;;;;;
15;22;1423;16;;;;;
15;23;1487;16;;;;;
15;24;1551;16;;;;;
15;25;1615;16;;;;;
15;26;1679;16;;;;;
15;27;1743;16;;;;;
15;28;1807;16;;;;;
15;29;1871;128;;;;;
15;30;1935;0;;;;;
15;31;1999;0;;;;;
15;32;2063;0;;;;;
15;33;2127;0;;;;;
15;34;2191;64;;;;;
15;35;2255;64;;;;;
15;36;2319;32;;;;;
15;37;2383;16;;;;;
15;38;2447;128;;;;;
15;39;2511;0;;;;;
15;40;2575;0;;;;;
15;41;2639;0;;;;;
15;42;2703;0;;;;;
15;43;2767;0;;;;;
15;44;2831;0;;;;;
15;45;2895;0;;;;;
15;46;2959;0;;;;;
15;47;3023;0;;;;;
15;48;3087;0;;;;;
15;49;3151;0;;;;;
15;50;3215;0;;;;;
15;51;3279;0;;;;;
15;52;3343;0;;;;;
15;53;3407;0;;;;;
15;54;3471;0;;;;;
15;55;3535;0;;;;;
15;56;3599;0;;;;;
15;57;3663;0;;;;;
15;58;3727;0;;;;;
15;59;3791;0;;;;;
15;60;3855;0;;;;;
15;61;3919;0;;;;;
15;62;3983;0;;;;;
15;63;4047;0;;;;;
16;0;16;16;;;;;
16;1;80;16;;;;;
16;2;144;16;;;;;
16;3;208;16;;;;;
16;4;272;16;;;;;
16;5;336;16;;;;;
16;6;400;16;;;;;
16;7;464;16;;;;;
16;8;528;16;;;;;
16;9;592;16;;;;;
16;10;656;16;;;;;
16;11;720;16;;;;;
16;12;784;16;;;;;
16;13;848;16;;;;;
16;14;912;16;;;;;
16;15;976;16;;;;;
16;16;1040;16;;;;;
16;17;1104;16;;;;;
16;18;1168;16;;;;;
16;19;1232;16;;;;;
16;20;1296;16;;;;;
16;21;1360;16;;;;;
16;22;1424;16;;;;;
16;23;1488;16;;;;;
16;24;1552;16;;;;;
16;25;1616;16;;;;;
16;26;1680;16;;;;;
16;27;1744;16;;;;;
16;28;1808;192;;;;;
16;29;1872;0;;;;;
16;30;1936;0;;;;;
16;31;2000;0;;;;;
16;32;2064;0;;;;;
16;33;2128;0;;;;;
16;34;2192;0;;;;;
16;35;2256;0;;;;;
16;36;2320;0;;;;;
16;37;2384;64;;;;;
16;38;2448;0;;;;;
16;39;2512;0;;;;;
16;40;2576;0;;;;;
16;41;2640;0;;;;;
16;42;2704;0;;;;;
16;43;2768;0;;;;;
16;44;2832;0;;;;;
16;45;2896;0;;;;;
16;46;2960;0;;;;;
16;47;3024;0;;;;;
16;48;3088;0;;;;;
16;49;3152;0;;;;;
16;50;3216;0;;;;;
16;51;3280;0;;;;;
16;52;3344;0;;;;;
16;53;3408;0;;;;;
16;54;3472;0;;;;;
16;55;3536;0;;;;;
16;56;3600;0;;;;;
16;57;3664;0;;;;;
16;58;3728;0;;;;;
16;59;3792;0;;;;;
16;60;3856;0;;;;;
16;61;3920;0;;;;;
16;62;3984;0;;;;;
16;63;4048;0;;;;;
17;0;17;16;;;;;
17;1;81;16;;;;;
17;2;145;16;;;;;
17;3;209;16;;;;;
17;4;273;16;;;;;
17;5;337;16;;;;;
17;6;401;16;;;;;
17;7;465;16;;;;;
17;8;529;16;;;;;
17;9;593;16;;;;;
17;10;657;16;;;;;
17;11;721;16;;;;;
17;12;785;16;;;;;
17;13;849;16;;;;;
17;14;913;16;;;;;
17;15;977;16;;;;;
17;16;1041;16;;;;;
17;17;1105;16;;;;;
17;18;1169;16;;;;;
17;19;1233;16;;;;;
17;20;1297;16;;;;;
17;21;1361;16;;;;;
17;22;1425;16;;;;;
17;23;1489;16;;;;;
17;24;1553;16;;;;;
17;25;1617;16;;;;;
17;26;1681;16;;;;;
17;27;1745;16;;;;;
17;28;1809;128;;;;;
17;29;1873;0;;;;;
17;30;1937;0;;;;;
17;31;2001;0;;;;;
17;32;2065;0;;;;;
17;33;2129;0;;;;;
17;34;2193;0;;;;;
17;35;2257;0;;;;;
17;36;2321;0;;;;;
17;37;2385;0;;;;;
17;38;2449;0;;;;;
17;39;2513;0;;;;;
17;40;2577;0;;;;;
17;41;2641;0;;;;;
17;42;2705;0;;;;;
17;43;2769;0;;;;;
17;44;2833;0;;;;;
17;45;2897;0;;;;;
17;46;2961;0;;;;;
17;47;3025;0;;;;;
17;48;3089;0;;;;;
17;49;3153;0;;;;;
17;50;3217;0;;;;;
17;51;3281;0;;;;;
17;52;3345;0;;;;;
17;53;3409;0;;;;;
17;54;3473;0;;;;;
17;55;3537;0;;;;;
17;56;3601;0;;;;;
17;57;3665;0;;;;;
17;58;3729;0;;;;;
17;59;3793;0;;;;;
17;60;3857;0;;;;;
17;61;3921;0;;;;;
17;62;3985;0;;;;;
17;63;4049;0;;;;;
18;0;18;16;;;;;
18;1;82;16;;;;;
18;2;146;16;;;;;
18;3;210;16;;;;;
18;4;274;16;;;;;
18;5;338;16;;;;;
18;6;402;16;;;;;
18;7;466;16;;;;;
18;8;530;16;;;;;
18;9;594;16;;;;;
18;10;658;16;;;;;
18;11;722;16;;;;;
18;12;786;16;;;;;
18;13;850;16;;;;;
18;14;914;16;;;;;
18;15;978;16;;;;;
18;16;1042;16;;;;;
18;17;1106;16;;;;;
18;18;1170;16;;;;;
18;19;1234;16;;;;;
18;20;1298;16;;;;;
18;21;1362;16;;;;;
18;22;1426;16;;;;;
18;23;1490;16;;;;;
18;24;1554;16;;;;;
18;25;1618;16;;;;;
18;26;1682;16;;;;;
18;27;1746;16;;;;;
18;28;1810;128;;;;;
18;29;1874;0;;;;;
18;30;1938;0;;;;;
18;31;2002;0;;;;;
18;32;2066;0;;;;;
18;33;2130;0;;;;;
18;34;2194;0;;;;;
18;35;2258;0;;;;;
18;36;2322;0;;;;;
18;37;2386;0;;;;;
18;38;2450;0;;;;;
18;39;2514;0;;;;;
18;40;2578;0;;;;;
18;41;2642;0;;;;;
18;42;2706;0;;;;;
18;43;2770;0;;;;;
18;44;2834;0;;;;;
18;45;2898;0;;;;;
18;46;2962;0;;;;;
18;47;3026;0;;;;;
18;48;3090;0;;;;;
18;49;3154;0;;;;;
18;50;3218;0;;;;;
18;51;3282;0;;;;;
18;52;3346;0;;;;;
18;53;3410;0;;;;;
18;54;3474;0;;;;;
18;55;3538;0;;;;;
18;56;3602;0;;;;;
18;57;3666;0;;;;;
18;58;3730;0;;;;;
18;59;3794;0;;;;;
18;60;3858;0;;;;;
18;61;3922;0;;;;;
18;62;3986;0;;;;;
18;63;4050;0;;;;;
19;0;19;16;;;;;
19;1;83;16;;;;;
19;2;147;16;;;;;
19;3;211;16;;;;;
19;4;275;16;;;;;
19;5;339;16;;;;;
19;6;403;16;;;;;
19;7;467;16;;;;;
19;8;531;16;;;;;
19;9;595;16;;;;;
19;10;659;16;;;;;
19;11;723;16;;;;;
19;12;787;16;;;;;
19;13;851;16;;;;;
19;14;915;16;;;;;
19;15;979;16;;;;;
19;16;1043;16;;;;;
19;17;1107;16;;;;;
19;18;1171;16;;;;;
19;19;1235;16;;;;;
19;20;1299;16;;;;;
19;21;1363;16;;;;;
19;22;1427;16;;;;;
19;23;1491;16;;;;;
19;24;1555;16;;;;;
19;25;1619;16;;;;;
19;26;1683;16;;;;;
19;27;1747;16;;;;;
19;28;1811;384;;;;;
19;29;1875;0;;;;;
19;30;1939;0;;;;;
19;31;2003;0;;;;;
19;32;2067;0;;;;;
19;33;2131;0;;;;;
19;34;2195;0;;;;;
19;35;2259;0;;;;;
19;36;2323;0;;;;;
19;37;2387;0;;;;;
19;38;2451;0;;;;;
19;39;2515;0;;;;;
19;40;2579;0;;;;;
19;41;2643;0;;;;;
19;42;2707;0;;;;;
19;43;2771;0;;;;;
19;44;2835;0;;;;;
19;45;2899;0;;;;;
19;46;2963;0;;;;;
19;47;3027;0;;;;;
19;48;3091;0;;;;;
19;49;3155;0;;;;;
19;50;3219;0;;;;;
19;51;3283;0;;;;;
19;52;3347;0;;;;;
19;53;3411;0;;;;;
19;54;3475;0;;;;;
19;55;3539;0;;;;;
19;56;3603;0;;;;;
19;57;3667;0;;;;;
19;58;3731;0;;;;;
19;59;3795;0;;;;;
19;60;3859;0;;;;;
19;61;3923;0;;;;;
19;62;3987;0;;;;;
19;63;4051;0;;;;;
20;0;20;16;;;;;
20;1;84;16;;;;;
20;2;148;16;;;;;
20;3;212;16;;;;;
20;4;276;16;;;;;
20;5;340;16;;;;;
20;6;404;16;;;;;
20;7;468;16;;;;;
20;8;532;16;;;;;
20;9;596;16;;;;;
20;10;660;16;;;;;
20;11;724;16;;;;;
20;12;788;16;;;;;
20;13;852;16;;;;;
20;14;916;16;;;;;
20;15;980;16;;;;;
20;16;1044;16;;;;;
20;17;1108;16;;;;;
20;18;1172;16;;;;;
20;19;1236;16;;;;;
20;20;1300;16;;;;;
20;21;1364;16;;;;;
20;22;1428;16;;;;;
20;23;1492;16;;;;;
20;24;1556;16;;;;;
20;25;1620;16;;;;;
20;26;1684;16;;;;;
20;27;1748;16;;;;;
20;28;1812;17;;;;;
20;29;1876;128;;;;;
20;30;1940;0;;;;;
20;31;2004;0;;;;;
20;32;2068;0;;;;;
20;33;2132;0;;;;;
20;34;2196;0;;;;;
20;35;2260;0;;;;;
20;36;2324;0;;;;;
20;37;2388;0;;;;;
20;38;2452;0;;;;;
20;39;2516;256;;;;;
20;40;2580;256;;;;;
20;41;2644;256;;;;;
20;42;2708;256;;;;;
20;43;2772;256;;;;;
20;44;2836;0;;;;;
20;45;2900;0;;;;;
20;46;2964;0;;;;;
20;47;3028;0;;;;;
20;48;3092;0;;;;;
20;49;3156;0;;;;;
20;50;3220;0;;;;;
20;51;3284;0;;;;;
20;52;3348;0;;;;;
20;53;3412;0;;;;;
20;54;3476;0;;;;;
20;55;3540;0;;;;;
20;56;3604;0;;;;;
20;57;3668;0;;;;;
20;58;3732;0;;;;;
20;59;3796;0;;;;;
20;60;3860;0;;;;;
20;61;3924;0;;;;;
20;62;3988;0;;;;;
20;63;4052;0;;;;;
21;0;21;16;;;;;
21;1;85;16;;;;;
21;2;149;16;;;;;
21;3;213;16;;;;;
21;4;277;16;;;;;
21;5;341;16;;;;;
21;6;405;16;;;;;
21;7;469;16;;;;;
21;8;533;16;;;;;
21;9;597;16;;;;;
21;10;661;16;;;;;
21;11;725;16;;;;;
21;12;789;16;;;;;
21;13;853;16;;;;;
21;14;917;16;;;;;
21;15;981;16;;;;;
21;16;1045;16;;;;;
21;17;1109;16;;;;;
21;18;1173;16;;;;;
21;19;1237;16;;;;;
21;20;1301;16;;;;;
21;21;1365;16;;;;;
21;22;1429;16;;;;;
21;23;1493;16;;;;;
21;24;1557;16;;;;;
21;25;1621;16;;;;;
21;26;1685;16;;;;;
21;27;1749;16;;;;;
21;28;1813;16;;;;;
21;29;1877;384;;;;;
21;30;1941;0;;;;;
21;31;2005;0;;;;;
21;32;2069;0;;;;;
21;33;2133;0;;;;;
21;34;2197;0;;;;;
21;35;2261;256;;;;;
21;36;2325;256;;;;;
21;37;2389;256;;;;;
21;38;2453;288;;;;;
21;39;2517;16;;;;;
21;40;2581;16;;;;;
21;41;2645;16;;;;;
21;42;2709;16;;;;;
21;43;2773;16;;;;;
21;44;2837;128;;;;;
21;45;2901;256;;;;;
21;46;2965;0;;;;;
21;47;3029;0;;;;;
21;48;3093;0;;;;;
21;49;3157;0;;;;;
21;50;3221;0;;;;;
21;51;3285;0;;;;;
21;52;3349;0;;;;;
21;53;3413;0;;;;;
21;54;3477;0;;;;;
21;55;3541;0;;;;;
21;56;3605;0;;;;;
21;57;3669;0;;;;;
21;58;3733;0;;;;;
21;59;3797;0;;;;;
21;60;3861;0;;;;;
21;61;3925;0;;;;;
21;62;3989;0;;;;;
21;63;4053;0;;;;;
22;0;22;16;;;;;
22;1;86;16;;;;;
22;2;150;16;;;;;
22;3;214;16;;;;;
22;4;278;16;;;;;
22;5;342;16;;;;;
22;6;406;16;;;;;
22;7;470;16;;;;;
22;8;534;16;;;;;
22;9;598;16;;;;;
22;10;662;16;;;;;
22;11;726;16;;;;;
22;12;790;16;;;;;
22;13;854;16;;;;;
22;14;918;16;;;;;
22;15;982;16;;;;;
22;16;1046;16;;;;;
22;17;1110;16;;;;;
22;18;1174;16;;;;;
22;19;1238;16;;;;;
22;20;1302;16;;;;;
22;21;1366;16;;;;;
22;22;1430;16;;;;;
22;23;1494;16;;;;;
22;24;1558;16;;;;;
22;25;1622;16;;;;;
22;26;1686;16;;;;;
22;27;1750;16;;;;;
22;28;1814;16;;;;;
22;29;1878;16;;;;;
22;30;1942;384;;;;;
22;31;2006;0;;;;;
22;32;2070;0;;;;;
22;33;2134;0;;;;;
22;34;2198;32;;;;;
22;35;2262;16;;;;;
22;36;2326;16;;;;;
22;37;2390;16;;;;;
22;38;2454;16;;;;;
22;39;2518;16;;;;;
22;40;2582;16;;;;;
22;41;2646;16;;;;;
22;42;2710;16;;;;;
22;43;2774;198;;;;;
22;44;2838;288;;;;;
22;45;2902;17;;;;;
22;46;2966;384;;;;;
22;47;3030;0;;;;;
22;48;3094;0;;;;;
22;49;3158;0;;;;;
22;50;3222;0;;;;;
22;51;3286;0;;;;;
22;52;3350;0;;;;;
22;53;3414;0;;;;;
22;54;3478;0;;;;;
22;55;3542;0;;;;;
22;56;3606;0;;;;;
22;57;3670;0;;;;;
22;58;3734;0;;;;;
22;59;3798;0;;;;;
22;60;3862;0;;;;;
22;61;3926;0;;;;;
22;62;3990;0;;;;;
22;63;4054;0;;;;;
23;0;23;16;;;;;
23;1;87;16;;;;;
23;2;151;16;;;;;
23;3;215;16;;;;;
23;4;279;16;;;;;
23;5;343;16;;;;;
23;6;407;16;;;;;
23;7;471;16;;;;;
23;8;535;16;;;;;
23;9;599;16;;;;;
23;10;663;16;;;;;
23;11;727;16;;;;;
23;12;791;16;;;;;
23;13;855;16;;;;;
23;14;919;16;;;;;
23;15;983;16;;;;;
23;16;1047;16;;;;;
23;17;1111;16;;;;;
23;18;1175;16;;;;;
23;19;1239;16;;;;;
23;20;1303;16;;;;;
23;21;1367;16;;;;;
23;22;1431;16;;;;;
23;23;1495;16;;;;;
23;24;1559;16;;;;;
23;25;1623;16;;;;;
23;26;1687;16;;;;;
23;27;1751;16;;;;;
23;28;1815;16;;;;;
23;29;1879;16;;;;;
23;30;1943;16;;;;;
23;31;2007;384;;;;;
23;32;2071;0;;;;;
23;33;2135;0;;;;;
23;34;2199;288;;;;;
23;35;2263;16;;;;;
23;36;2327;16;;;;;
23;37;2391;16;;;;;
23;38;2455;16;;;;;
23;39;2519;16;;;;;
23;40;2583;16;;;;;
23;41;2647;16;;;;;
23;42;2711;16;;;;;
23;43;2775;416;;;;;
23;44;2839;16;;;;;
23;45;2903;16;;;;;
23;46;2967;16;;;;;
23;47;3031;384;;;;;
23;48;3095;0;;;;;
23;49;3159;0;;;;;
23;50;3223;0;;;;;
23;51;3287;0;;;;;
23;52;3351;0;;;;;
23;53;3415;0;;;;;
23;54;3479;0;;;;;
23;55;3543;0;;;;;
23;56;3607;0;;;;;
23;57;3671;0;;;;;
23;58;3735;0;;;;;
23;59;3799;0;;;;;
23;60;3863;0;;;;;
23;61;3927;0;;;;;
23;62;3991;0;;;;;
23;63;4055;0;;;;;
24;0;24;16;;;;;
24;1;88;16;;;;;
24;2;152;16;;;;;
24;3;216;16;;;;;
24;4;280;16;;;;;
24;5;344;16;;;;;
24;6;408;16;;;;;
24;7;472;16;;;;;
24;8;536;16;;;;;
24;9;600;16;;;;;
24;10;664;16;;;;;
24;11;728;16;;;;;
24;12;792;16;;;;;
24;13;856;16;;;;;
24;14;920;16;;;;;
24;15;984;16;;;;;
24;16;1048;16;;;;;
24;17;1112;16;;;;;
24;18;1176;16;;;;;
24;19;1240;16;;;;;
24;20;1304;16;;;;;
24;21;1368;16;;;;;
24;22;1432;16;;;;;
24;23;1496;16;;;;;
24;24;1560;16;;;;;
24;25;1624;16;;;;;
24;26;1688;16;;;;;
24;27;1752;16;;;;;
24;28;1816;16;;;;;
24;29;1880;16;;;;;
24;30;1944;16;;;;;
24;31;2008;16;;;;;
24;32;2072;384;;;;;
24;33;2136;296;;;;;
24;34;2200;16;;;;;
24;35;2264;16;;;;;
24;36;2328;230;;;;;
24;37;2392;17;;;;;
24;38;2456;16;;;;;
24;39;2520;16;;;;;
24;40;2584;16;;;;;
24;41;2648;16;;;;;
24;42;2712;16;;;;;
24;43;2776;16;;;;;
24;44;2840;16;;;;;
24;45;2904;16;;;;;
24;46;2968;16;;;;;
24;47;3032;16;;;;;
24;48;3096;128;;;;;
24;49;3160;0;;;;;
24;50;3224;0;;;;;
24;51;3288;0;;;;;
24;52;3352;0;;;;;
24;53;3416;0;;;;;
24;54;3480;0;;;;;
24;55;3544;0;;;;;
24;56;3608;0;;;;;
24;57;3672;0;;;;;
24;58;3736;0;;;;;
24;59;3800;0;;;;;
24;60;3864;0;;;;;
24;61;3928;0;;;;;
24;62;3992;0;;;;;
24;63;4056;0;;;;;
25;0;25;16;;;;;
25;1;89;16;;;;;
25;2;153;16;;;;;
25;3;217;16;;;;;
25;4;281;16;;;;;
25;5;345;16;;;;;
25;6;409;16;;;;;
25;7;473;16;;;;;
25;8;537;16;;;;;
25;9;601;16;;;;;
25;10;665;16;;;;;
25;11;729;16;;;;;
25;12;793;16;;;;;
25;13;857;16;;;;;
25;14;921;16;;;;;
25;15;985;16;;;;;
25;16;1049;16;;;;;
25;17;1113;16;;;;;
25;18;1177;16;;;;;
25;19;1241;16;;;;;
25;20;1305;16;;;;;
25;21;1369;16;;;;;
25;22;1433;16;;;;;
25;23;1497;16;;;;;
25;24;1561;16;;;;;
25;25;1625;16;;;;;
25;26;1689;16;;;;;
25;27;1753;16;;;;;
25;28;1817;16;;;;;
25;29;1881;16;;;;;
25;30;1945;16;;;;;
25;31;2009;16;;;;;
25;32;2073;16;;;;;
25;33;2137;16;;;;;
25;34;2201;16;;;;;
25;35;2265;16;;;;;
25;36;2329;416;;;;;
25;37;2393;16;;;;;
25;38;2457;16;;;;;
25;39;2521;16;;;;;
25;40;2585;16;;;;;
25;41;2649;16;;;;;
25;42;2713;16;;;;;
25;43;2777;16;;;;;
25;44;2841;16;;;;;
25;45;2905;16;;;;;
25;46;2969;16;;;;;
25;47;3033;16;;;;;
25;48;3097;384;;;;;
25;49;3161;0;;;;;
25;50;3225;0;;;;;
25;51;3289;0;;;;;
25;52;3353;0;;;;;
25;53;3417;0;;;;;
25;54;3481;0;;;;;
25;55;3545;0;;;;;
25;56;3609;0;;;;;
25;57;3673;0;;;;;
25;58;3737;0;;;;;
25;59;3801;0;;;;;
25;60;3865;0;;;;;
25;61;3929;0;;;;;
25;62;3993;0;;;;;
25;63;4057;0;;;;;
26;0;26;16;;;;;
26;1;90;16;;;;;
26;2;154;16;;;;;
26;3;218;16;;;;;
26;4;282;16;;;;;
26;5;346;16;;;;;
26;6;410;16;;;;;
26;7;474;16;;;;;
26;8;538;16;;;;;
26;9;602;16;;;;;
26;10;666;16;;;;;
26;11;730;16;;;;;
26;12;794;16;;;;;
26;13;858;16;;;;;
26;14;922;16;;;;;
26;15;986;16;;;;;
26;16;1050;16;;;;;
26;17;1114;16;;;;;
26;18;1178;16;;;;;
26;19;1242;16;;;;;
26;20;1306;16;;;;;
26;21;1370;16;;;;;
26;22;1434;16;;;;;
26;23;1498;16;;;;;
26;24;1562;16;;;;;
26;25;1626;16;;;;;
26;26;1690;16;;;;;
26;27;1754;16;;;;;
26;28;1818;16;;;;;
26;29;1882;16;;;;;
26;30;1946;16;;;;;
26;31;2010;16;;;;;
26;32;2074;16;;;;;
26;33;2138;16;;;;;
26;34;2202;16;;;;;
26;35;2266;16;;;;;
26;36;2330;16;;;;;
26;37;2394;16;;;;;
26;38;2458;16;;;;;
26;39;2522;16;;;;;
26;40;2586;16;;;;;
26;41;2650;16;;;;;
26;42;2714;16;;;;;
26;43;2778;16;;;;;
26;44;2842;16;;;;;
26;45;2906;16;;;;;
26;46;2970;16;;;;;
26;47;3034;16;;;;;
26;48;3098;16;;;;;
26;49;3162;128;;;;;
26;50;3226;0;;;;;
26;51;3290;0;;;;;
26;52;3354;0;;;;;
26;53;3418;0;;;;;
26;54;3482;0;;;;;
26;55;3546;0;;;;;
26;56;3610;0;;;;;
26;57;3674;0;;;;;
26;58;3738;0;;;;;
26;59;3802;0;;;;;
26;60;3866;0;;;;;
26;61;3930;0;;;;;
26;62;3994;0;;;;;
26;63;4058;0;;;;;
27;0;27;16;;;;;
27;1;91;16;;;;;
27;2;155;16;;;;;
27;3;219;16;;;;;
27;4;283;16;;;;;
27;5;347;16;;;;;
27;6;411;16;;;;;
27;7;475;16;;;;;
27;8;539;16;;;;;
27;9;603;16;;;;;
27;10;667;16;;;;;
27;11;731;16;;;;;
27;12;795;16;;;;;
27;13;859;16;;;;;
27;14;923;16;;;;;
27;15;987;16;;;;;
27;16;1051;16;;;;;
27;17;1115;16;;;;;
27;18;1179;16;;;;;
27;19;1243;16;;;;;
27;20;1307;16;;;;;
27;21;1371;16;;;;;
27;22;1435;16;;;;;
27;23;1499;16;;;;;
27;24;1563;16;;;;;
27;25;1627;16;;;;;
27;26;1691;16;;;;;
27;27;1755;16;;;;;
27;28;1819;16;;;;;
27;29;1883;16;;;;;
27;30;1947;16;;;;;
27;31;2011;16;;;;;
27;32;2075;16;;;;;
27;33;2139;16;;;;;
27;34;2203;16;;;;;
27;35;2267;16;;;;;
27;36;2331;16;;;;;
27;37;2395;16;;;;;
27;38;2459;16;;;;;
27;39;2523;16;;;;;
27;40;2587;16;;;;;
27;41;2651;16;;;;;
27;42;2715;16;;;;;
27;43;2779;16;;;;;
27;44;2843;16;;;;;
27;45;2907;16;;;;;
27;46;2971;16;;;;;
27;47;3035;16;;;;;
27;48;3099;16;;;;;
27;49;3163;384;;;;;
27;50;3227;0;;;;;
27;51;3291;0;;;;;
27;52;3355;0;;;;;
27;53;3419;0;;;;;
27;54;3483;0;;;;;
27;55;3547;0;;;;;
27;56;3611;0;;;;;
27;57;3675;0;;;;;
27;58;3739;0;;;;;
27;59;3803;0;;;;;
27;60;3867;0;;;;;
27;61;3931;0;;;;;
27;62;3995;0;;;;;
27;63;4059;0;;;;;
28;0;28;16;;;;;
28;1;92;16;;;;;
28;2;156;16;;;;;
28;3;220;16;;;;;
28;4;284;16;;;;;
28;5;348;16;;;;;
28;6;412;16;;;;;
28;7;476;16;;;;;
28;8;540;16;;;;;
28;9;604;16;;;;;
28;10;668;16;;;;;
28;11;732;16;;;;;
28;12;796;16;;;;;
28;13;860;16;;;;;
28;14;924;16;;;;;
28;15;988;16;;;;;
28;16;1052;16;;;;;
28;17;1116;16;;;;;
28;18;1180;16;;;;;
28;19;1244;16;;;;;
28;20;1308;16;;;;;
28;21;1372;16;;;;;
28;22;1436;16;;;;;
28;23;1500;16;;;;;
28;24;1564;16;;;;;
28;25;1628;16;;;;;
28;26;1692;16;;;;;
28;27;1756;16;;;;;
28;28;1820;16;;;;;
28;29;1884;16;;;;;
28;30;1948;16;;;;;
28;31;2012;16;;;;;
28;32;2076;16;;;;;
28;33;2140;16;;;;;
28;34;2204;16;;;;;
28;35;2268;16;;;;;
28;36;2332;16;;;;;
28;37;2396;16;;;;;
28;38;2460;16;;;;;
28;39;2524;16;;;;;
28;40;2588;16;;;;;
28;41;2652;16;;;;;
28;42;2716;16;;;;;
28;43;2780;16;;;;;
28;44;2844;16;;;;;
28;45;2908;16;;;;;
28;46;2972;16;;;;;
28;47;3036;16;;;;;
28;48;3100;16;;;;;
28;49;3164;16;;;;;
28;50;3228;128;;;;;
28;51;3292;0;;;;;
28;52;3356;0;;;;;
28;53;3420;0;;;;;
28;54;3484;0;;;;;
28;55;3548;0;;;;;
28;56;3612;0;;;;;
28;57;3676;0;;;;;
28;58;3740;0;;;;;
28;59;3804;0;;;;;
28;60;3868;0;;;;;
28;61;3932;0;;;;;
28;62;3996;0;;;;;
28;63;4060;0;;;;;
29;0;29;16;;;;;
29;1;93;16;;;;;
29;2;157;16;;;;;
29;3;221;16;;;;;
29;4;285;16;;;;;
29;5;349;16;;;;;
29;6;413;16;;;;;
29;7;477;16;;;;;
29;8;541;16;;;;;
29;9;605;16;;;;;
29;10;669;16;;;;;
29;11;733;16;;;;;
29;12;797;16;;;;;
29;13;861;16;;;;;
29;14;925;16;;;;;
29;15;989;16;;;;;
29;16;1053;16;;;;;
29;17;1117;16;;;;;
29;18;1181;16;;;;;
29;19;1245;16;;;;;
29;20;1309;16;;;;;
29;21;1373;16;;;;;
29;22;1437;16;;;;;
29;23;1501;16;;;;;
29;24;1565;16;;;;;
29;25;1629;16;;;;;
29;26;1693;16;;;;;
29;27;1757;16;;;;;
29;28;1821;16;;;;;
29;29;1885;16;;;;;
29;30;1949;16;;;;;
29;31;2013;16;;;;;
29;32;2077;16;;;;;
29;33;2141;16;;;;;
29;34;2205;16;;;;;
29;35;2269;16;;;;;
29;36;2333;16;;;;;
29;37;2397;16;;;;;
29;38;2461;16;;;;;
29;39;2525;16;;;;;
29;40;2589;16;;;;;
29;41;2653;16;;;;;
29;42;2717;16;;;;;
29;43;2781;16;;;;;
29;44;2845;16;;;;;
29;45;2909;16;;;;;
29;46;2973;16;;;;;
29;47;3037;16;;;;;
29;48;3101;16;;;;;
29;49;3165;16;;;;;
29;50;3229;384;;;;;
29;51;3293;0;;;;;
29;52;3357;0;;;;;
29;53;3421;0;;;;;
29;54;3485;0;;;;;
29;55;3549;0;;;;;
29;56;3613;0;;;;;
29;57;3677;0;;;;;
29;58;3741;0;;;;;
29;59;3805;0;;;;;
29;60;3869;0;;;;;
29;61;3933;0;;;;;
29;62;3997;0;;;;;
29;63;4061;0;;;;;
30;0;30;16;;;;;
30;1;94;16;;;;;
30;2;158;16;;;;;
30;3;222;16;;;;;
30;4;286;16;;;;;
30;5;350;16;;;;;
30;6;414;16;;;;;
30;7;478;16;;;;;
30;8;542;16;;;;;
30;9;606;16;;;;;
30;10;670;16;;;;;
30;11;734;16;;;;;
30;12;798;16;;;;;
30;13;862;16;;;;;
30;14;926;16;;;;;
30;15;990;16;;;;;
30;16;1054;16;;;;;
30;17;1118;16;;;;;
30;18;1182;16;;;;;
30;19;1246;16;;;;;
30;20;1310;16;;;;;
30;21;1374;16;;;;;
30;22;1438;16;;;;;
30;23;1502;16;;;;;
30;24;1566;16;;;;;
30;25;1630;16;;;;;
30;26;1694;16;;;;;
30;27;1758;16;;;;;
30;28;1822;16;;;;;
30;29;1886;16;;;;;
30;30;1950;16;;;;;
30;31;2014;16;;;;;
30;32;2078;16;;;;;
30;33;2142;16;;;;;
30;34;2206;16;;;;;
30;35;2270;16;;;;;
30;36;2334;16;;;;;
30;37;2398;16;;;;;
30;38;2462;16;;;;;
30;39;2526;16;;;;;
30;40;2590;16;;;;;
30;41;2654;16;;;;;
30;42;2718;16;;;;;
30;43;2782;16;;;;;
30;44;2846;16;;;;;
30;45;2910;16;;;;;
30;46;2974;16;;;;;
30;47;3038;16;;;;;
30;48;3102;16;;;;;
30;49;3166;16;;;;;
30;50;3230;16;;;;;
30;51;3294;384;;;;;
30;52;3358;0;;;;;
30;53;3422;0;;;;;
30;54;3486;0;;;;;
30;55;3550;0;;;;;
30;56;3614;0;;;;;
30;57;3678;0;;;;;
30;58;3742;0;;;;;
30;59;3806;0;;;;;
30;60;3870;0;;;;;
30;61;3934;0;;;;;
30;62;3998;0;;;;;
30;63;4062;0;;;;;
31;0;31;16;;;;;
31;1;95;16;;;;;
31;2;159;16;;;;;
31;3;223;16;;;;;
31;4;287;16;;;;;
31;5;351;16;;;;;
31;6;415;16;;;;;
31;7;479;16;;;;;
31;8;543;16;;;;;
31;9;607;16;;;;;
31;10;671;16;;;;;
31;11;735;16;;;;;
31;12;799;16;;;;;
31;13;863;16;;;;;
31;14;927;16;;;;;
31;15;991;16;;;;;
31;16;1055;16;;;;;
31;17;1119;16;;;;;
31;18;1183;16;;;;;
31;19;1247;16;;;;;
31;20;1311;16;;;;;
31;21;1375;16;;;;;
31;22;1439;16;;;;;
31;23;1503;16;;;;;
31;24;1567;16;;;;;
31;25;1631;16;;;;;
31;26;1695;16;;;;;
31;27;1759;16;;;;;
31;28;1823;16;;;;;
31;29;1887;16;;;;;
31;30;1951;16;;;;;
31;31;2015;16;;;;;
31;32;2079;16;;;;;
31;33;2143;16;;;;;
31;34;2207;16;;;;;
31;35;2271;16;;;;;
31;36;2335;16;;;;;
31;37;2399;16;;;;;
31;38;2463;16;;;;;
31;39;2527;16;;;;;
31;40;2591;16;;;;;
31;41;2655;16;;;;;
31;42;2719;16;;;;;
31;43;2783;16;;;;;
31;44;2847;16;;;;;
31;45;2911;16;;;;;
31;46;2975;16;;;;;
31;47;3039;16;;;;;
31;48;3103;16;;;;;
31;49;3167;16;;;;;
31;50;3231;16;;;;;
31;51;3295;16;;;;;
31;52;3359;128;;;;;
31;53;3423;0;;;;;
31;54;3487;0;;;;;
31;55;3551;0;;;;;
31;56;3615;0;;;;;
31;57;3679;0;;;;;
31;58;3743;0;;;;;
31;59;3807;0;;;;;
31;60;3871;0;;;;;
31;61;3935;0;;;;;
31;62;3999;0;;;;;
31;63;4063;0;;;;;
32;0;32;16;;;;;
32;1;96;16;;;;;
32;2;160;16;;;;;
32;3;224;16;;;;;
32;4;288;16;;;;;
32;5;352;16;;;;;
32;6;416;16;;;;;
32;7;480;16;;;;;
32;8;544;16;;;;;
32;9;608;16;;;;;
32;10;672;16;;;;;
32;11;736;16;;;;;
32;12;800;16;;;;;
32;13;864;16;;;;;
32;14;928;16;;;;;
32;15;992;16;;;;;
32;16;1056;16;;;;;
32;17;1120;16;;;;;
32;18;1184;16;;;;;
32;19;1248;16;;;;;
32;20;1312;16;;;;;
32;21;1376;16;;;;;
32;22;1440;16;;;;;
32;23;1504;16;;;;;
32;24;1568;16;;;;;
32;25;1632;16;;;;;
32;26;1696;16;;;;;
32;27;1760;16;;;;;
32;28;1824;16;;;;;
32;29;1888;16;;;;;
32;30;1952;16;;;;;
32;31;2016;16;;;;;
32;32;2080;16;;;;;
32;33;2144;16;;;;;
32;34;2208;16;;;;;
32;35;2272;16;;;;;
32;36;2336;16;;;;;
32;37;2400;16;;;;;
32;38;2464;16;;;;;
32;39;2528;16;;;;;
32;40;2592;16;;;;;
32;41;2656;16;;;;;
32;42;2720;16;;;;;
32;43;2784;16;;;;;
32;44;2848;16;;;;;
32;45;2912;16;;;;;
32;46;2976;16;;;;;
32;47;3040;16;;;;;
32;48;3104;16;;;;;
32;49;3168;16;;;;;
32;50;3232;16;;;;;
32;51;3296;16;;;;;
32;52;3360;384;;;;;
32;53;3424;0;;;;;
32;54;3488;0;;;;;
32;55;3552;0;;;;;
32;56;3616;0;;;;;
32;57;3680;0;;;;;
32;58;3744;0;;;;;
32;59;3808;0;;;;;
32;60;3872;0;;;;;
32;61;3936;0;;;;;
32;62;4000;0;;;;;
32;63;4064;0;;;;;
33;0;33;16;;;;;
33;1;97;16;;;;;
33;2;161;16;;;;;
33;3;225;16;;;;;
33;4;289;16;;;;;
33;5;353;16;;;;;
33;6;417;16;;;;;
33;7;481;16;;;;;
33;8;545;16;;;;;
33;9;609;16;;;;;
33;10;673;16;;;;;
33;11;737;16;;;;;
33;12;801;16;;;;;
33;13;865;16;;;;;
33;14;929;16;;;;;
33;15;993;16;;;;;
33;16;1057;16;;;;;
33;17;1121;16;;;;;
33;18;1185;16;;;;;
33;19;1249;16;;;;;
33;20;1313;16;;;;;
33;21;1377;16;;;;;
33;22;1441;16;;;;;
33;23;1505;16;;;;;
33;24;1569;16;;;;;
33;25;1633;16;;;;;
33;26;1697;16;;;;;
33;27;1761;16;;;;;
33;28;1825;16;;;;;
33;29;1889;16;;;;;
33;30;1953;16;;;;;
33;31;2017;16;;;;;
33;32;2081;16;;;;;
33;33;2145;16;;;;;
33;34;2209;16;;;;;
33;35;2273;16;;;;;
33;36;2337;16;;;;;
33;37;2401;16;;;;;
33;38;2465;16;;;;;
33;39;2529;16;;;;;
33;40;2593;16;;;;;
33;41;2657;16;;;;;
33;42;2721;16;;;;;
33;43;2785;16;;;;;
33;44;2849;16;;;;;
33;45;2913;16;;;;;
33;46;2977;16;;;;;
33;47;3041;16;;;;;
33;48;3105;16;;;;;
33;49;3169;16;;;;;
33;50;3233;16;;;;;
33;51;3297;16;;;;;
33;52;3361;16;;;;;
33;53;3425;384;;;;;
33;54;3489;0;;;;;
33;55;3553;0;;;;;
33;56;3617;0;;;;;
33;57;3681;0;;;;;
33;58;3745;0;;;;;
33;59;3809;0;;;;;
33;60;3873;0;;;;;
33;61;3937;0;;;;;
33;62;4001;0;;;;;
33;63;4065;0;;;;;
34;0;34;16;;;;;
34;1;98;16;;;;;
34;2;162;16;;;;;
34;3;226;16;;;;;
34;4;290;16;;;;;
34;5;354;16;;;;;
34;6;418;16;;;;;
34;7;482;16;;;;;
34;8;546;16;;;;;
34;9;610;16;;;;;
34;10;674;16;;;;;
34;11;738;16;;;;;
34;12;802;16;;;;;
34;13;866;16;;;;;
34;14;930;16;;;;;
34;15;994;16;;;;;
34;16;1058;16;;;;;
34;17;1122;16;;;;;
34;18;1186;16;;;;;
34;19;1250;16;;;;;
34;20;1314;16;;;;;
34;21;1378;16;;;;;
34;22;1442;16;;;;;
34;23;1506;16;;;;;
34;24;1570;16;;;;;
34;25;1634;16;;;;;
34;26;1698;16;;;;;
34;27;1762;16;;;;;
34;28;1826;16;;;;;
34;29;1890;16;;;;;
34;30;1954;16;;;;;
34;31;2018;16;;;;;
34;32;2082;16;;;;;
34;33;2146;16;;;;;
34;34;2210;16;;;;;
34;35;2274;16;;;;;
34;36;2338;16;;;;;
34;37;2402;16;;;;;
34;38;2466;16;;;;;
34;39;2530;16;;;;;
34;40;2594;16;;;;;
34;41;2658;16;;;;;
34;42;2722;16;;;;;
34;43;2786;16;;;;;
34;44;2850;16;;;;;
34;45;2914;16;;;;;
34;46;2978;16;;;;;
34;47;3042;16;;;;;
34;48;3106;16;;;;;
34;49;3170;16;;;;;
34;50;3234;16;;;;;
34;51;3298;16;;;;;
34;52;3362;16;;;;;
34;53;3426;16;;;;;
34;54;3490;128;;;;;
34;55;3554;0;;;;;
34;56;3618;0;;;;;
34;57;3682;0;;;;;
34;58;3746;0;;;;;
34;59;3810;0;;;;;
34;60;3874;0;;;;;
34;61;3938;0;;;;;
34;62;4002;0;;;;;
34;63;4066;0;;;;;
35;0;35;16;;;;;
35;1;99;16;;;;;
35;2;163;16;;;;;
35;3;227;16;;;;;
35;4;291;16;;;;;
35;5;355;16;;;;;
35;6;419;16;;;;;
35;7;483;16;;;;;
35;8;547;16;;;;;
35;9;611;16;;;;;
35;10;675;16;;;;;
35;11;739;16;;;;;
35;12;803;16;;;;;
35;13;867;16;;;;;
35;14;931;16;;;;;
35;15;995;16;;;;;
35;16;1059;16;;;;;
35;17;1123;16;;;;;
35;18;1187;16;;;;;
35;19;1251;16;;;;;
35;20;1315;16;;;;;
35;21;1379;16;;;;;
35;22;1443;16;;;;;
35;23;1507;16;;;;;
35;24;1571;16;;;;;
35;25;1635;16;;;;;
35;26;1699;16;;;;;
35;27;1763;16;;;;;
35;28;1827;16;;;;;
35;29;1891;16;;;;;
35;30;1955;16;;;;;
35;31;2019;16;;;;;
35;32;2083;16;;;;;
35;33;2147;16;;;;;
35;34;2211;16;;;;;
35;35;2275;16;;;;;
35;36;2339;16;;;;;
35;37;2403;16;;;;;
35;38;2467;16;;;;;
35;39;2531;16;;;;;
35;40;2595;16;;;;;
35;41;2659;16;;;;;
35;42;2723;16;;;;;
35;43;2787;16;;;;;
35;44;2851;16;;;;;
35;45;2915;16;;;;;
35;46;2979;16;;;;;
35;47;3043;16;;;;;
35;48;3107;16;;;;;
35;49;3171;16;;;;;
35;50;3235;16;;;;;
35;51;3299;16;;;;;
35;52;3363;16;;;;;
35;53;3427;16;;;;;
35;54;3491;384;;;;;
35;55;3555;0;;;;;
35;56;3619;0;;;;;
35;57;3683;0;;;;;
35;58;3747;0;;;;;
35;59;3811;0;;;;;
35;60;3875;0;;;;;
35;61;3939;0;;;;;
35;62;4003;0;;;;;
35;63;4067;0;;;;;
36;0;36;16;;;;;
36;1;100;16;;;;;
36;2;164;16;;;;;
36;3;228;16;;;;;
36;4;292;16;;;;;
36;5;356;16;;;;;
36;6;420;16;;;;;
36;7;484;16;;;;;
36;8;548;16;;;;;
36;9;612;16;;;;;
36;10;676;16;;;;;
36;11;740;16;;;;;
36;12;804;16;;;;;
36;13;868;16;;;;;
36;14;932;16;;;;;
36;15;996;16;;;;;
36;16;1060;16;;;;;
36;17;1124;16;;;;;
36;18;1188;16;;;;;
36;19;1252;16;;;;;
36;20;1316;16;;;;;
36;21;1380;16;;;;;
36;22;1444;16;;;;;
36;23;1508;16;;;;;
36;24;1572;16;;;;;
36;25;1636;16;;;;;
36;26;1700;16;;;;;
36;27;1764;16;;;;;
36;28;1828;16;;;;;
36;29;1892;16;;;;;
36;30;1956;16;;;;;
36;31;2020;16;;;;;
36;32;2084;16;;;;;
36;33;2148;16;;;;;
36;34;2212;16;;;;;
36;35;2276;16;;;;;
36;36;2340;16;;;;;
36;37;2404;16;;;;;
36;38;2468;16;;;;;
36;39;2532;16;;;;;
36;40;2596;16;;;;;
36;41;2660;16;;;;;
36;42;2724;16;;;;;
36;43;2788;16;;;;;
36;44;2852;16;;;;;
36;45;2916;16;;;;;
36;46;2980;16;;;;;
36;47;3044;16;;;;;
36;48;3108;16;;;;;
36;49;3172;16;;;;;
36;50;3236;16;;;;;
36;51;3300;16;;;;;
36;52;3364;16;;;;;
36;53;3428;16;;;;;
36;54;3492;16;;;;;
36;55;3556;128;;;;;
36;56;3620;0;;;;;
36;57;3684;0;;;;;
36;58;3748;0;;;;;
36;59;3812;0;;;;;
36;60;3876;0;;;;;
36;61;3940;0;;;;;
36;62;4004;0;;;;;
36;63;4068;0;;;;;
37;0;37;16;;;;;
37;1;101;16;;;;;
37;2;165;16;;;;;
37;3;229;16;;;;;
37;4;293;16;;;;;
37;5;357;16;;;;;
37;6;421;16;;;;;
37;7;485;16;;;;;
37;8;549;16;;;;;
37;9;613;16;;;;;
37;10;677;16;;;;;
37;11;741;16;;;;;
37;12;805;16;;;;;
37;13;869;16;;;;;
37;14;933;16;;;;;
37;15;997;16;;;;;
37;16;1061;16;;;;;
37;17;1125;16;;;;;
37;18;1189;16;;;;;
37;19;1253;16;;;;;
37;20;1317;16;;;;;
37;21;1381;16;;;;;
37;22;1445;16;;;;;
37;23;1509;16;;;;;
37;24;1573;16;;;;;
37;25;1637;16;;;;;
37;26;1701;16;;;;;
37;27;1765;16;;;;;
37;28;1829;16;;;;;
37;29;1893;16;;;;;
37;30;1957;16;;;;;
37;31;2021;16;;;;;
37;32;2085;16;;;;;
37;33;2149;16;;;;;
37;34;2213;16;;;;;
37;35;2277;16;;;;;
37;36;2341;16;;;;;
37;37;2405;16;;;;;
37;38;2469;16;;;;;
37;39;2533;16;;;;;
37;40;2597;16;;;;;
37;41;2661;16;;;;;
37;42;2725;16;;;;;
37;43;2789;16;;;;;
37;44;2853;16;;;;;
37;45;2917;16;;;;;
37;46;2981;16;;;;;
37;47;3045;16;;;;;
37;48;3109;16;;;;;
37;49;3173;16;;;;;
37;50;3237;16;;;;;
37;51;3301;16;;;;;
37;52;3365;16;;;;;
37;53;3429;16;;;;;
37;54;3493;16;;;;;
37;55;3557;384;;;;;
37;56;3621;0;;;;;
37;57;3685;0;;;;;
37;58;3749;0;;;;;
37;59;3813;0;;;;;
37;60;3877;0;;;;;
37;61;3941;0;;;;;
37;62;4005;0;;;;;
37;63;4069;0;;;;;
38;0;38;16;;;;;
38;1;102;16;;;;;
38;2;166;16;;;;;
38;3;230;16;;;;;
38;4;294;16;;;;;
38;5;358;16;;;;;
38;6;422;16;;;;;
38;7;486;16;;;;;
38;8;550;16;;;;;
38;9;614;16;;;;;
38;10;678;16;;;;;
38;11;742;16;;;;;
38;12;806;16;;;;;
38;13;870;16;;;;;
38;14;934;16;;;;;
38;15;998;16;;;;;
38;16;1062;16;;;;;
38;17;1126;16;;;;;
38;18;1190;16;;;;;
38;19;1254;16;;;;;
38;20;1318;16;;;;;
38;21;1382;16;;;;;
38;22;1446;16;;;;;
38;23;1510;16;;;;;
38;24;1574;16;;;;;
38;25;1638;16;;;;;
38;26;1702;16;;;;;
38;27;1766;16;;;;;
38;28;1830;16;;;;;
38;29;1894;16;;;;;
38;30;1958;16;;;;;
38;31;2022;16;;;;;
38;32;2086;16;;;;;
38;33;2150;16;;;;;
38;34;2214;16;;;;;
38;35;2278;16;;;;;
38;36;2342;16;;;;;
38;37;2406;16;;;;;
38;38;2470;16;;;;;
38;39;2534;16;;;;;
38;40;2598;16;;;;;
38;41;2662;16;;;;;
38;42;2726;16;;;;;
38;43;2790;16;;;;;
38;44;2854;16;;;;;
38;45;2918;16;;;;;
38;46;2982;16;;;;;
38;47;3046;16;;;;;
38;48;3110;16;;;;;
38;49;3174;16;;;;;
38;50;3238;16;;;;;
38;51;3302;16;;;;;
38;52;3366;16;;;;;
38;53;3430;16;;;;;
38;54;3494;16;;;;;
38;55;3558;16;;;;;
38;56;3622;128;;;;;
38;57;3686;0;;;;;
38;58;3750;0;;;;;
38;59;3814;0;;;;;
38;60;3878;0;;;;;
38;61;3942;0;;;;;
38;62;4006;0;;;;;
38;63;4070;0;;;;;
39;0;39;16;;;;;
39;1;103;16;;;;;
39;2;167;16;;;;;
39;3;231;16;;;;;
39;4;295;16;;;;;
39;5;359;16;;;;;
39;6;423;16;;;;;
39;7;487;16;;;;;
39;8;551;16;;;;;
39;9;615;16;;;;;
39;10;679;16;;;;;
39;11;743;16;;;;;
39;12;807;16;;;;;
39;13;871;16;;;;;
39;14;935;16;;;;;
39;15;999;16;;;;;
39;16;1063;16;;;;;
39;17;1127;16;;;;;
39;18;1191;16;;;;;
39;19;1255;16;;;;;
39;20;1319;16;;;;;
39;21;1383;16;;;;;
39;22;1447;16;;;;;
39;23;1511;16;;;;;
39;24;1575;16;;;;;
39;25;1639;16;;;;;
39;26;1703;16;;;;;
39;27;1767;16;;;;;
39;28;1831;16;;;;;
39;29;1895;16;;;;;
39;30;1959;16;;;;;
39;31;2023;16;;;;;
39;32;2087;16;;;;;
39;33;2151;16;;;;;
39;34;2215;16;;;;;
39;35;2279;16;;;;;
39;36;2343;16;;;;;
39;37;2407;230;;;;;
39;38;2471;17;;;;;
39;39;2535;16;;;;;
39;40;2599;16;;;;;
39;41;2663;16;;;;;
39;42;2727;16;;;;;
39;43;2791;16;;;;;
39;44;2855;16;;;;;
39;45;2919;16;;;;;
39;46;2983;16;;;;;
39;47;3047;16;;;;;
39;48;3111;16;;;;;
39;49;3175;16;;;;;
39;50;3239;16;;;;;
39;51;3303;16;;;;;
39;52;3367;16;;;;;
39;53;3431;16;;;;;
39;54;3495;16;;;;;
39;55;3559;16;;;;;
39;56;3623;128;;;;;
39;57;3687;0;;;;;
39;58;3751;0;;;;;
39;59;3815;0;;;;;
39;60;3879;0;;;;;
39;61;3943;0;;;;;
39;62;4007;0;;;;;
39;63;4071;0;;;;;
40;0;40;16;;;;;
40;1;104;16;;;;;
40;2;168;16;;;;;
40;3;232;16;;;;;
40;4;296;16;;;;;
40;5;360;16;;;;;
40;6;424;16;;;;;
40;7;488;16;;;;;
40;8;552;16;;;;;
40;9;616;16;;;;;
40;10;680;16;;;;;
40;11;744;16;;;;;
40;12;808;16;;;;;
40;13;872;16;;;;;
40;14;936;16;;;;;
40;15;1000;16;;;;;
40;16;1064;16;;;;;
40;17;1128;16;;;;;
40;18;1192;16;;;;;
40;19;1256;16;;;;;
40;20;1320;16;;;;;
40;21;1384;16;;;;;
40;22;1448;16;;;;;
40;23;1512;16;;;;;
40;24;1576;16;;;;;
40;25;1640;16;;;;;
40;26;1704;16;;;;;
40;27;1768;16;;;;;
40;28;1832;16;;;;;
40;29;1896;16;;;;;
40;30;1960;16;;;;;
40;31;2024;16;;;;;
40;32;2088;16;;;;;
40;33;2152;16;;;;;
40;34;2216;16;;;;;
40;35;2280;16;;;;;
40;36;2344;16;;;;;
40;37;2408;416;;;;;
40;38;2472;16;;;;;
40;39;2536;16;;;;;
40;40;2600;16;;;;;
40;41;2664;16;;;;;
40;42;2728;16;;;;;
40;43;2792;16;;;;;
40;44;2856;16;;;;;
40;45;2920;16;;;;;
40;46;2984;16;;;;;
40;47;3048;16;;;;;
40;48;3112;16;;;;;
40;49;3176;16;;;;;
40;50;3240;16;;;;;
40;51;3304;16;;;;;
40;52;3368;16;;;;;
40;53;3432;16;;;;;
40;54;3496;16;;;;;
40;55;3560;16;;;;;
40;56;3624;128;;;;;
40;57;3688;0;;;;;
40;58;3752;0;;;;;
40;59;3816;0;;;;;
40;60;3880;0;;;;;
40;61;3944;0;;;;;
40;62;4008;0;;;;;
40;63;4072;0;;;;;
41;0;41;16;;;;;
41;1;105;16;;;;;
41;2;169;16;;;;;
41;3;233;16;;;;;
41;4;297;16;;;;;
41;5;361;16;;;;;
41;6;425;16;;;;;
41;7;489;16;;;;;
41;8;553;16;;;;;
41;9;617;16;;;;;
41;10;681;16;;;;;
41;11;745;16;;;;;
41;12;809;16;;;;;
41;13;873;16;;;;;
41;14;937;16;;;;;
41;15;1001;16;;;;;
41;16;1065;16;;;;;
41;17;1129;16;;;;;
41;18;1193;16;;;;;
41;19;1257;16;;;;;
41;20;1321;16;;;;;
41;21;1385;16;;;;;
41;22;1449;16;;;;;
41;23;1513;16;;;;;
41;24;1577;16;;;;;
41;25;1641;16;;;;;
41;26;1705;16;;;;;
41;27;1769;16;;;;;
41;28;1833;16;;;;;
41;29;1897;16;;;;;
41;30;1961;16;;;;;
41;31;2025;16;;;;;
41;32;2089;16;;;;;
41;33;2153;16;;;;;
41;34;2217;16;;;;;
41;35;2281;16;;;;;
41;36;2345;16;;;;;
41;37;2409;16;;;;;
41;38;2473;16;;;;;
41;39;2537;16;;;;;
41;40;2601;16;;;;;
41;41;2665;16;;;;;
41;42;2729;16;;;;;
41;43;2793;16;;;;;
41;44;2857;16;;;;;
41;45;2921;16;;;;;
41;46;2985;16;;;;;
41;47;3049;16;;;;;
41;48;3113;16;;;;;
41;49;3177;16;;;;;
41;50;3241;16;;;;;
41;51;3305;16;;;;;
41;52;3369;16;;;;;
41;53;3433;16;;;;;
41;54;3497;16;;;;;
41;55;3561;16;;;;;
41;56;3625;384;;;;;
41;57;3689;0;;;;;
41;58;3753;0;;;;;
41;59;3817;0;;;;;
41;60;3881;0;;;;;
41;61;3945;0;;;;;
41;62;4009;0;;;;;
41;63;4073;0;;;;;
42;0;42;16;;;;;
42;1;106;16;;;;;
42;2;170;16;;;;;
42;3;234;16;;;;;
42;4;298;16;;;;;
42;5;362;16;;;;;
42;6;426;16;;;;;
42;7;490;16;;;;;
42;8;554;16;;;;;
42;9;618;16;;;;;
42;10;682;16;;;;;
42;11;746;16;;;;;
42;12;810;16;;;;;
42;13;874;16;;;;;
42;14;938;16;;;;;
42;15;1002;16;;;;;
42;16;1066;16;;;;;
42;17;1130;16;;;;;
42;18;1194;16;;;;;
42;19;1258;16;;;;;
42;20;1322;16;;;;;
42;21;1386;16;;;;;
42;22;1450;16;;;;;
42;23;1514;16;;;;;
42;24;1578;16;;;;;
42;25;1642;16;;;;;
42;26;1706;16;;;;;
42;27;1770;16;;;;;
42;28;1834;16;;;;;
42;29;1898;16;;;;;
42;30;1962;16;;;;;
42;31;2026;16;;;;;
42;32;2090;16;;;;;
42;33;2154;16;;;;;
42;34;2218;16;;;;;
42;35;2282;16;;;;;
42;36;2346;16;;;;;
42;37;2410;16;;;;;
42;38;2474;16;;;;;
42;39;2538;16;;;;;
42;40;2602;16;;;;;
42;41;2666;16;;;;;
42;42;2730;16;;;;;
42;43;2794;230;;;;;
42;44;2858;17;;;;;
42;45;2922;16;;;;;
42;46;2986;16;;;;;
42;47;3050;16;;;;;
42;48;3114;16;;;;;
42;49;3178;16;;;;;
42;50;3242;16;;;;;
42;51;3306;16;;;;;
42;52;3370;16;;;;;
42;53;3434;16;;;;;
42;54;3498;16;;;;;
42;55;3562;16;;;;;
42;56;3626;16;;;;;
42;57;3690;128;;;;;
42;58;3754;0;;;;;
42;59;3818;0;;;;;
42;60;3882;0;;;;;
42;61;3946;0;;;;;
42;62;4010;0;;;;;
42;63;4074;0;;;;;
43;0;43;16;;;;;
43;1;107;16;;;;;
43;2;171;16;;;;;
43;3;235;16;;;;;
43;4;299;16;;;;;
43;5;363;16;;;;;
43;6;427;16;;;;;
43;7;491;16;;;;;
43;8;555;16;;;;;
43;9;619;16;;;;;
43;10;683;16;;;;;
43;11;747;16;;;;;
43;12;811;16;;;;;
43;13;875;16;;;;;
43;14;939;16;;;;;
43;15;1003;16;;;;;
43;16;1067;16;;;;;
43;17;1131;16;;;;;
43;18;1195;16;;;;;
43;19;1259;16;;;;;
43;20;1323;16;;;;;
43;21;1387;16;;;;;
43;22;1451;16;;;;;
43;23;1515;16;;;;;
43;24;1579;16;;;;;
43;25;1643;16;;;;;
43;26;1707;16;;;;;
43;27;1771;16;;;;;
43;28;1835;16;;;;;
43;29;1899;16;;;;;
43;30;1963;16;;;;;
43;31;2027;16;;;;;
43;32;2091;16;;;;;
43;33;2155;16;;;;;
43;34;2219;16;;;;;
43;35;2283;16;;;;;
43;36;2347;16;;;;;
43;37;2411;16;;;;;
43;38;2475;16;;;;;
43;39;2539;16;;;;;
43;40;2603;16;;;;;
43;41;2667;16;;;;;
43;42;2731;16;;;;;
43;43;2795;416;;;;;
43;44;2859;16;;;;;
43;45;2923;16;;;;;
43;46;2987;16;;;;;
43;47;3051;16;;;;;
43;48;3115;16;;;;;
43;49;3179;16;;;;;
43;50;3243;16;;;;;
43;51;3307;16;;;;;
43;52;3371;16;;;;;
43;53;3435;16;;;;;
43;54;3499;16;;;;;
43;55;3563;16;;;;;
43;56;3627;16;;;;;
43;57;3691;128;;;;;
43;58;3755;0;;;;;
43;59;3819;0;;;;;
43;60;3883;0;;;;;
43;61;3947;0;;;;;
43;62;4011;0;;;;;
43;63;4075;0;;;;;
44;0;44;16;;;;;
44;1;108;16;;;;;
44;2;172;16;;;;;
44;3;236;16;;;;;
44;4;300;16;;;;;
44;5;364;16;;;;;
44;6;428;16;;;;;
44;7;492;16;;;;;
44;8;556;16;;;;;
44;9;620;16;;;;;
44;10;684;16;;;;;
44;11;748;16;;;;;
44;12;812;16;;;;;
44;13;876;16;;;;;
44;14;940;16;;;;;
44;15;1004;16;;;;;
44;16;1068;16;;;;;
44;17;1132;16;;;;;
44;18;1196;16;;;;;
44;19;1260;16;;;;;
44;20;1324;16;;;;;
44;21;1388;16;;;;;
44;22;1452;16;;;;;
44;23;1516;16;;;;;
44;24;1580;16;;;;;
44;25;1644;16;;;;;
44;26;1708;16;;;;;
44;27;1772;16;;;;;
44;28;1836;16;;;;;
44;29;1900;16;;;;;
44;30;1964;16;;;;;
44;31;2028;16;;;;;
44;32;2092;16;;;;;
44;33;2156;16;;;;;
44;34;2220;16;;;;;
44;35;2284;16;;;;;
44;36;2348;16;;;;;
44;37;2412;16;;;;;
44;38;2476;16;;;;;
44;39;2540;16;;;;;
44;40;2604;16;;;;;
44;41;2668;16;;;;;
44;42;2732;16;;;;;
44;43;2796;16;;;;;
44;44;2860;16;;;;;
44;45;2924;16;;;;;
44;46;2988;16;;;;;
44;47;3052;16;;;;;
44;48;3116;16;;;;;
44;49;3180;16;;;;;
44;50;3244;16;;;;;
44;51;3308;16;;;;;
44;52;3372;16;;;;;
44;53;3436;16;;;;;
44;54;3500;16;;;;;
44;55;3564;16;;;;;
44;56;3628;16;;;;;
44;57;3692;388;;;;;
44;58;3756;0;;;;;
44;59;3820;0;;;;;
44;60;3884;0;;;;;
44;61;3948;0;;;;;
44;62;4012;0;;;;;
44;63;4076;0;;;;;
45;0;45;16;;;;;
45;1;109;16;;;;;
45;2;173;16;;;;;
45;3;237;16;;;;;
45;4;301;16;;;;;
45;5;365;16;;;;;
45;6;429;16;;;;;
45;7;493;16;;;;;
45;8;557;16;;;;;
45;9;621;16;;;;;
45;10;685;16;;;;;
45;11;749;16;;;;;
45;12;813;16;;;;;
45;13;877;16;;;;;
45;14;941;16;;;;;
45;15;1005;16;;;;;
45;16;1069;16;;;;;
45;17;1133;16;;;;;
45;18;1197;16;;;;;
45;19;1261;16;;;;;
45;20;1325;16;;;;;
45;21;1389;16;;;;;
45;22;1453;16;;;;;
45;23;1517;16;;;;;
45;24;1581;16;;;;;
45;25;1645;16;;;;;
45;26;1709;16;;;;;
45;27;1773;16;;;;;
45;28;1837;16;;;;;
45;29;1901;16;;;;;
45;30;1965;16;;;;;
45;31;2029;16;;;;;
45;32;2093;16;;;;;
45;33;2157;16;;;;;
45;34;2221;16;;;;;
45;35;2285;16;;;;;
45;36;2349;16;;;;;
45;37;2413;16;;;;;
45;38;2477;16;;;;;
45;39;2541;16;;;;;
45;40;2605;16;;;;;
45;41;2669;230;;;;;
45;42;2733;17;;;;;
45;43;2797;16;;;;;
45;44;2861;16;;;;;
45;45;2925;16;;;;;
45;46;2989;16;;;;;
45;47;3053;16;;;;;
45;48;3117;16;;;;;
45;49;3181;16;;;;;
45;50;3245;16;;;;;
45;51;3309;16;;;;;
45;52;3373;16;;;;;
45;53;3437;16;;;;;
45;54;3501;16;;;;;
45;55;3565;16;;;;;
45;56;3629;16;;;;;
45;57;3693;16;;;;;
45;58;3757;128;;;;;
45;59;3821;0;;;;;
45;60;3885;0;;;;;
45;61;3949;0;;;;;
45;62;4013;0;;;;;
45;63;4077;0;;;;;
46;0;46;16;;;;;
46;1;110;16;;;;;
46;2;174;16;;;;;
46;3;238;16;;;;;
46;4;302;16;;;;;
46;5;366;16;;;;;
46;6;430;16;;;;;
46;7;494;16;;;;;
46;8;558;16;;;;;
46;9;622;16;;;;;
46;10;686;16;;;;;
46;11;750;16;;;;;
46;12;814;16;;;;;
46;13;878;16;;;;;
46;14;942;16;;;;;
46;15;1006;16;;;;;
46;16;1070;16;;;;;
46;17;1134;16;;;;;
46;18;1198;16;;;;;
46;19;1262;16;;;;;
46;20;1326;16;;;;;
46;21;1390;16;;;;;
46;22;1454;16;;;;;
46;23;1518;16;;;;;
46;24;1582;16;;;;;
46;25;1646;16;;;;;
46;26;1710;16;;;;;
46;27;1774;16;;;;;
46;28;1838;16;;;;;
46;29;1902;16;;;;;
46;30;1966;16;;;;;
46;31;2030;16;;;;;
46;32;2094;16;;;;;
46;33;2158;16;;;;;
46;34;2222;16;;;;;
46;35;2286;16;;;;;
46;36;2350;16;;;;;
46;37;2414;16;;;;;
46;38;2478;16;;;;;
46;39;2542;16;;;;;
46;40;2606;16;;;;;
46;41;2670;416;;;;;
46;42;2734;16;;;;;
46;43;2798;16;;;;;
46;44;2862;16;;;;;
46;45;2926;16;;;;;
46;46;2990;16;;;;;
46;47;3054;16;;;;;
46;48;3118;16;;;;;
46;49;3182;16;;;;;
46;50;3246;16;;;;;
46;51;3310;16;;;;;
46;52;3374;16;;;;;
46;53;3438;16;;;;;
46;54;3502;16;;;;;
46;55;3566;16;;;;;
46;56;3630;16;;;;;
46;57;3694;16;;;;;
46;58;3758;128;;;;;
46;59;3822;0;;;;;
46;60;3886;0;;;;;
46;61;3950;0;;;;;
46;62;4014;0;;;;;
46;63;4078;0;;;;;
47;0;47;16;;;;;
47;1;111;16;;;;;
47;2;175;16;;;;;
47;3;239;16;;;;;
47;4;303;16;;;;;
47;5;367;16;;;;;
47;6;431;16;;;;;
47;7;495;16;;;;;
47;8;559;16;;;;;
47;9;623;16;;;;;
47;10;687;16;;;;;
47;11;751;16;;;;;
47;12;815;16;;;;;
47;13;879;16;;;;;
47;14;943;16;;;;;
47;15;1007;16;;;;;
47;16;1071;16;;;;;
47;17;1135;16;;;;;
47;18;1199;16;;;;;
47;19;1263;16;;;;;
47;20;1327;16;;;;;
47;21;1391;16;;;;;
47;22;1455;16;;;;;
47;23;1519;16;;;;;
47;24;1583;16;;;;;
47;25;1647;16;;;;;
47;26;1711;16;;;;;
47;27;1775;16;;;;;
47;28;1839;16;;;;;
47;29;1903;16;;;;;
47;30;1967;16;;;;;
47;31;2031;16;;;;;
47;32;2095;16;;;;;
47;33;2159;16;;;;;
47;34;2223;16;;;;;
47;35;2287;16;;;;;
47;36;2351;16;;;;;
47;37;2415;16;;;;;
47;38;2479;16;;;;;
47;39;2543;16;;;;;
47;40;2607;16;;;;;
47;41;2671;16;;;;;
47;42;2735;16;;;;;
47;43;2799;16;;;;;
47;44;2863;16;;;;;
47;45;2927;16;;;;;
47;46;2991;16;;;;;
47;47;3055;16;;;;;
47;48;3119;16;;;;;
47;49;3183;16;;;;;
47;50;3247;16;;;;;
47;51;3311;16;;;;;
47;52;3375;16;;;;;
47;53;3439;16;;;;;
47;54;3503;16;;;;;
47;55;3567;16;;;;;
47;56;3631;16;;;;;
47;57;3695;16;;;;;
47;58;3759;128;;;;;
47;59;3823;0;;;;;
47;60;3887;0;;;;;
47;61;3951;0;;;;;
47;62;4015;0;;;;;
47;63;4079;0;;;;;
48;0;48;16;;;;;
48;1;112;16;;;;;
48;2;176;16;;;;;
48;3;240;16;;;;;
48;4;304;16;;;;;
48;5;368;16;;;;;
48;6;432;16;;;;;
48;7;496;16;;;;;
48;8;560;16;;;;;
48;9;624;16;;;;;
48;10;688;16;;;;;
48;11;752;16;;;;;
48;12;816;16;;;;;
48;13;880;16;;;;;
48;14;944;16;;;;;
48;15;1008;16;;;;;
48;16;1072;16;;;;;
48;17;1136;16;;;;;
48;18;1200;16;;;;;
48;19;1264;16;;;;;
48;20;1328;16;;;;;
48;21;1392;16;;;;;
48;22;1456;16;;;;;
48;23;1520;16;;;;;
48;24;1584;16;;;;;
48;25;1648;16;;;;;
48;26;1712;16;;;;;
48;27;1776;16;;;;;
48;28;1840;16;;;;;
48;29;1904;16;;;;;
48;30;1968;16;;;;;
48;31;2032;16;;;;;
48;32;2096;16;;;;;
48;33;2160;16;;;;;
48;34;2224;16;;;;;
48;35;2288;16;;;;;
48;36;2352;16;;;;;
48;37;2416;16;;;;;
48;38;2480;16;;;;;
48;39;2544;16;;;;;
48;40;2608;16;;;;;
48;41;2672;16;;;;;
48;42;2736;16;;;;;
48;43;2800;16;;;;;
48;44;2864;16;;;;;
48;45;2928;16;;;;;
48;46;2992;16;;;;;
48;47;3056;16;;;;;
48;48;3120;16;;;;;
48;49;3184;16;;;;;
48;50;3248;16;;;;;
48;51;3312;16;;;;;
48;52;3376;16;;;;;
48;53;3440;16;;;;;
48;54;3504;16;;;;;
48;55;3568;16;;;;;
48;56;3632;16;;;;;
48;57;3696;16;;;;;
48;58;3760;128;;;;;
48;59;3824;0;;;;;
48;60;3888;0;;;;;
48;61;3952;0;;;;;
48;62;4016;0;;;;;
48;63;4080;0;;;;;
49;0;49;16;;;;;
49;1;113;16;;;;;
49;2;177;16;;;;;
49;3;241;16;;;;;
49;4;305;16;;;;;
49;5;369;16;;;;;
49;6;433;16;;;;;
49;7;497;16;;;;;
49;8;561;16;;;;;
49;9;625;16;;;;;
49;10;689;16;;;;;
49;11;753;16;;;;;
49;12;817;16;;;;;
49;13;881;16;;;;;
49;14;945;16;;;;;
49;15;1009;16;;;;;
49;16;1073;16;;;;;
49;17;1137;16;;;;;
49;18;1201;16;;;;;
49;19;1265;16;;;;;
49;20;1329;16;;;;;
49;21;1393;16;;;;;
49;22;1457;16;;;;;
49;23;1521;16;;;;;
49;24;1585;16;;;;;
49;25;1649;16;;;;;
49;26;1713;16;;;;;
49;27;1777;16;;;;;
49;28;1841;16;;;;;
49;29;1905;16;;;;;
49;30;1969;16;;;;;
49;31;2033;16;;;;;
49;32;2097;17;;;;;
49;33;2161;16;;;;;
49;34;2225;16;;;;;
49;35;2289;16;;;;;
49;36;2353;16;;;;;
49;37;2417;16;;;;;
49;38;2481;16;;;;;
49;39;2545;16;;;;;
49;40;2609;16;;;;;
49;41;2673;16;;;;;
49;42;2737;16;;;;;
49;43;2801;230;;;;;
49;44;2865;17;;;;;
49;45;2929;16;;;;;
49;46;2993;16;;;;;
49;47;3057;16;;;;;
49;48;3121;16;;;;;
49;49;3185;16;;;;;
49;50;3249;16;;;;;
49;51;3313;16;;;;;
49;52;3377;16;;;;;
49;53;3441;16;;;;;
49;54;3505;16;;;;;
49;55;3569;16;;;;;
49;56;3633;16;;;;;
49;57;3697;16;;;;;
49;58;3761;384;;;;;
49;59;3825;0;;;;;
49;60;3889;0;;;;;
49;61;3953;0;;;;;
49;62;4017;0;;;;;
49;63;4081;0;;;;;
50;0;50;16;;;;;
50;1;114;16;;;;;
50;2;178;16;;;;;
50;3;242;16;;;;;
50;4;306;16;;;;;
50;5;370;16;;;;;
50;6;434;16;;;;;
50;7;498;16;;;;;
50;8;562;16;;;;;
50;9;626;16;;;;;
50;10;690;16;;;;;
50;11;754;16;;;;;
50;12;818;16;;;;;
50;13;882;16;;;;;
50;14;946;16;;;;;
50;15;1010;16;;;;;
50;16;1074;16;;;;;
50;17;1138;16;;;;;
50;18;1202;16;;;;;
50;19;1266;16;;;;;
50;20;1330;16;;;;;
50;21;1394;16;;;;;
50;22;1458;16;;;;;
50;23;1522;16;;;;;
50;24;1586;16;;;;;
50;25;1650;16;;;;;
50;26;1714;16;;;;;
50;27;1778;16;;;;;
50;28;1842;16;;;;;
50;29;1906;16;;;;;
50;30;1970;16;;;;;
50;31;2034;192;;;;;
50;32;2098;64;;;;;
50;33;2162;96;;;;;
50;34;2226;16;;;;;
50;35;2290;16;;;;;
50;36;2354;16;;;;;
50;37;2418;16;;;;;
50;38;2482;16;;;;;
50;39;2546;16;;;;;
50;40;2610;16;;;;;
50;41;2674;16;;;;;
50;42;2738;16;;;;;
50;43;2802;416;;;;;
50;44;2866;16;;;;;
50;45;2930;16;;;;;
50;46;2994;16;;;;;
50;47;3058;16;;;;;
50;48;3122;16;;;;;
50;49;3186;16;;;;;
50;50;3250;16;;;;;
50;51;3314;16;;;;;
50;52;3378;16;;;;;
50;53;3442;16;;;;;
50;54;3506;16;;;;;
50;55;3570;16;;;;;
50;56;3634;16;;;;;
50;57;3698;16;;;;;
50;58;3762;17;;;;;
50;59;3826;128;;;;;
50;60;3890;0;;;;;
50;61;3954;0;;;;;
50;62;4018;0;;;;;
50;63;4082;0;;;;;
51;0;51;16;;;;;
51;1;115;16;;;;;
51;2;179;16;;;;;
51;3;243;16;;;;;
51;4;307;16;;;;;
51;5;371;16;;;;;
51;6;435;16;;;;;
51;7;499;16;;;;;
51;8;563;16;;;;;
51;9;627;16;;;;;
51;10;691;16;;;;;
51;11;755;16;;;;;
51;12;819;16;;;;;
51;13;883;16;;;;;
51;14;947;16;;;;;
51;15;1011;16;;;;;
51;16;1075;16;;;;;
51;17;1139;16;;;;;
51;18;1203;16;;;;;
51;19;1267;16;;;;;
51;20;1331;16;;;;;
51;21;1395;16;;;;;
51;22;1459;16;;;;;
51;23;1523;16;;;;;
51;24;1587;16;;;;;
51;25;1651;16;;;;;
51;26;1715;16;;;;;
51;27;1779;16;;;;;
51;28;1843;16;;;;;
51;29;1907;196;;;;;
51;30;1971;64;;;;;
51;31;2035;0;;;;;
51;32;2099;0;;;;;
51;33;2163;0;;;;;
51;34;2227;96;;;;;
51;35;2291;16;;;;;
51;36;2355;16;;;;;
51;37;2419;16;;;;;
51;38;2483;16;;;;;
51;39;2547;16;;;;;
51;40;2611;16;;;;;
51;41;2675;16;;;;;
51;42;2739;16;;;;;
51;43;2803;16;;;;;
51;44;2867;16;;;;;
51;45;2931;16;;;;;
51;46;2995;16;;;;;
51;47;3059;16;;;;;
51;48;3123;16;;;;;
51;49;3187;16;;;;;
51;50;3251;16;;;;;
51;51;3315;16;;;;;
51;52;3379;16;;;;;
51;53;3443;16;;;;;
51;54;3507;16;;;;;
51;55;3571;16;;;;;
51;56;3635;16;;;;;
51;57;3699;16;;;;;
51;58;3763;16;;;;;
51;59;3827;128;;;;;
51;60;3891;0;;;;;
51;61;3955;0;;;;;
51;62;4019;0;;;;;
51;63;4083;0;;;;;
52;0;52;16;;;;;
52;1;116;16;;;;;
52;2;180;16;;;;;
52;3;244;16;;;;;
52;4;308;16;;;;;
52;5;372;16;;;;;
52;6;436;16;;;;;
52;7;500;16;;;;;
52;8;564;16;;;;;
52;9;628;16;;;;;
52;10;692;16;;;;;
52;11;756;16;;;;;
52;12;820;16;;;;;
52;13;884;16;;;;;
52;14;948;16;;;;;
52;15;1012;16;;;;;
52;16;1076;16;;;;;
52;17;1140;16;;;;;
52;18;1204;16;;;;;
52;19;1268;16;;;;;
52;20;1332;16;;;;;
52;21;1396;16;;;;;
52;22;1460;16;;;;;
52;23;1524;16;;;;;
52;24;1588;16;;;;;
52;25;1652;16;;;;;
52;26;1716;16;;;;;
52;27;1780;16;;;;;
52;28;1844;17;;;;;
52;29;1908;128;;;;;
52;30;1972;0;;;;;
52;31;2036;0;;;;;
52;32;2100;0;;;;;
52;33;2164;0;;;;;
52;34;2228;32;;;;;
52;35;2292;16;;;;;
52;36;2356;16;;;;;
52;37;2420;16;;;;;
52;38;2484;16;;;;;
52;39;2548;16;;;;;
52;40;2612;16;;;;;
52;41;2676;16;;;;;
52;42;2740;16;;;;;
52;43;2804;16;;;;;
52;44;2868;16;;;;;
52;45;2932;16;;;;;
52;46;2996;16;;;;;
52;47;3060;16;;;;;
52;48;3124;16;;;;;
52;49;3188;16;;;;;
52;50;3252;16;;;;;
52;51;3316;16;;;;;
52;52;3380;16;;;;;
52;53;3444;16;;;;;
52;54;3508;16;;;;;
52;55;3572;16;;;;;
52;56;3636;16;;;;;
52;57;3700;16;;;;;
52;58;3764;16;;;;;
52;59;3828;128;;;;;
52;60;3892;0;;;;;
52;61;3956;0;;;;;
52;62;4020;0;;;;;
52;63;4084;0;;;;;
53;0;53;16;;;;;
53;1;117;16;;;;;
53;2;181;16;;;;;
53;3;245;16;;;;;
53;4;309;16;;;;;
53;5;373;16;;;;;
53;6;437;16;;;;;
53;7;501;16;;;;;
53;8;565;16;;;;;
53;9;629;16;;;;;
53;10;693;16;;;;;
53;11;757;16;;;;;
53;12;821;16;;;;;
53;13;885;16;;;;;
53;14;949;16;;;;;
53;15;1013;16;;;;;
53;16;1077;16;;;;;
53;17;1141;16;;;;;
53;18;1205;16;;;;;
53;19;1269;16;;;;;
53;20;1333;16;;;;;
53;21;1397;16;;;;;
53;22;1461;16;;;;;
53;23;1525;16;;;;;
53;24;1589;16;;;;;
53;25;1653;16;;;;;
53;26;1717;16;;;;;
53;27;1781;16;;;;;
53;28;1845;192;;;;;
53;29;1909;0;;;;;
53;30;1973;0;;;;;
53;31;2037;0;;;;;
53;32;2101;0;;;;;
53;33;2165;0;;;;;
53;34;2229;32;;;;;
53;35;2293;16;;;;;
53;36;2357;16;;;;;
53;37;2421;16;;;;;
53;38;2485;16;;;;;
53;39;2549;16;;;;;
53;40;2613;16;;;;;
53;41;2677;16;;;;;
53;42;2741;16;;;;;
53;43;2805;16;;;;;
53;44;2869;16;;;;;
53;45;2933;16;;;;;
53;46;2997;16;;;;;
53;47;3061;16;;;;;
53;48;3125;16;;;;;
53;49;3189;16;;;;;
53;50;3253;16;;;;;
53;51;3317;16;;;;;
53;52;3381;16;;;;;
53;53;3445;16;;;;;
53;54;3509;16;;;;;
53;55;3573;16;;;;;
53;56;3637;16;;;;;
53;57;3701;16;;;;;
53;58;3765;16;;;;;
53;59;3829;128;;;;;
53;60;3893;0;;;;;
53;61;3957;0;;;;;
53;62;4021;0;;;;;
53;63;4085;0;;;;;
54;0;54;16;;;;;
54;1;118;16;;;;;
54;2;182;16;;;;;
54;3;246;16;;;;;
54;4;310;16;;;;;
54;5;374;16;;;;;
54;6;438;16;;;;;
54;7;502;16;;;;;
54;8;566;16;;;;;
54;9;630;16;;;;;
54;10;694;16;;;;;
54;11;758;16;;;;;
54;12;822;16;;;;;
54;13;886;16;;;;;
54;14;950;16;;;;;
54;15;1014;16;;;;;
54;16;1078;16;;;;;
54;17;1142;16;;;;;
54;18;1206;16;;;;;
54;19;1270;16;;;;;
54;20;1334;16;;;;;
54;21;1398;16;;;;;
54;22;1462;16;;;;;
54;23;1526;16;;;;;
54;24;1590;16;;;;;
54;25;1654;16;;;;;
54;26;1718;16;;;;;
54;27;1782;16;;;;;
54;28;1846;128;;;;;
54;29;1910;0;;;;;
54;30;1974;0;;;;;
54;31;2038;0;;;;;
54;32;2102;0;;;;;
54;33;2166;0;;;;;
54;34;2230;32;;;;;
54;35;2294;16;;;;;
54;36;2358;16;;;;;
54;37;2422;16;;;;;
54;38;2486;16;;;;;
54;39;2550;16;;;;;
54;40;2614;16;;;;;
54;41;2678;16;;;;;
54;42;2742;16;;;;;
54;43;2806;16;;;;;
54;44;2870;16;;;;;
54;45;2934;16;;;;;
54;46;2998;16;;;;;
54;47;3062;16;;;;;
54;48;3126;16;;;;;
54;49;3190;16;;;;;
54;50;3254;16;;;;;
54;51;3318;16;;;;;
54;52;3382;16;;;;;
54;53;3446;16;;;;;
54;54;3510;16;;;;;
54;55;3574;16;;;;;
54;56;3638;16;;;;;
54;57;3702;16;;;;;
54;58;3766;16;;;;;
54;59;3830;128;;;;;
54;60;3894;0;;;;;
54;61;3958;0;;;;;
54;62;4022;0;;;;;
54;63;4086;0;;;;;
55;0;55;16;;;;;
55;1;119;16;;;;;
55;2;183;16;;;;;
55;3;247;16;;;;;
55;4;311;16;;;;;
55;5;375;16;;;;;
55;6;439;16;;;;;
55;7;503;16;;;;;
55;8;567;16;;;;;
55;9;631;16;;;;;
55;10;695;16;;;;;
55;11;759;16;;;;;
55;12;823;16;;;;;
55;13;887;16;;;;;
55;14;951;16;;;;;
55;15;1015;16;;;;;
55;16;1079;16;;;;;
55;17;1143;16;;;;;
55;18;1207;16;;;;;
55;19;1271;16;;;;;
55;20;1335;16;;;;;
55;21;1399;16;;;;;
55;22;1463;16;;;;;
55;23;1527;16;;;;;
55;24;1591;16;;;;;
55;25;1655;16;;;;;
55;26;1719;16;;;;;
55;27;1783;16;;;;;
55;28;1847;128;;;;;
55;29;1911;0;;;;;
55;30;1975;0;;;;;
55;31;2039;0;;;;;
55;32;2103;0;;;;;
55;33;2167;0;;;;;
55;34;2231;288;;;;;
55;35;2295;16;;;;;
55;36;2359;16;;;;;
55;37;2423;16;;;;;
55;38;2487;16;;;;;
55;39;2551;16;;;;;
55;40;2615;16;;;;;
55;41;2679;16;;;;;
55;42;2743;16;;;;;
55;43;2807;16;;;;;
55;44;2871;16;;;;;
55;45;2935;16;;;;;
55;46;2999;16;;;;;
55;47;3063;16;;;;;
55;48;3127;16;;;;;
55;49;3191;16;;;;;
55;50;3255;16;;;;;
55;51;3319;16;;;;;
55;52;3383;16;;;;;
55;53;3447;16;;;;;
55;54;3511;16;;;;;
55;55;3575;16;;;;;
55;56;3639;16;;;;;
55;57;3703;16;;;;;
55;58;3767;16;;;;;
55;59;3831;128;;;;;
55;60;3895;0;;;;;
55;61;3959;0;;;;;
55;62;4023;0;;;;;
55;63;4087;0;;;;;
56;0;56;16;;;;;
56;1;120;16;;;;;
56;2;184;16;;;;;
56;3;248;16;;;;;
56;4;312;16;;;;;
56;5;376;16;;;;;
56;6;440;16;;;;;
56;7;504;16;;;;;
56;8;568;16;;;;;
56;9;632;16;;;;;
56;10;696;16;;;;;
56;11;760;16;;;;;
56;12;824;16;;;;;
56;13;888;16;;;;;
56;14;952;16;;;;;
56;15;1016;16;;;;;
56;16;1080;16;;;;;
56;17;1144;16;;;;;
56;18;1208;16;;;;;
56;19;1272;16;;;;;
56;20;1336;16;;;;;
56;21;1400;16;;;;;
56;22;1464;16;;;;;
56;23;1528;16;;;;;
56;24;1592;16;;;;;
56;25;1656;16;;;;;
56;26;1720;16;;;;;
56;27;1784;192;;;;;
56;28;1848;0;;;;;
56;29;1912;0;;;;;
56;30;1976;0;;;;;
56;31;2040;0;;;;;
56;32;2104;0;;;;;
56;33;2168;32;;;;;
56;34;2232;16;;;;;
56;35;2296;16;;;;;
56;36;2360;16;;;;;
56;37;2424;16;;;;;
56;38;2488;16;;;;;
56;39;2552;16;;;;;
56;40;2616;16;;;;;
56;41;2680;16;;;;;
56;42;2744;16;;;;;
56;43;2808;16;;;;;
56;44;2872;16;;;;;
56;45;2936;16;;;;;
56;46;3000;16;;;;;
56;47;3064;16;;;;;
56;48;3128;16;;;;;
56;49;3192;16;;;;;
56;50;3256;16;;;;;
56;51;3320;16;;;;;
56;52;3384;16;;;;;
56;53;3448;16;;;;;
56;54;3512;16;;;;;
56;55;3576;16;;;;;
56;56;3640;16;;;;;
56;57;3704;16;;;;;
56;58;3768;16;;;;;
56;59;3832;128;;;;;
56;60;3896;0;;;;;
56;61;3960;0;;;;;
56;62;4024;0;;;;;
56;63;4088;0;;;;;
57;0;57;16;;;;;
57;1;121;16;;;;;
57;2;185;16;;;;;
57;3;249;16;;;;;
57;4;313;16;;;;;
57;5;377;16;;;;;
57;6;441;16;;;;;
57;7;505;16;;;;;
57;8;569;16;;;;;
57;9;633;16;;;;;
57;10;697;16;;;;;
57;11;761;16;;;;;
57;12;825;16;;;;;
57;13;889;16;;;;;
57;14;953;16;;;;;
57;15;1017;16;;;;;
57;16;1081;16;;;;;
57;17;1145;16;;;;;
57;18;1209;16;;;;;
57;19;1273;16;;;;;
57;20;1337;16;;;;;
57;21;1401;16;;;;;
57;22;1465;16;;;;;
57;23;1529;16;;;;;
57;24;1593;16;;;;;
57;25;1657;16;;;;;
57;26;1721;192;;;;;
57;27;1785;0;;;;;
57;28;1849;0;;;;;
57;29;1913;0;;;;;
57;30;1977;0;;;;;
57;31;2041;0;;;;;
57;32;2105;0;;;;;
57;33;2169;32;;;;;
57;34;2233;16;;;;;
57;35;2297;16;;;;;
57;36;2361;16;;;;;
57;37;2425;16;;;;;
57;38;2489;16;;;;;
57;39;2553;16;;;;;
57;40;2617;16;;;;;
57;41;2681;16;;;;;
57;42;2745;16;;;;;
57;43;2809;16;;;;;
57;44;2873;16;;;;;
57;45;2937;16;;;;;
57;46;3001;16;;;;;
57;47;3065;16;;;;;
57;48;3129;16;;;;;
57;49;3193;16;;;;;
57;50;3257;16;;;;;
57;51;3321;16;;;;;
57;52;3385;16;;;;;
57;53;3449;16;;;;;
57;54;3513;16;;;;;
57;55;3577;16;;;;;
57;56;3641;16;;;;;
57;57;3705;16;;;;;
57;58;3769;16;;;;;
57;59;3833;128;;;;;
57;60;3897;0;;;;;
57;61;3961;0;;;;;
57;62;4025;0;;;;;
57;63;4089;0;;;;;
58;0;58;16;;;;;
58;1;122;16;;;;;
58;2;186;16;;;;;
58;3;250;16;;;;;
58;4;314;16;;;;;
58;5;378;16;;;;;
58;6;442;16;;;;;
58;7;506;16;;;;;
58;8;570;16;;;;;
58;9;634;16;;;;;
58;10;698;16;;;;;
58;11;762;16;;;;;
58;12;826;16;;;;;
58;13;890;16;;;;;
58;14;954;16;;;;;
58;15;1018;16;;;;;
58;16;1082;16;;;;;
58;17;1146;16;;;;;
58;18;1210;16;;;;;
58;19;1274;16;;;;;
58;20;1338;16;;;;;
58;21;1402;16;;;;;
58;22;1466;16;;;;;
58;23;1530;16;;;;;
58;24;1594;16;;;;;
58;25;1658;16;;;;;
58;26;1722;128;;;;;
58;27;1786;0;;;;;
58;28;1850;0;;;;;
58;29;1914;0;;;;;
58;30;1978;0;;;;;
58;31;2042;0;;;;;
58;32;2106;0;;;;;
58;33;2170;32;;;;;
58;34;2234;16;;;;;
58;35;2298;16;;;;;
58;36;2362;16;;;;;
58;37;2426;16;;;;;
58;38;2490;16;;;;;
58;39;2554;16;;;;;
58;40;2618;16;;;;;
58;41;2682;16;;;;;
58;42;2746;16;;;;;
58;43;2810;16;;;;;
58;44;2874;16;;;;;
58;45;2938;16;;;;;
58;46;3002;16;;;;;
58;47;3066;16;;;;;
58;48;3130;16;;;;;
58;49;3194;16;;;;;
58;50;3258;16;;;;;
58;51;3322;16;;;;;
58;52;3386;16;;;;;
58;53;3450;16;;;;;
58;54;3514;16;;;;;
58;55;3578;16;;;;;
58;56;3642;16;;;;;
58;57;3706;16;;;;;
58;58;3770;192;;;;;
58;59;3834;0;;;;;
58;60;3898;0;;;;;
58;61;3962;0;;;;;
58;62;4026;0;;;;;
58;63;4090;0;;;;;
59;0;59;16;;;;;
59;1;123;16;;;;;
59;2;187;16;;;;;
59;3;251;16;;;;;
59;4;315;16;;;;;
59;5;379;16;;;;;
59;6;443;16;;;;;
59;7;507;16;;;;;
59;8;571;16;;;;;
59;9;635;16;;;;;
59;10;699;16;;;;;
59;11;763;16;;;;;
59;12;827;16;;;;;
59;13;891;16;;;;;
59;14;955;16;;;;;
59;15;1019;16;;;;;
59;16;1083;16;;;;;
59;17;1147;16;;;;;
59;18;1211;16;;;;;
59;19;1275;16;;;;;
59;20;1339;16;;;;;
59;21;1403;16;;;;;
59;22;1467;16;;;;;
59;23;1531;16;;;;;
59;24;1595;16;;;;;
59;25;1659;16;;;;;
59;26;1723;128;;;;;
59;27;1787;0;;;;;
59;28;1851;0;;;;;
59;29;1915;0;;;;;
59;30;1979;0;;;;;
59;31;2043;0;;;;;
59;32;2107;0;;;;;
59;33;2171;288;;;;;
59;34;2235;16;;;;;
59;35;2299;16;;;;;
59;36;2363;16;;;;;
59;37;2427;16;;;;;
59;38;2491;16;;;;;
59;39;2555;16;;;;;
59;40;2619;16;;;;;
59;41;2683;16;;;;;
59;42;2747;16;;;;;
59;43;2811;16;;;;;
59;44;2875;16;;;;;
59;45;2939;16;;;;;
59;46;3003;16;;;;;
59;47;3067;16;;;;;
59;48;3131;16;;;;;
59;49;3195;16;;;;;
59;50;3259;16;;;;;
59;51;3323;16;;;;;
59;52;3387;16;;;;;
59;53;3451;16;;;;;
59;54;3515;16;;;;;
59;55;3579;16;;;;;
59;56;3643;16;;;;;
59;57;3707;192;;;;;
59;58;3771;0;;;;;
59;59;3835;0;;;;;
59;60;3899;0;;;;;
59;61;3963;0;;;;;
59;62;4027;0;;;;;
59;63;4091;0;;;;;
60;0;60;16;;;;;
60;1;124;16;;;;;
60;2;188;16;;;;;
60;3;252;16;;;;;
60;4;316;16;;;;;
60;5;380;16;;;;;
60;6;444;16;;;;;
60;7;508;16;;;;;
60;8;572;16;;;;;
60;9;636;16;;;;;
60;10;700;16;;;;;
60;11;764;16;;;;;
60;12;828;16;;;;;
60;13;892;16;;;;;
60;14;956;16;;;;;
60;15;1020;16;;;;;
60;16;1084;16;;;;;
60;17;1148;16;;;;;
60;18;1212;16;;;;;
60;19;1276;16;;;;;
60;20;1340;16;;;;;
60;21;1404;16;;;;;
60;22;1468;16;;;;;
60;23;1532;16;;;;;
60;24;1596;16;;;;;
60;25;1660;196;;;;;
60;26;1724;0;;;;;
60;27;1788;0;;;;;
60;28;1852;0;;;;;
60;29;1916;0;;;;;
60;30;1980;0;;;;;
60;31;2044;0;;;;;
60;32;2108;32;;;;;
60;33;2172;16;;;;;
60;34;2236;16;;;;;
60;35;2300;16;;;;;
60;36;2364;16;;;;;
60;37;2428;16;;;;;
60;38;2492;16;;;;;
60;39;2556;16;;;;;
60;40;2620;16;;;;;
60;41;2684;16;;;;;
60;42;2748;16;;;;;
60;43;2812;16;;;;;
60;44;2876;16;;;;;
60;45;2940;16;;;;;
60;46;3004;16;;;;;
60;47;3068;16;;;;;
60;48;3132;16;;;;;
60;49;3196;16;;;;;
60;50;3260;16;;;;;
60;51;3324;16;;;;;
60;52;3388;16;;;;;
60;53;3452;16;;;;;
60;54;3516;16;;;;;
60;55;3580;16;;;;;
60;56;3644;192;;;;;
60;57;3708;0;;;;;
60;58;3772;0;;;;;
60;59;3836;0;;;;;
60;60;3900;0;;;;;
60;61;3964;0;;;;;
60;62;4028;0;;;;;
60;63;4092;0;;;;;
61;0;61;16;;;;;
61;1;125;16;;;;;
61;2;189;16;;;;;
61;3;253;16;;;;;
61;4;317;16;;;;;
61;5;381;16;;;;;
61;6;445;16;;;;;
61;7;509;16;;;;;
61;8;573;16;;;;;
61;9;637;16;;;;;
61;10;701;16;;;;;
61;11;765;16;;;;;
61;12;829;16;;;;;
61;13;893;16;;;;;
61;14;957;16;;;;;
61;15;1021;16;;;;;
61;16;1085;16;;;;;
61;17;1149;16;;;;;
61;18;1213;16;;;;;
61;19;1277;16;;;;;
61;20;1341;16;;;;;
61;21;1405;16;;;;;
61;22;1469;16;;;;;
61;23;1533;16;;;;;
61;24;1597;16;;;;;
61;25;1661;128;;;;;
61;26;1725;0;;;;;
61;27;1789;0;;;;;
61;28;1853;0;;;;;
61;29;1917;0;;;;;
61;30;1981;0;;;;;
61;31;2045;0;;;;;
61;32;2109;288;;;;;
61;33;2173;16;;;;;
61;34;2237;16;;;;;
61;35;2301;16;;;;;
61;36;2365;16;;;;;
61;37;2429;16;;;;;
61;38;2493;16;;;;;
61;39;2557;16;;;;;
61;40;2621;16;;;;;
61;41;2685;16;;;;;
61;42;2749;16;;;;;
61;43;2813;16;;;;;
61;44;2877;16;;;;;
61;45;2941;16;;;;;
61;46;3005;16;;;;;
61;47;3069;16;;;;;
61;48;3133;16;;;;;
61;49;3197;16;;;;;
61;50;3261;16;;;;;
61;51;3325;16;;;;;
61;52;3389;16;;;;;
61;53;3453;16;;;;;
61;54;3517;16;;;;;
61;55;3581;16;;;;;
61;56;3645;128;;;;;
61;57;3709;0;;;;;
61;58;3773;0;;;;;
61;59;3837;0;;;;;
61;60;3901;0;;;;;
61;61;3965;0;;;;;
61;62;4029;0;;;;;
61;63;4093;0;;;;;
62;0;62;16;;;;;
62;1;126;16;;;;;
62;2;190;16;;;;;
62;3;254;16;;;;;
62;4;318;16;;;;;
62;5;382;16;;;;;
62;6;446;16;;;;;
62;7;510;16;;;;;
62;8;574;16;;;;;
62;9;638;16;;;;;
62;10;702;16;;;;;
62;11;766;16;;;;;
62;12;830;16;;;;;
62;13;894;16;;;;;
62;14;958;16;;;;;
62;15;1022;16;;;;;
62;16;1086;16;;;;;
62;17;1150;16;;;;;
62;18;1214;16;;;;;
62;19;1278;16;;;;;
62;20;1342;16;;;;;
62;21;1406;16;;;;;
62;22;1470;16;;;;;
62;23;1534;16;;;;;
62;24;1598;16;;;;;
62;25;1662;128;;;;;
62;26;1726;0;;;;;
62;27;1790;0;;;;;
62;28;1854;0;;;;;
62;29;1918;0;;;;;
62;30;1982;0;;;;;
62;31;2046;32;;;;;
62;32;2110;16;;;;;
62;33;2174;16;;;;;
62;34;2238;16;;;;;
62;35;2302;16;;;;;
62;36;2366;16;;;;;
62;37;2430;16;;;;;
62;38;2494;16;;;;;
62;39;2558;16;;;;;
62;40;2622;16;;;;;
62;41;2686;16;;;;;
62;42;2750;16;;;;;
62;43;2814;16;;;;;
62;44;2878;16;;;;;
62;45;2942;16;;;;;
62;46;3006;16;;;;;
62;47;3070;16;;;;;
62;48;3134;16;;;;;
62;49;3198;16;;;;;
62;50;3262;16;;;;;
62;51;3326;16;;;;;
62;52;3390;16;;;;;
62;53;3454;16;;;;;
62;54;3518;16;;;;;
62;55;3582;192;;;;;
62;56;3646;0;;;;;
62;57;3710;0;;;;;
62;58;3774;0;;;;;
62;59;3838;0;;;;;
62;60;3902;0;;;;;
62;61;3966;0;;;;;
62;62;4030;0;;;;;
62;63;4094;0;;;;;
63;0;63;16;;;;;
63;1;127;16;;;;;
63;2;191;16;;;;;
63;3;255;16;;;;;
63;4;319;16;;;;;
63;5;383;16;;;;;
63;6;447;16;;;;;
63;7;511;16;;;;;
63;8;575;16;;;;;
63;9;639;16;;;;;
63;10;703;16;;;;;
63;11;767;16;;;;;
63;12;831;16;;;;;
63;13;895;16;;;;;
63;14;959;16;;;;;
63;15;1023;16;;;;;
63;16;1087;16;;;;;
63;17;1151;16;;;;;
63;18;1215;16;;;;;
63;19;1279;16;;;;;
63;20;1343;16;;;;;
63;21;1407;16;;;;;
63;22;1471;16;;;;;
63;23;1535;16;;;;;
63;24;1599;16;;;;;
63;25;1663;128;;;;;
63;26;1727;0;;;;;
63;27;1791;0;;;;;
63;28;1855;0;;;;;
63;29;1919;0;;;;;
63;30;1983;0;;;;;
63;31;2047;32;;;;;
63;32;2111;16;;;;;
63;33;2175;16;;;;;
63;34;2239;16;;;;;
63;35;2303;16;;;;;
63;36;2367;16;;;;;
63;37;2431;16;;;;;
63;38;2495;16;;;;;
63;39;2559;16;;;;;
63;40;2623;16;;;;;
63;41;2687;16;;;;;
63;42;2751;16;;;;;
63;43;2815;16;;;;;
63;44;2879;16;;;;;
63;45;2943;16;;;;;
63;46;3007;16;;;;;
63;47;3071;16;;;;;
63;48;3135;16;;;;;
63;49;3199;16;;;;;
63;50;3263;16;;;;;
63;51;3327;16;;;;;
63;52;3391;16;;;;;
63;53;3455;16;;;;;
63;54;3519;16;;;;;
63;55;3583;128;;;;;
63;56;3647;0;;;;;
63;57;3711;0;;;;;
63;58;3775;0;;;;;
63;59;3839;0;;;;;
63;60;3903;0;;;;;
63;61;3967;0;;;;;
63;62;4031;0;;;;;
63;63;4095;0;;;;;
