0;0;0;0;;;;;
0;1;64;0;;;;;
0;2;128;0;;;;;
0;3;192;0;;;;;
0;4;256;0;;;;;
0;5;320;0;;;;;
0;6;384;0;;;;;
0;7;448;0;;;;;
0;8;512;0;;;;;
0;9;576;0;;;;;
0;10;640;0;;;;;
0;11;704;0;;;;;
0;12;768;0;;;;;
0;13;832;0;;;;;
0;14;896;0;;;;;
0;15;960;0;;;;;
0;16;1024;0;;;;;
0;17;1088;0;;;;;
0;18;1152;0;;;;;
0;19;1216;0;;;;;
0;20;1280;0;;;;;
0;21;1344;0;;;;;
0;22;1408;0;;;;;
0;23;1472;0;;;;;
0;24;1536;0;;;;;
0;25;1600;0;;;;;
0;26;1664;0;;;;;
0;27;1728;0;;;;;
0;28;1792;0;;;;;
0;29;1856;0;;;;;
0;30;1920;0;;;;;
0;31;1984;0;;;;;
0;32;2048;0;;;;;
0;33;2112;0;;;;;
0;34;2176;0;;;;;
0;35;2240;0;;;;;
0;36;2304;0;;;;;
0;37;2368;0;;;;;
0;38;2432;0;;;;;
0;39;2496;0;;;;;
0;40;2560;0;;;;;
0;41;2624;0;;;;;
0;42;2688;0;;;;;
0;43;2752;0;;;;;
0;44;2816;0;;;;;
0;45;2880;0;;;;;
0;46;2944;0;;;;;
0;47;3008;0;;;;;
0;48;3072;0;;;;;
0;49;3136;0;;;;;
0;50;3200;0;;;;;
0;51;3264;0;;;;;
0;52;3328;0;;;;;
0;53;3392;0;;;;;
0;54;3456;0;;;;;
0;55;3520;0;;;;;
0;56;3584;0;;;;;
0;57;3648;0;;;;;
0;58;3712;0;;;;;
0;59;3776;0;;;;;
0;60;3840;0;;;;;
0;61;3904;0;;;;;
0;62;3968;0;;;;;
0;63;4032;0;;;;;
1;0;1;0;;;;;
1;1;65;0;;;;;
1;2;129;0;;;;;
1;3;193;0;;;;;
1;4;257;0;;;;;
1;5;321;0;;;;;
1;6;385;0;;;;;
1;7;449;0;;;;;
1;8;513;0;;;;;
1;9;577;0;;;;;
1;10;641;0;;;;;
1;11;705;0;;;;;
1;12;769;0;;;;;
1;13;833;0;;;;;
1;14;897;0;;;;;
1;15;961;0;;;;;
1;16;1025;0;;;;;
1;17;1089;0;;;;;
1;18;1153;0;;;;;
1;19;1217;0;;;;;
1;20;1281;0;;;;;
1;21;1345;0;;;;;
1;22;1409;0;;;;;
1;23;1473;0;;;;;
1;24;1537;0;;;;;
1;25;1601;0;;;;;
1;26;1665;0;;;;;
1;27;1729;0;;;;;
1;28;1793;0;;;;;
1;29;1857;0;;;;;
1;30;1921;0;;;;;
1;31;1985;0;;;;;
1;32;2049;0;;;;;
1;33;2113;0;;;;;
1;34;2177;0;;;;;
1;35;2241;0;;;;;
1;36;2305;0;;;;;
1;37;2369;0;;;;;
1;38;2433;0;;;;;
1;39;2497;0;;;;;
1;40;2561;0;;;;;
1;41;2625;0;;;;;
1;42;2689;0;;;;;
1;43;2753;0;;;;;
1;44;2817;0;;;;;
1;45;2881;0;;;;;
1;46;2945;0;;;;;
1;47;3009;0;;;;;
1;48;3073;0;;;;;
1;49;3137;0;;;;;
1;50;3201;0;;;;;
1;51;3265;0;;;;;
1;52;3329;0;;;;;
1;53;3393;0;;;;;
1;54;3457;0;;;;;
1;55;3521;0;;;;;
1;56;3585;0;;;;;
1;57;3649;256;;;;;
1;58;3713;8;;;;;
1;59;3777;8;;;;;
1;60;3841;8;;;;;
1;61;3905;256;;;;;
1;62;3969;0;;;;;
1;63;4033;0;;;;;
2;0;2;0;;;;;
2;1;66;0;;;;;
2;2;130;0;;;;;
2;3;194;0;;;;;
2;4;258;0;;;;;
2;5;322;0;;;;;
2;6;386;0;;;;;
2;7;450;0;;;;;
2;8;514;0;;;;;
2;9;578;0;;;;;
2;10;642;0;;;;;
2;11;706;0;;;;;
2;12;770;0;;;;;
2;13;834;0;;;;;
2;14;898;0;;;;;
2;15;962;0;;;;;
2;16;1026;0;;;;;
2;17;1090;0;;;;;
2;18;1154;0;;;;;
2;19;1218;0;;;;;
2;20;1282;0;;;;;
2;21;1346;0;;;;;
2;22;1410;0;;;;;
2;23;1474;0;;;;;
2;24;1538;0;;;;;
2;25;1602;0;;;;;
2;26;1666;0;;;;;
2;27;1730;0;;;;;
2;28;1794;0;;;;;
2;29;1858;0;;;;;
2;30;1922;0;;;;;
2;31;1986;0;;;;;
2;32;2050;0;;;;;
2;33;2114;0;;;;;
2;34;2178;0;;;;;
2;35;2242;0;;;;;
2;36;2306;0;;;;;
2;37;2370;0;;;;;
2;38;2434;0;;;;;
2;39;2498;0;;;;;
2;40;2562;0;;;;;
2;41;2626;0;;;;;
2;42;2690;0;;;;;
2;43;2754;0;;;;;
2;44;2818;0;;;;;
2;45;2882;0;;;;;
2;46;2946;0;;;;;
2;47;3010;0;;;;;
2;48;3074;0;;;;;
2;49;3138;0;;;;;
2;50;3202;0;;;;;
2;51;3266;0;;;;;
2;52;3330;0;;;;;
2;53;3394;0;;;;;
2;54;3458;0;;;;;
2;55;3522;0;;;;;
2;56;3586;288;;;;;
2;57;3650;16;;;;;
2;58;3714;192;;;;;
2;59;3778;64;;;;;
2;60;3842;96;;;;;
2;61;3906;17;;;;;
2;62;3970;384;;;;;
2;63;4034;0;;;;;
3;0;3;0;;;;;
3;1;67;0;;;;;
3;2;131;0;;;;;
3;3;195;0;;;;;
3;4;259;0;;;;;
3;5;323;0;;;;;
3;6;387;0;;;;;
3;7;451;0;;;;;
3;8;515;0;;;;;
3;9;579;0;;;;;
3;10;643;0;;;;;
3;11;707;0;;;;;
3;12;771;0;;;;;
3;13;835;0;;;;;
3;14;899;0;;;;;
3;15;963;0;;;;;
3;16;1027;0;;;;;
3;17;1091;0;;;;;
3;18;1155;0;;;;;
3;19;1219;0;;;;;
3;20;1283;0;;;;;
3;21;1347;0;;;;;
3;22;1411;0;;;;;
3;23;1475;0;;;;;
3;24;1539;0;;;;;
3;25;1603;0;;;;;
3;26;1667;0;;;;;
3;27;1731;0;;;;;
3;28;1795;0;;;;;
3;29;1859;0;;;;;
3;30;1923;0;;;;;
3;31;1987;0;;;;;
3;32;2051;0;;;;;
3;33;2115;0;;;;;
3;34;2179;0;;;;;
3;35;2243;0;;;;;
3;36;2307;0;;;;;
3;37;2371;0;;;;;
3;38;2435;0;;;;;
3;39;2499;0;;;;;
3;40;2563;0;;;;;
3;41;2627;0;;;;;
3;42;2691;0;;;;;
3;43;2755;0;;;;;
3;44;2819;0;;;;;
3;45;2883;0;;;;;
3;46;2947;0;;;;;
3;47;3011;0;;;;;
3;48;3075;0;;;;;
3;49;3139;0;;;;;
3;50;3203;0;;;;;
3;51;3267;0;;;;;
3;52;3331;0;;;;;
3;53;3395;0;;;;;
3;54;3459;0;;;;;
3;55;3523;32;;;;;
3;56;3587;16;;;;;
3;57;3651;192;;;;;
3;58;3715;0;;;;;
3;59;3779;0;;;;;
3;60;3843;0;;;;;
3;61;3907;96;;;;;
3;62;3971;17;;;;;
3;63;4035;128;;;;;
4;0;4;0;;;;;
4;1;68;0;;;;;
4;2;132;0;;;;;
4;3;196;0;;;;;
4;4;260;0;;;;;
4;5;324;0;;;;;
4;6;388;0;;;;;
4;7;452;0;;;;;
4;8;516;0;;;;;
4;9;580;0;;;;;
4;10;644;0;;;;;
4;11;708;0;;;;;
4;12;772;0;;;;;
4;13;836;0;;;;;
4;14;900;0;;;;;
4;15;964;0;;;;;
4;16;1028;0;;;;;
4;17;1092;0;;;;;
4;18;1156;0;;;;;
4;19;1220;0;;;;;
4;20;1284;0;;;;;
4;21;1348;0;;;;;
4;22;1412;0;;;;;
4;23;1476;0;;;;;
4;24;1540;0;;;;;
4;25;1604;0;;;;;
4;26;1668;0;;;;;
4;27;1732;0;;;;;
4;28;1796;0;;;;;
4;29;1860;0;;;;;
4;30;1924;0;;;;;
4;31;1988;0;;;;;
4;32;2052;0;;;;;
4;33;2116;0;;;;;
4;34;2180;0;;;;;
4;35;2244;0;;;;;
4;36;2308;0;;;;;
4;37;2372;0;;;;;
4;38;2436;0;;;;;
4;39;2500;0;;;;;
4;40;2564;0;;;;;
4;41;2628;0;;;;;
4;42;2692;0;;;;;
4;43;2756;0;;;;;
4;44;2820;0;;;;;
4;45;2884;0;;;;;
4;46;2948;0;;;;;
4;47;3012;0;;;;;
4;48;3076;0;;;;;
4;49;3140;0;;;;;
4;50;3204;0;;;;;
4;51;3268;0;;;;;
4;52;3332;0;;;;;
4;53;3396;0;;;;;
4;54;3460;0;;;;;
4;55;3524;1;;;;;
4;56;3588;192;;;;;
4;57;3652;0;;;;;
4;58;3716;0;;;;;
4;59;3780;0;;;;;
4;60;3844;0;;;;;
4;61;3908;0;;;;;
4;62;3972;96;;;;;
4;63;4036;4;;;;;
5;0;5;0;;;;;
5;1;69;0;;;;;
5;2;133;0;;;;;
5;3;197;0;;;;;
5;4;261;0;;;;;
5;5;325;0;;;;;
5;6;389;0;;;;;
5;7;453;0;;;;;
5;8;517;0;;;;;
5;9;581;0;;;;;
5;10;645;0;;;;;
5;11;709;0;;;;;
5;12;773;0;;;;;
5;13;837;0;;;;;
5;14;901;0;;;;;
5;15;965;0;;;;;
5;16;1029;0;;;;;
5;17;1093;0;;;;;
5;18;1157;0;;;;;
5;19;1221;0;;;;;
5;20;1285;0;;;;;
5;21;1349;0;;;;;
5;22;1413;0;;;;;
5;23;1477;0;;;;;
5;24;1541;0;;;;;
5;25;1605;0;;;;;
5;26;1669;0;;;;;
5;27;1733;0;;;;;
5;28;1797;0;;;;;
5;29;1861;0;;;;;
5;30;1925;0;;;;;
5;31;1989;0;;;;;
5;32;2053;0;;;;;
5;33;2117;0;;;;;
5;34;2181;0;;;;;
5;35;2245;0;;;;;
5;36;2309;0;;;;;
5;37;2373;0;;;;;
5;38;2437;0;;;;;
5;39;2501;0;;;;;
5;40;2565;0;;;;;
5;41;2629;0;;;;;
5;42;2693;0;;;;;
5;43;2757;0;;;;;
5;44;2821;0;;;;;
5;45;2885;0;;;;;
5;46;2949;0;;;;;
5;47;3013;0;;;;;
5;48;3077;0;;;;;
5;49;3141;0;;;;;
5;50;3205;0;;;;;
5;51;3269;0;;;;;
5;52;3333;0;;;;;
5;53;3397;0;;;;;
5;54;3461;0;;;;;
5;55;3525;1;;;;;
5;56;3589;128;;;;;
5;57;3653;0;;;;;
5;58;3717;0;;;;;
5;59;3781;0;;;;;
5;60;3845;0;;;;;
5;61;3909;0;;;;;
5;62;3973;32;;;;;
5;63;4037;4;;;;;
6;0;6;0;;;;;
6;1;70;0;;;;;
6;2;134;0;;;;;
6;3;198;0;;;;;
6;4;262;0;;;;;
6;5;326;0;;;;;
6;6;390;0;;;;;
6;7;454;0;;;;;
6;8;518;0;;;;;
6;9;582;0;;;;;
6;10;646;0;;;;;
6;11;710;0;;;;;
6;12;774;0;;;;;
6;13;838;0;;;;;
6;14;902;0;;;;;
6;15;966;0;;;;;
6;16;1030;0;;;;;
6;17;1094;0;;;;;
6;18;1158;0;;;;;
6;19;1222;0;;;;;
6;20;1286;0;;;;;
6;21;1350;0;;;;;
6;22;1414;0;;;;;
6;23;1478;0;;;;;
6;24;1542;0;;;;;
6;25;1606;0;;;;;
6;26;1670;0;;;;;
6;27;1734;0;;;;;
6;28;1798;0;;;;;
6;29;1862;0;;;;;
6;30;1926;0;;;;;
6;31;1990;0;;;;;
6;32;2054;0;;;;;
6;33;2118;0;;;;;
6;34;2182;0;;;;;
6;35;2246;0;;;;;
6;36;2310;0;;;;;
6;37;2374;0;;;;;
6;38;2438;0;;;;;
6;39;2502;0;;;;;
6;40;2566;0;;;;;
6;41;2630;0;;;;;
6;42;2694;0;;;;;
6;43;2758;0;;;;;
6;44;2822;0;;;;;
6;45;2886;0;;;;;
6;46;2950;0;;;;;
6;47;3014;0;;;;;
6;48;3078;0;;;;;
6;49;3142;0;;;;;
6;50;3206;0;;;;;
6;51;3270;0;;;;;
6;52;3334;0;;;;;
6;53;3398;0;;;;;
6;54;3462;0;;;;;
6;55;3526;1;;;;;
6;56;3590;384;;;;;
6;57;3654;0;;;;;
6;58;3718;0;;;;;
6;59;3782;0;;;;;
6;60;3846;0;;;;;
6;61;3910;0;;;;;
6;62;3974;256;;;;;
6;63;4038;0;;;;;
7;0;7;0;;;;;
7;1;71;0;;;;;
7;2;135;0;;;;;
7;3;199;0;;;;;
7;4;263;0;;;;;
7;5;327;0;;;;;
7;6;391;0;;;;;
7;7;455;0;;;;;
7;8;519;0;;;;;
7;9;583;0;;;;;
7;10;647;0;;;;;
7;11;711;0;;;;;
7;12;775;0;;;;;
7;13;839;0;;;;;
7;14;903;0;;;;;
7;15;967;0;;;;;
7;16;1031;0;;;;;
7;17;1095;0;;;;;
7;18;1159;0;;;;;
7;19;1223;0;;;;;
7;20;1287;0;;;;;
7;21;1351;0;;;;;
7;22;1415;0;;;;;
7;23;1479;0;;;;;
7;24;1543;0;;;;;
7;25;1607;0;;;;;
7;26;1671;0;;;;;
7;27;1735;0;;;;;
7;28;1799;0;;;;;
7;29;1863;0;;;;;
7;30;1927;0;;;;;
7;31;1991;0;;;;;
7;32;2055;0;;;;;
7;33;2119;0;;;;;
7;34;2183;0;;;;;
7;35;2247;0;;;;;
7;36;2311;0;;;;;
7;37;2375;0;;;;;
7;38;2439;0;;;;;
7;39;2503;0;;;;;
7;40;2567;0;;;;;
7;41;2631;0;;;;;
7;42;2695;0;;;;;
7;43;2759;0;;;;;
7;44;2823;0;;;;;
7;45;2887;0;;;;;
7;46;2951;0;;;;;
7;47;3015;0;;;;;
7;48;3079;0;;;;;
7;49;3143;0;;;;;
7;50;3207;0;;;;;
7;51;3271;0;;;;;
7;52;3335;0;;;;;
7;53;3399;0;;;;;
7;54;3463;0;;;;;
7;55;3527;32;;;;;
7;56;3591;17;;;;;
7;57;3655;384;;;;;
7;58;3719;0;;;;;
7;59;3783;0;;;;;
7;60;3847;0;;;;;
7;61;3911;288;;;;;
7;62;3975;16;;;;;
7;63;4039;128;;;;;
8;0;8;0;;;;;
8;1;72;0;;;;;
8;2;136;0;;;;;
8;3;200;0;;;;;
8;4;264;0;;;;;
8;5;328;0;;;;;
8;6;392;0;;;;;
8;7;456;0;;;;;
8;8;520;0;;;;;
8;9;584;0;;;;;
8;10;648;0;;;;;
8;11;712;0;;;;;
8;12;776;0;;;;;
8;13;840;0;;;;;
8;14;904;0;;;;;
8;15;968;0;;;;;
8;16;1032;0;;;;;
8;17;1096;0;;;;;
8;18;1160;0;;;;;
8;19;1224;0;;;;;
8;20;1288;0;;;;;
8;21;1352;0;;;;;
8;22;1416;0;;;;;
8;23;1480;0;;;;;
8;24;1544;0;;;;;
8;25;1608;0;;;;;
8;26;1672;0;;;;;
8;27;1736;0;;;;;
8;28;1800;0;;;;;
8;29;1864;0;;;;;
8;30;1928;0;;;;;
8;31;1992;0;;;;;
8;32;2056;0;;;;;
8;33;2120;0;;;;;
8;34;2184;0;;;;;
8;35;2248;0;;;;;
8;36;2312;0;;;;;
8;37;2376;0;;;;;
8;38;2440;0;;;;;
8;39;2504;0;;;;;
8;40;2568;0;;;;;
8;41;2632;0;;;;;
8;42;2696;0;;;;;
8;43;2760;0;;;;;
8;44;2824;0;;;;;
8;45;2888;0;;;;;
8;46;2952;0;;;;;
8;47;3016;0;;;;;
8;48;3080;0;;;;;
8;49;3144;0;;;;;
8;50;3208;0;;;;;
8;51;3272;0;;;;;
8;52;3336;0;;;;;
8;53;3400;0;;;;;
8;54;3464;0;;;;;
8;55;3528;0;;;;;
8;56;3592;96;;;;;
8;57;3656;17;;;;;
8;58;3720;384;;;;;
8;59;3784;256;;;;;
8;60;3848;288;;;;;
8;61;3912;16;;;;;
8;62;3976;192;;;;;
8;63;4040;0;;;;;
9;0;9;0;;;;;
9;1;73;0;;;;;
9;2;137;0;;;;;
9;3;201;0;;;;;
9;4;265;0;;;;;
9;5;329;0;;;;;
9;6;393;256;;;;;
9;7;457;256;;;;;
9;8;521;0;;;;;
9;9;585;0;;;;;
9;10;649;0;;;;;
9;11;713;0;;;;;
9;12;777;0;;;;;
9;13;841;0;;;;;
9;14;905;0;;;;;
9;15;969;0;;;;;
9;16;1033;0;;;;;
9;17;1097;0;;;;;
9;18;1161;0;;;;;
9;19;1225;0;;;;;
9;20;1289;0;;;;;
9;21;1353;0;;;;;
9;22;1417;0;;;;;
9;23;1481;0;;;;;
9;24;1545;0;;;;;
9;25;1609;0;;;;;
9;26;1673;0;;;;;
9;27;1737;0;;;;;
9;28;1801;0;;;;;
9;29;1865;0;;;;;
9;30;1929;0;;;;;
9;31;1993;0;;;;;
9;32;2057;0;;;;;
9;33;2121;0;;;;;
9;34;2185;0;;;;;
9;35;2249;0;;;;;
9;36;2313;0;;;;;
9;37;2377;0;;;;;
9;38;2441;0;;;;;
9;39;2505;0;;;;;
9;40;2569;0;;;;;
9;41;2633;0;;;;;
9;42;2697;0;;;;;
9;43;2761;0;;;;;
9;44;2825;0;;;;;
9;45;2889;0;;;;;
9;46;2953;0;;;;;
9;47;3017;0;;;;;
9;48;3081;0;;;;;
9;49;3145;0;;;;;
9;50;3209;0;;;;;
9;51;3273;0;;;;;
9;52;3337;0;;;;;
9;53;3401;0;;;;;
9;54;3465;0;;;;;
9;55;3529;0;;;;;
9;56;3593;0;;;;;
9;57;3657;64;;;;;
9;58;3721;2;;;;;
9;59;3785;2;;;;;
9;60;3849;2;;;;;
9;61;3913;64;;;;;
9;62;3977;0;;;;;
9;63;4041;0;;;;;
10;0;10;0;;;;;
10;1;74;0;;;;;
10;2;138;0;;;;;
10;3;202;0;;;;;
10;4;266;0;;;;;
10;5;330;32;;;;;
10;6;394;16;;;;;
10;7;458;16;;;;;
10;8;522;128;;;;;
10;9;586;0;;;;;
10;10;650;0;;;;;
10;11;714;0;;;;;
10;12;778;0;;;;;
10;13;842;0;;;;;
10;14;906;0;;;;;
10;15;970;0;;;;;
10;16;1034;0;;;;;
10;17;1098;0;;;;;
10;18;1162;0;;;;;
10;19;1226;0;;;;;
10;20;1290;0;;;;;
10;21;1354;0;;;;;
10;22;1418;0;;;;;
10;23;1482;0;;;;;
10;24;1546;0;;;;;
10;25;1610;0;;;;;
10;26;1674;0;;;;;
10;27;1738;0;;;;;
10;28;1802;0;;;;;
10;29;1866;0;;;;;
10;30;1930;0;;;;;
10;31;1994;0;;;;;
10;32;2058;0;;;;;
10;33;2122;0;;;;;
10;34;2186;0;;;;;
10;35;2250;0;;;;;
10;36;2314;0;;;;;
10;37;2378;0;;;;;
10;38;2442;0;;;;;
10;39;2506;0;;;;;
10;40;2570;0;;;;;
10;41;2634;0;;;;;
10;42;2698;0;;;;;
10;43;2762;0;;;;;
10;44;2826;0;;;;;
10;45;2890;0;;;;;
10;46;2954;0;;;;;
10;47;3018;0;;;;;
10;48;3082;0;;;;;
10;49;3146;0;;;;;
10;50;3210;0;;;;;
10;51;3274;0;;;;;
10;52;3338;0;;;;;
10;53;3402;0;;;;;
10;54;3466;0;;;;;
10;55;3530;0;;;;;
10;56;3594;0;;;;;
10;57;3658;0;;;;;
10;58;3722;0;;;;;
10;59;3786;0;;;;;
10;60;3850;0;;;;;
10;61;3914;0;;;;;
10;62;3978;0;;;;;
10;63;4042;0;;;;;
11;0;11;0;;;;;
11;1;75;0;;;;;
11;2;139;0;;;;;
11;3;203;0;;;;;
11;4;267;0;;;;;
11;5;331;32;;;;;
11;6;395;17;;;;;
11;7;459;16;;;;;
11;8;523;128;;;;;
11;9;587;0;;;;;
11;10;651;0;;;;;
11;11;715;0;;;;;
11;12;779;0;;;;;
11;13;843;0;;;;;
11;14;907;0;;;;;
11;15;971;0;;;;;
11;16;1035;0;;;;;
11;17;1099;0;;;;;
11;18;1163;0;;;;;
11;19;1227;0;;;;;
11;20;1291;0;;;;;
11;21;1355;0;;;;;
11;22;1419;0;;;;;
11;23;1483;0;;;;;
11;24;1547;0;;;;;
11;25;1611;0;;;;;
11;26;1675;0;;;;;
11;27;1739;0;;;;;
11;28;1803;0;;;;;
11;29;1867;0;;;;;
11;30;1931;0;;;;;
11;31;1995;0;;;;;
11;32;2059;0;;;;;
11;33;2123;0;;;;;
11;34;2187;0;;;;;
11;35;2251;0;;;;;
11;36;2315;0;;;;;
11;37;2379;0;;;;;
11;38;2443;0;;;;;
11;39;2507;0;;;;;
11;40;2571;0;;;;;
11;41;2635;0;;;;;
11;42;2699;0;;;;;
11;43;2763;0;;;;;
11;44;2827;0;;;;;
11;45;2891;0;;;;;
11;46;2955;0;;;;;
11;47;3019;0;;;;;
11;48;3083;0;;;;;
11;49;3147;0;;;;;
11;50;3211;0;;;;;
11;51;3275;256;;;;;
11;52;3339;8;;;;;
11;53;3403;8;;;;;
11;54;3467;256;;;;;
11;55;3531;0;;;;;
11;56;3595;0;;;;;
11;57;3659;0;;;;;
11;58;3723;0;;;;;
11;59;3787;0;;;;;
11;60;3851;0;;;;;
11;61;3915;0;;;;;
11;62;3979;0;;;;;
11;63;4043;0;;;;;
12;0;12;0;;;;;
12;1;76;0;;;;;
12;2;140;0;;;;;
12;3;204;0;;;;;
12;4;268;0;;;;;
12;5;332;0;;;;;
12;6;396;64;;;;;
12;7;460;64;;;;;
12;8;524;0;;;;;
12;9;588;0;;;;;
12;10;652;0;;;;;
12;11;716;0;;;;;
12;12;780;0;;;;;
12;13;844;0;;;;;
12;14;908;0;;;;;
12;15;972;0;;;;;
12;16;1036;0;;;;;
12;17;1100;0;;;;;
12;18;1164;0;;;;;
12;19;1228;0;;;;;
12;20;1292;0;;;;;
12;21;1356;0;;;;;
12;22;1420;0;;;;;
12;23;1484;0;;;;;
12;24;1548;0;;;;;
12;25;1612;0;;;;;
12;26;1676;0;;;;;
12;27;1740;0;;;;;
12;28;1804;0;;;;;
12;29;1868;0;;;;;
12;30;1932;0;;;;;
12;31;1996;0;;;;;
12;32;2060;0;;;;;
12;33;2124;0;;;;;
12;34;2188;0;;;;;
12;35;2252;0;;;;;
12;36;2316;0;;;;;
12;37;2380;0;;;;;
12;38;2444;0;;;;;
12;39;2508;0;;;;;
12;40;2572;0;;;;;
12;41;2636;0;;;;;
12;42;2700;0;;;;;
12;43;2764;0;;;;;
12;44;2828;0;;;;;
12;45;2892;0;;;;;
12;46;2956;0;;;;;
12;47;3020;0;;;;;
12;48;3084;0;;;;;
12;49;3148;0;;;;;
12;50;3212;32;;;;;
12;51;3276;16;;;;;
12;52;3340;192;;;;;
12;53;3404;96;;;;;
12;54;3468;17;;;;;
12;55;3532;128;;;;;
12;56;3596;0;;;;;
12;57;3660;0;;;;;
12;58;3724;0;;;;;
12;59;3788;0;;;;;
12;60;3852;0;;;;;
12;61;3916;0;;;;;
12;62;3980;0;;;;;
12;63;4044;0;;;;;
13;0;13;0;;;;;
13;1;77;0;;;;;
13;2;141;0;;;;;
13;3;205;0;;;;;
13;4;269;0;;;;;
13;5;333;0;;;;;
13;6;397;0;;;;;
13;7;461;0;;;;;
13;8;525;0;;;;;
13;9;589;0;;;;;
13;10;653;0;;;;;
13;11;717;0;;;;;
13;12;781;0;;;;;
13;13;845;0;;;;;
13;14;909;0;;;;;
13;15;973;0;;;;;
13;16;1037;0;;;;;
13;17;1101;0;;;;;
13;18;1165;0;;;;;
13;19;1229;8;;;;;
13;20;1293;8;;;;;
13;21;1357;8;;;;;
13;22;1421;0;;;;;
13;23;1485;0;;;;;
13;24;1549;0;;;;;
13;25;1613;0;;;;;
13;26;1677;0;;;;;
13;27;1741;0;;;;;
13;28;1805;0;;;;;
13;29;1869;0;;;;;
13;30;1933;0;;;;;
13;31;1997;0;;;;;
13;32;2061;0;;;;;
13;33;2125;0;;;;;
13;34;2189;0;;;;;
13;35;2253;0;;;;;
13;36;2317;0;;;;;
13;37;2381;0;;;;;
13;38;2445;0;;;;;
13;39;2509;0;;;;;
13;40;2573;0;;;;;
13;41;2637;0;;;;;
13;42;2701;0;;;;;
13;43;2765;0;;;;;
13;44;2829;0;;;;;
13;45;2893;0;;;;;
13;46;2957;0;;;;;
13;47;3021;0;;;;;
13;48;3085;0;;;;;
13;49;3149;0;;;;;
13;50;3213;0;;;;;
13;51;3277;64;;;;;
13;52;3341;0;;;;;
13;53;3405;0;;;;;
13;54;3469;64;;;;;
13;55;3533;0;;;;;
13;56;3597;0;;;;;
13;57;3661;0;;;;;
13;58;3725;0;;;;;
13;59;3789;0;;;;;
13;60;3853;0;;;;;
13;61;3917;0;;;;;
13;62;3981;0;;;;;
13;63;4045;0;;;;;
14;0;14;0;;;;;
14;1;78;0;;;;;
14;2;142;0;;;;;
14;3;206;0;;;;;
14;4;270;0;;;;;
14;5;334;0;;;;;
14;6;398;0;;;;;
14;7;462;0;;;;;
14;8;526;0;;;;;
14;9;590;0;;;;;
14;10;654;0;;;;;
14;11;718;0;;;;;
14;12;782;0;;;;;
14;13;846;0;;;;;
14;14;910;0;;;;;
14;15;974;0;;;;;
14;16;1038;0;;;;;
14;17;1102;0;;;;;
14;18;1166;1;;;;;
14;19;1230;192;;;;;
14;20;1294;64;;;;;
14;21;1358;96;;;;;
14;22;1422;4;;;;;
14;23;1486;0;;;;;
14;24;1550;0;;;;;
14;25;1614;0;;;;;
14;26;1678;0;;;;;
14;27;1742;0;;;;;
14;28;1806;0;;;;;
14;29;1870;0;;;;;
14;30;1934;0;;;;;
14;31;1998;0;;;;;
14;32;2062;0;;;;;
14;33;2126;0;;;;;
14;34;2190;0;;;;;
14;35;2254;0;;;;;
14;36;2318;0;;;;;
14;37;2382;0;;;;;
14;38;2446;0;;;;;
14;39;2510;0;;;;;
14;40;2574;0;;;;;
14;41;2638;0;;;;;
14;42;2702;0;;;;;
14;43;2766;0;;;;;
14;44;2830;0;;;;;
14;45;2894;0;;;;;
14;46;2958;0;;;;;
14;47;3022;0;;;;;
14;48;3086;0;;;;;
14;49;3150;0;;;;;
14;50;3214;0;;;;;
14;51;3278;0;;;;;
14;52;3342;0;;;;;
14;53;3406;0;;;;;
14;54;3470;32;;;;;
14;55;3534;4;;;;;
14;56;3598;0;;;;;
14;57;3662;0;;;;;
14;58;3726;0;;;;;
14;59;3790;0;;;;;
14;60;3854;0;;;;;
14;61;3918;0;;;;;
14;62;3982;0;;;;;
14;63;4046;0;;;;;
15;0;15;0;;;;;
15;1;79;0;;;;;
15;2;143;0;;;;;
15;3;207;0;;;;;
15;4;271;0;;;;;
15;5;335;0;;;;;
15;6;399;0;;;;;
15;7;463;0;;;;;
15;8;527;0;;;;;
15;9;591;0;;;;;
15;10;655;0;;;;;
15;11;719;0;;;;;
15;12;783;0;;;;;
15;13;847;0;;;;;
15;14;911;0;;;;;
15;15;975;0;;;;;
15;16;1039;0;;;;;
15;17;1103;0;;;;;
15;18;1167;257;;;;;
15;19;1231;128;;;;;
15;20;1295;0;;;;;
15;21;1359;32;;;;;
15;22;1423;260;;;;;
15;23;1487;0;;;;;
15;24;1551;0;;;;;
15;25;1615;0;;;;;
15;26;1679;0;;;;;
15;27;1743;0;;;;;
15;28;1807;0;;;;;
15;29;1871;0;;;;;
15;30;1935;0;;;;;
15;31;1999;0;;;;;
15;32;2063;0;;;;;
15;33;2127;0;;;;;
15;34;2191;0;;;;;
15;35;2255;0;;;;;
15;36;2319;0;;;;;
15;37;2383;0;;;;;
15;38;2447;0;;;;;
15;39;2511;0;;;;;
15;40;2575;0;;;;;
15;41;2639;0;;;;;
15;42;2703;0;;;;;
15;43;2767;0;;;;;
15;44;2831;0;;;;;
15;45;2895;0;;;;;
15;46;2959;0;;;;;
15;47;3023;0;;;;;
15;48;3087;0;;;;;
15;49;3151;0;;;;;
15;50;3215;1;;;;;
15;51;3279;128;;;;;
15;52;3343;0;;;;;
15;53;3407;0;;;;;
15;54;3471;0;;;;;
15;55;3535;0;;;;;
15;56;3599;0;;;;;
15;57;3663;0;;;;;
15;58;3727;0;;;;;
15;59;3791;0;;;;;
15;60;3855;0;;;;;
15;61;3919;0;;;;;
15;62;3983;0;;;;;
15;63;4047;0;;;;;
16;0;16;0;;;;;
16;1;80;0;;;;;
16;2;144;0;;;;;
16;3;208;0;;;;;
16;4;272;0;;;;;
16;5;336;0;;;;;
16;6;400;0;;;;;
16;7;464;0;;;;;
16;8;528;0;;;;;
16;9;592;0;;;;;
16;10;656;0;;;;;
16;11;720;0;;;;;
16;12;784;0;;;;;
16;13;848;0;;;;;
16;14;912;0;;;;;
16;15;976;0;;;;;
16;16;1040;0;;;;;
16;17;1104;32;;;;;
16;18;1168;16;;;;;
16;19;1232;128;;;;;
16;20;1296;0;;;;;
16;21;1360;32;;;;;
16;22;1424;17;;;;;
16;23;1488;136;;;;;
16;24;1552;0;;;;;
16;25;1616;0;;;;;
16;26;1680;0;;;;;
16;27;1744;0;;;;;
16;28;1808;0;;;;;
16;29;1872;0;;;;;
16;30;1936;0;;;;;
16;31;2000;0;;;;;
16;32;2064;0;;;;;
16;33;2128;0;;;;;
16;34;2192;0;;;;;
16;35;2256;0;;;;;
16;36;2320;0;;;;;
16;37;2384;0;;;;;
16;38;2448;0;;;;;
16;39;2512;0;;;;;
16;40;2576;0;;;;;
16;41;2640;0;;;;;
16;42;2704;0;;;;;
16;43;2768;0;;;;;
16;44;2832;0;;;;;
16;45;2896;0;;;;;
16;46;2960;0;;;;;
16;47;3024;0;;;;;
16;48;3088;0;;;;;
16;49;3152;0;;;;;
16;50;3216;1;;;;;
16;51;3280;384;;;;;
16;52;3344;0;;;;;
16;53;3408;256;;;;;
16;54;3472;256;;;;;
16;55;3536;0;;;;;
16;56;3600;0;;;;;
16;57;3664;0;;;;;
16;58;3728;0;;;;;
16;59;3792;0;;;;;
16;60;3856;0;;;;;
16;61;3920;0;;;;;
16;62;3984;0;;;;;
16;63;4048;0;;;;;
17;0;17;0;;;;;
17;1;81;0;;;;;
17;2;145;0;;;;;
17;3;209;0;;;;;
17;4;273;0;;;;;
17;5;337;0;;;;;
17;6;401;0;;;;;
17;7;465;0;;;;;
17;8;529;0;;;;;
17;9;593;0;;;;;
17;10;657;0;;;;;
17;11;721;0;;;;;
17;12;785;0;;;;;
17;13;849;0;;;;;
17;14;913;0;;;;;
17;15;977;0;;;;;
17;16;1041;0;;;;;
17;17;1105;1;;;;;
17;18;1169;192;;;;;
17;19;1233;0;;;;;
17;20;1297;0;;;;;
17;21;1361;0;;;;;
17;22;1425;64;;;;;
17;23;1489;64;;;;;
17;24;1553;0;;;;;
17;25;1617;0;;;;;
17;26;1681;0;;;;;
17;27;1745;0;;;;;
17;28;1809;0;;;;;
17;29;1873;0;;;;;
17;30;1937;0;;;;;
17;31;2001;0;;;;;
17;32;2065;0;;;;;
17;33;2129;0;;;;;
17;34;2193;0;;;;;
17;35;2257;0;;;;;
17;36;2321;0;;;;;
17;37;2385;0;;;;;
17;38;2449;0;;;;;
17;39;2513;0;;;;;
17;40;2577;256;;;;;
17;41;2641;256;;;;;
17;42;2705;0;;;;;
17;43;2769;256;;;;;
17;44;2833;0;;;;;
17;45;2897;0;;;;;
17;46;2961;0;;;;;
17;47;3025;0;;;;;
17;48;3089;0;;;;;
17;49;3153;0;;;;;
17;50;3217;0;;;;;
17;51;3281;2;;;;;
17;52;3345;0;;;;;
17;53;3409;2;;;;;
17;54;3473;2;;;;;
17;55;3537;0;;;;;
17;56;3601;0;;;;;
17;57;3665;0;;;;;
17;58;3729;0;;;;;
17;59;3793;0;;;;;
17;60;3857;0;;;;;
17;61;3921;0;;;;;
17;62;3985;0;;;;;
17;63;4049;0;;;;;
18;0;18;0;;;;;
18;1;82;0;;;;;
18;2;146;0;;;;;
18;3;210;0;;;;;
18;4;274;0;;;;;
18;5;338;0;;;;;
18;6;402;0;;;;;
18;7;466;0;;;;;
18;8;530;0;;;;;
18;9;594;0;;;;;
18;10;658;0;;;;;
18;11;722;0;;;;;
18;12;786;0;;;;;
18;13;850;0;;;;;
18;14;914;0;;;;;
18;15;978;0;;;;;
18;16;1042;0;;;;;
18;17;1106;1;;;;;
18;18;1170;384;;;;;
18;19;1234;0;;;;;
18;20;1298;0;;;;;
18;21;1362;0;;;;;
18;22;1426;0;;;;;
18;23;1490;32;;;;;
18;24;1554;4;;;;;
18;25;1618;0;;;;;
18;26;1682;0;;;;;
18;27;1746;0;;;;;
18;28;1810;0;;;;;
18;29;1874;0;;;;;
18;30;1938;0;;;;;
18;31;2002;0;;;;;
18;32;2066;0;;;;;
18;33;2130;0;;;;;
18;34;2194;0;;;;;
18;35;2258;0;;;;;
18;36;2322;0;;;;;
18;37;2386;0;;;;;
18;38;2450;0;;;;;
18;39;2514;0;;;;;
18;40;2578;2;;;;;
18;41;2642;2;;;;;
18;42;2706;0;;;;;
18;43;2770;2;;;;;
18;44;2834;256;;;;;
18;45;2898;0;;;;;
18;46;2962;0;;;;;
18;47;3026;0;;;;;
18;48;3090;0;;;;;
18;49;3154;0;;;;;
18;50;3218;0;;;;;
18;51;3282;0;;;;;
18;52;3346;0;;;;;
18;53;3410;0;;;;;
18;54;3474;0;;;;;
18;55;3538;0;;;;;
18;56;3602;0;;;;;
18;57;3666;0;;;;;
18;58;3730;0;;;;;
18;59;3794;0;;;;;
18;60;3858;0;;;;;
18;61;3922;0;;;;;
18;62;3986;0;;;;;
18;63;4050;0;;;;;
19;0;19;0;;;;;
19;1;83;0;;;;;
19;2;147;0;;;;;
19;3;211;0;;;;;
19;4;275;0;;;;;
19;5;339;0;;;;;
19;6;403;0;;;;;
19;7;467;0;;;;;
19;8;531;0;;;;;
19;9;595;0;;;;;
19;10;659;0;;;;;
19;11;723;0;;;;;
19;12;787;0;;;;;
19;13;851;0;;;;;
19;14;915;0;;;;;
19;15;979;0;;;;;
19;16;1043;0;;;;;
19;17;1107;32;;;;;
19;18;1171;17;;;;;
19;19;1235;128;;;;;
19;20;1299;0;;;;;
19;21;1363;256;;;;;
19;22;1427;256;;;;;
19;23;1491;0;;;;;
19;24;1555;0;;;;;
19;25;1619;0;;;;;
19;26;1683;0;;;;;
19;27;1747;0;;;;;
19;28;1811;0;;;;;
19;29;1875;0;;;;;
19;30;1939;0;;;;;
19;31;2003;0;;;;;
19;32;2067;0;;;;;
19;33;2131;0;;;;;
19;34;2195;0;;;;;
19;35;2259;0;;;;;
19;36;2323;0;;;;;
19;37;2387;0;;;;;
19;38;2451;1;;;;;
19;39;2515;128;;;;;
19;40;2579;0;;;;;
19;41;2643;0;;;;;
19;42;2707;0;;;;;
19;43;2771;32;;;;;
19;44;2835;17;;;;;
19;45;2899;128;;;;;
19;46;2963;0;;;;;
19;47;3027;0;;;;;
19;48;3091;0;;;;;
19;49;3155;0;;;;;
19;50;3219;0;;;;;
19;51;3283;8;;;;;
19;52;3347;8;;;;;
19;53;3411;8;;;;;
19;54;3475;8;;;;;
19;55;3539;0;;;;;
19;56;3603;0;;;;;
19;57;3667;0;;;;;
19;58;3731;0;;;;;
19;59;3795;0;;;;;
19;60;3859;0;;;;;
19;61;3923;0;;;;;
19;62;3987;0;;;;;
19;63;4051;0;;;;;
20;0;20;0;;;;;
20;1;84;0;;;;;
20;2;148;0;;;;;
20;3;212;0;;;;;
20;4;276;0;;;;;
20;5;340;0;;;;;
20;6;404;0;;;;;
20;7;468;0;;;;;
20;8;532;0;;;;;
20;9;596;0;;;;;
20;10;660;0;;;;;
20;11;724;0;;;;;
20;12;788;0;;;;;
20;13;852;0;;;;;
20;14;916;0;;;;;
20;15;980;0;;;;;
20;16;1044;0;;;;;
20;17;1108;0;;;;;
20;18;1172;64;;;;;
20;19;1236;0;;;;;
20;20;1300;0;;;;;
20;21;1364;2;;;;;
20;22;1428;2;;;;;
20;23;1492;0;;;;;
20;24;1556;0;;;;;
20;25;1620;0;;;;;
20;26;1684;0;;;;;
20;27;1748;0;;;;;
20;28;1812;0;;;;;
20;29;1876;0;;;;;
20;30;1940;0;;;;;
20;31;2004;0;;;;;
20;32;2068;0;;;;;
20;33;2132;0;;;;;
20;34;2196;0;;;;;
20;35;2260;0;;;;;
20;36;2324;0;;;;;
20;37;2388;0;;;;;
20;38;2452;1;;;;;
20;39;2516;128;;;;;
20;40;2580;0;;;;;
20;41;2644;0;;;;;
20;42;2708;0;;;;;
20;43;2772;0;;;;;
20;44;2836;96;;;;;
20;45;2900;4;;;;;
20;46;2964;0;;;;;
20;47;3028;0;;;;;
20;48;3092;0;;;;;
20;49;3156;0;;;;;
20;50;3220;1;;;;;
20;51;3284;192;;;;;
20;52;3348;64;;;;;
20;53;3412;64;;;;;
20;54;3476;96;;;;;
20;55;3540;260;;;;;
20;56;3604;256;;;;;
20;57;3668;0;;;;;
20;58;3732;0;;;;;
20;59;3796;0;;;;;
20;60;3860;0;;;;;
20;61;3924;0;;;;;
20;62;3988;0;;;;;
20;63;4052;0;;;;;
21;0;21;0;;;;;
21;1;85;0;;;;;
21;2;149;0;;;;;
21;3;213;0;;;;;
21;4;277;0;;;;;
21;5;341;0;;;;;
21;6;405;0;;;;;
21;7;469;0;;;;;
21;8;533;0;;;;;
21;9;597;0;;;;;
21;10;661;0;;;;;
21;11;725;0;;;;;
21;12;789;0;;;;;
21;13;853;0;;;;;
21;14;917;0;;;;;
21;15;981;0;;;;;
21;16;1045;0;;;;;
21;17;1109;0;;;;;
21;18;1173;0;;;;;
21;19;1237;0;;;;;
21;20;1301;0;;;;;
21;21;1365;0;;;;;
21;22;1429;0;;;;;
21;23;1493;0;;;;;
21;24;1557;0;;;;;
21;25;1621;0;;;;;
21;26;1685;0;;;;;
21;27;1749;0;;;;;
21;28;1813;0;;;;;
21;29;1877;0;;;;;
21;30;1941;0;;;;;
21;31;2005;0;;;;;
21;32;2069;0;;;;;
21;33;2133;0;;;;;
21;34;2197;0;;;;;
21;35;2261;0;;;;;
21;36;2325;0;;;;;
21;37;2389;0;;;;;
21;38;2453;1;;;;;
21;39;2517;128;;;;;
21;40;2581;0;;;;;
21;41;2645;0;;;;;
21;42;2709;0;;;;;
21;43;2773;0;;;;;
21;44;2837;0;;;;;
21;45;2901;0;;;;;
21;46;2965;0;;;;;
21;47;3029;0;;;;;
21;48;3093;0;;;;;
21;49;3157;0;;;;;
21;50;3221;1;;;;;
21;51;3285;128;;;;;
21;52;3349;0;;;;;
21;53;3413;0;;;;;
21;54;3477;32;;;;;
21;55;3541;17;;;;;
21;56;3605;16;;;;;
21;57;3669;128;;;;;
21;58;3733;0;;;;;
21;59;3797;0;;;;;
21;60;3861;0;;;;;
21;61;3925;0;;;;;
21;62;3989;0;;;;;
21;63;4053;0;;;;;
22;0;22;0;;;;;
22;1;86;0;;;;;
22;2;150;0;;;;;
22;3;214;0;;;;;
22;4;278;0;;;;;
22;5;342;0;;;;;
22;6;406;0;;;;;
22;7;470;0;;;;;
22;8;534;0;;;;;
22;9;598;0;;;;;
22;10;662;0;;;;;
22;11;726;0;;;;;
22;12;790;0;;;;;
22;13;854;0;;;;;
22;14;918;0;;;;;
22;15;982;0;;;;;
22;16;1046;0;;;;;
22;17;1110;0;;;;;
22;18;1174;0;;;;;
22;19;1238;0;;;;;
22;20;1302;0;;;;;
22;21;1366;0;;;;;
22;22;1430;0;;;;;
22;23;1494;0;;;;;
22;24;1558;0;;;;;
22;25;1622;0;;;;;
22;26;1686;0;;;;;
22;27;1750;0;;;;;
22;28;1814;0;;;;;
22;29;1878;0;;;;;
22;30;1942;0;;;;;
22;31;2006;0;;;;;
22;32;2070;0;;;;;
22;33;2134;0;;;;;
22;34;2198;0;;;;;
22;35;2262;0;;;;;
22;36;2326;0;;;;;
22;37;2390;0;;;;;
22;38;2454;1;;;;;
22;39;2518;128;;;;;
22;40;2582;0;;;;;
22;41;2646;0;;;;;
22;42;2710;0;;;;;
22;43;2774;0;;;;;
22;44;2838;256;;;;;
22;45;2902;0;;;;;
22;46;2966;0;;;;;
22;47;3030;0;;;;;
22;48;3094;0;;;;;
22;49;3158;0;;;;;
22;50;3222;0;;;;;
22;51;3286;0;;;;;
22;52;3350;0;;;;;
22;53;3414;0;;;;;
22;54;3478;0;;;;;
22;55;3542;320;;;;;
22;56;3606;320;;;;;
22;57;3670;0;;;;;
22;58;3734;0;;;;;
22;59;3798;0;;;;;
22;60;3862;0;;;;;
22;61;3926;0;;;;;
22;62;3990;0;;;;;
22;63;4054;0;;;;;
23;0;23;0;;;;;
23;1;87;0;;;;;
23;2;151;0;;;;;
23;3;215;0;;;;;
23;4;279;0;;;;;
23;5;343;0;;;;;
23;6;407;0;;;;;
23;7;471;0;;;;;
23;8;535;0;;;;;
23;9;599;0;;;;;
23;10;663;0;;;;;
23;11;727;0;;;;;
23;12;791;0;;;;;
23;13;855;0;;;;;
23;14;919;0;;;;;
23;15;983;0;;;;;
23;16;1047;0;;;;;
23;17;1111;0;;;;;
23;18;1175;0;;;;;
23;19;1239;0;;;;;
23;20;1303;0;;;;;
23;21;1367;0;;;;;
23;22;1431;0;;;;;
23;23;1495;0;;;;;
23;24;1559;0;;;;;
23;25;1623;0;;;;;
23;26;1687;0;;;;;
23;27;1751;0;;;;;
23;28;1815;0;;;;;
23;29;1879;0;;;;;
23;30;1943;0;;;;;
23;31;2007;8;;;;;
23;32;2071;8;;;;;
23;33;2135;8;;;;;
23;34;2199;8;;;;;
23;35;2263;0;;;;;
23;36;2327;0;;;;;
23;37;2391;0;;;;;
23;38;2455;1;;;;;
23;39;2519;384;;;;;
23;40;2583;256;;;;;
23;41;2647;256;;;;;
23;42;2711;256;;;;;
23;43;2775;288;;;;;
23;44;2839;16;;;;;
23;45;2903;128;;;;;
23;46;2967;0;;;;;
23;47;3031;0;;;;;
23;48;3095;0;;;;;
23;49;3159;0;;;;;
23;50;3223;1;;;;;
23;51;3287;384;;;;;
23;52;3351;256;;;;;
23;53;3415;256;;;;;
23;54;3479;288;;;;;
23;55;3543;16;;;;;
23;56;3607;17;;;;;
23;57;3671;384;;;;;
23;58;3735;256;;;;;
23;59;3799;256;;;;;
23;60;3863;0;;;;;
23;61;3927;0;;;;;
23;62;3991;0;;;;;
23;63;4055;0;;;;;
24;0;24;0;;;;;
24;1;88;0;;;;;
24;2;152;0;;;;;
24;3;216;0;;;;;
24;4;280;0;;;;;
24;5;344;0;;;;;
24;6;408;0;;;;;
24;7;472;0;;;;;
24;8;536;0;;;;;
24;9;600;0;;;;;
24;10;664;0;;;;;
24;11;728;0;;;;;
24;12;792;0;;;;;
24;13;856;0;;;;;
24;14;920;0;;;;;
24;15;984;0;;;;;
24;16;1048;0;;;;;
24;17;1112;0;;;;;
24;18;1176;0;;;;;
24;19;1240;0;;;;;
24;20;1304;0;;;;;
24;21;1368;0;;;;;
24;22;1432;0;;;;;
24;23;1496;0;;;;;
24;24;1560;0;;;;;
24;25;1624;0;;;;;
24;26;1688;0;;;;;
24;27;1752;0;;;;;
24;28;1816;0;;;;;
24;29;1880;0;;;;;
24;30;1944;1;;;;;
24;31;2008;192;;;;;
24;32;2072;64;;;;;
24;33;2136;64;;;;;
24;34;2200;96;;;;;
24;35;2264;4;;;;;
24;36;2328;0;;;;;
24;37;2392;0;;;;;
24;38;2456;0;;;;;
24;39;2520;2;;;;;
24;40;2584;2;;;;;
24;41;2648;2;;;;;
24;42;2712;2;;;;;
24;43;2776;2;;;;;
24;44;2840;64;;;;;
24;45;2904;0;;;;;
24;46;2968;0;;;;;
24;47;3032;0;;;;;
24;48;3096;0;;;;;
24;49;3160;0;;;;;
24;50;3224;0;;;;;
24;51;3288;2;;;;;
24;52;3352;2;;;;;
24;53;3416;2;;;;;
24;54;3480;2;;;;;
24;55;3544;64;;;;;
24;56;3608;64;;;;;
24;57;3672;2;;;;;
24;58;3736;2;;;;;
24;59;3800;2;;;;;
24;60;3864;0;;;;;
24;61;3928;0;;;;;
24;62;3992;0;;;;;
24;63;4056;0;;;;;
25;0;25;0;;;;;
25;1;89;0;;;;;
25;2;153;0;;;;;
25;3;217;0;;;;;
25;4;281;0;;;;;
25;5;345;0;;;;;
25;6;409;0;;;;;
25;7;473;0;;;;;
25;8;537;0;;;;;
25;9;601;0;;;;;
25;10;665;0;;;;;
25;11;729;0;;;;;
25;12;793;0;;;;;
25;13;857;0;;;;;
25;14;921;0;;;;;
25;15;985;0;;;;;
25;16;1049;0;;;;;
25;17;1113;0;;;;;
25;18;1177;0;;;;;
25;19;1241;0;;;;;
25;20;1305;0;;;;;
25;21;1369;0;;;;;
25;22;1433;0;;;;;
25;23;1497;256;;;;;
25;24;1561;0;;;;;
25;25;1625;0;;;;;
25;26;1689;0;;;;;
25;27;1753;0;;;;;
25;28;1817;0;;;;;
25;29;1881;0;;;;;
25;30;1945;1;;;;;
25;31;2009;128;;;;;
25;32;2073;0;;;;;
25;33;2137;0;;;;;
25;34;2201;32;;;;;
25;35;2265;4;;;;;
25;36;2329;0;;;;;
25;37;2393;0;;;;;
25;38;2457;0;;;;;
25;39;2521;0;;;;;
25;40;2585;0;;;;;
25;41;2649;0;;;;;
25;42;2713;0;;;;;
25;43;2777;0;;;;;
25;44;2841;0;;;;;
25;45;2905;0;;;;;
25;46;2969;0;;;;;
25;47;3033;0;;;;;
25;48;3097;8;;;;;
25;49;3161;0;;;;;
25;50;3225;0;;;;;
25;51;3289;8;;;;;
25;52;3353;8;;;;;
25;53;3417;8;;;;;
25;54;3481;0;;;;;
25;55;3545;0;;;;;
25;56;3609;0;;;;;
25;57;3673;0;;;;;
25;58;3737;0;;;;;
25;59;3801;0;;;;;
25;60;3865;0;;;;;
25;61;3929;0;;;;;
25;62;3993;0;;;;;
25;63;4057;0;;;;;
26;0;26;0;;;;;
26;1;90;0;;;;;
26;2;154;0;;;;;
26;3;218;0;;;;;
26;4;282;0;;;;;
26;5;346;0;;;;;
26;6;410;0;;;;;
26;7;474;0;;;;;
26;8;538;0;;;;;
26;9;602;0;;;;;
26;10;666;0;;;;;
26;11;730;0;;;;;
26;12;794;0;;;;;
26;13;858;0;;;;;
26;14;922;0;;;;;
26;15;986;0;;;;;
26;16;1050;0;;;;;
26;17;1114;0;;;;;
26;18;1178;0;;;;;
26;19;1242;0;;;;;
26;20;1306;0;;;;;
26;21;1370;0;;;;;
26;22;1434;288;;;;;
26;23;1498;16;;;;;
26;24;1562;136;;;;;
26;25;1626;8;;;;;
26;26;1690;8;;;;;
26;27;1754;8;;;;;
26;28;1818;0;;;;;
26;29;1882;0;;;;;
26;30;1946;1;;;;;
26;31;2010;128;;;;;
26;32;2074;0;;;;;
26;33;2138;0;;;;;
26;34;2202;32;;;;;
26;35;2266;4;;;;;
26;36;2330;0;;;;;
26;37;2394;0;;;;;
26;38;2458;0;;;;;
26;39;2522;0;;;;;
26;40;2586;0;;;;;
26;41;2650;0;;;;;
26;42;2714;0;;;;;
26;43;2778;0;;;;;
26;44;2842;0;;;;;
26;45;2906;0;;;;;
26;46;2970;1;;;;;
26;47;3034;128;;;;;
26;48;3098;96;;;;;
26;49;3162;4;;;;;
26;50;3226;0;;;;;
26;51;3290;64;;;;;
26;52;3354;64;;;;;
26;53;3418;96;;;;;
26;54;3482;4;;;;;
26;55;3546;0;;;;;
26;56;3610;0;;;;;
26;57;3674;0;;;;;
26;58;3738;0;;;;;
26;59;3802;0;;;;;
26;60;3866;0;;;;;
26;61;3930;0;;;;;
26;62;3994;0;;;;;
26;63;4058;0;;;;;
27;0;27;0;;;;;
27;1;91;0;;;;;
27;2;155;0;;;;;
27;3;219;8;;;;;
27;4;283;8;;;;;
27;5;347;8;;;;;
27;6;411;8;;;;;
27;7;475;8;;;;;
27;8;539;0;;;;;
27;9;603;0;;;;;
27;10;667;0;;;;;
27;11;731;0;;;;;
27;12;795;0;;;;;
27;13;859;0;;;;;
27;14;923;0;;;;;
27;15;987;0;;;;;
27;16;1051;0;;;;;
27;17;1115;0;;;;;
27;18;1179;0;;;;;
27;19;1243;0;;;;;
27;20;1307;0;;;;;
27;21;1371;32;;;;;
27;22;1435;16;;;;;
27;23;1499;192;;;;;
27;24;1563;64;;;;;
27;25;1627;64;;;;;
27;26;1691;64;;;;;
27;27;1755;96;;;;;
27;28;1819;4;;;;;
27;29;1883;0;;;;;
27;30;1947;1;;;;;
27;31;2011;384;;;;;
27;32;2075;0;;;;;
27;33;2139;0;;;;;
27;34;2203;288;;;;;
27;35;2267;4;;;;;
27;36;2331;0;;;;;
27;37;2395;0;;;;;
27;38;2459;0;;;;;
27;39;2523;0;;;;;
27;40;2587;0;;;;;
27;41;2651;0;;;;;
27;42;2715;0;;;;;
27;43;2779;0;;;;;
27;44;2843;0;;;;;
27;45;2907;0;;;;;
27;46;2971;0;;;;;
27;47;3035;0;;;;;
27;48;3099;32;;;;;
27;49;3163;4;;;;;
27;50;3227;0;;;;;
27;51;3291;0;;;;;
27;52;3355;0;;;;;
27;53;3419;32;;;;;
27;54;3483;4;;;;;
27;55;3547;0;;;;;
27;56;3611;0;;;;;
27;57;3675;0;;;;;
27;58;3739;0;;;;;
27;59;3803;0;;;;;
27;60;3867;256;;;;;
27;61;3931;256;;;;;
27;62;3995;0;;;;;
27;63;4059;0;;;;;
28;0;28;0;;;;;
28;1;92;0;;;;;
28;2;156;1;;;;;
28;3;220;192;;;;;
28;4;284;64;;;;;
28;5;348;64;;;;;
28;6;412;64;;;;;
28;7;476;96;;;;;
28;8;540;4;;;;;
28;9;604;0;;;;;
28;10;668;0;;;;;
28;11;732;0;;;;;
28;12;796;8;;;;;
28;13;860;8;;;;;
28;14;924;8;;;;;
28;15;988;8;;;;;
28;16;1052;8;;;;;
28;17;1116;0;;;;;
28;18;1180;0;;;;;
28;19;1244;0;;;;;
28;20;1308;0;;;;;
28;21;1372;1;;;;;
28;22;1436;192;;;;;
28;23;1500;0;;;;;
28;24;1564;0;;;;;
28;25;1628;0;;;;;
28;26;1692;0;;;;;
28;27;1756;32;;;;;
28;28;1820;4;;;;;
28;29;1884;0;;;;;
28;30;1948;0;;;;;
28;31;2012;2;;;;;
28;32;2076;0;;;;;
28;33;2140;0;;;;;
28;34;2204;2;;;;;
28;35;2268;0;;;;;
28;36;2332;0;;;;;
28;37;2396;0;;;;;
28;38;2460;0;;;;;
28;39;2524;0;;;;;
28;40;2588;0;;;;;
28;41;2652;0;;;;;
28;42;2716;0;;;;;
28;43;2780;0;;;;;
28;44;2844;0;;;;;
28;45;2908;0;;;;;
28;46;2972;0;;;;;
28;47;3036;0;;;;;
28;48;3100;32;;;;;
28;49;3164;4;;;;;
28;50;3228;0;;;;;
28;51;3292;0;;;;;
28;52;3356;0;;;;;
28;53;3420;0;;;;;
28;54;3484;0;;;;;
28;55;3548;0;;;;;
28;56;3612;0;;;;;
28;57;3676;0;;;;;
28;58;3740;256;;;;;
28;59;3804;32;;;;;
28;60;3868;16;;;;;
28;61;3932;130;;;;;
28;62;3996;0;;;;;
28;63;4060;0;;;;;
29;0;29;0;;;;;
29;1;93;0;;;;;
29;2;157;1;;;;;
29;3;221;128;;;;;
29;4;285;0;;;;;
29;5;349;0;;;;;
29;6;413;0;;;;;
29;7;477;32;;;;;
29;8;541;4;;;;;
29;9;605;0;;;;;
29;10;669;0;;;;;
29;11;733;1;;;;;
29;12;797;192;;;;;
29;13;861;64;;;;;
29;14;925;64;;;;;
29;15;989;64;;;;;
29;16;1053;96;;;;;
29;17;1117;4;;;;;
29;18;1181;0;;;;;
29;19;1245;0;;;;;
29;20;1309;0;;;;;
29;21;1373;1;;;;;
29;22;1437;128;;;;;
29;23;1501;0;;;;;
29;24;1565;0;;;;;
29;25;1629;0;;;;;
29;26;1693;256;;;;;
29;27;1757;288;;;;;
29;28;1821;4;;;;;
29;29;1885;0;;;;;
29;30;1949;0;;;;;
29;31;2013;0;;;;;
29;32;2077;0;;;;;
29;33;2141;0;;;;;
29;34;2205;0;;;;;
29;35;2269;0;;;;;
29;36;2333;0;;;;;
29;37;2397;0;;;;;
29;38;2461;0;;;;;
29;39;2525;0;;;;;
29;40;2589;0;;;;;
29;41;2653;0;;;;;
29;42;2717;0;;;;;
29;43;2781;0;;;;;
29;44;2845;0;;;;;
29;45;2909;0;;;;;
29;46;2973;1;;;;;
29;47;3037;128;;;;;
29;48;3101;32;;;;;
29;49;3165;4;;;;;
29;50;3229;0;;;;;
29;51;3293;0;;;;;
29;52;3357;0;;;;;
29;53;3421;0;;;;;
29;54;3485;0;;;;;
29;55;3549;0;;;;;
29;56;3613;0;;;;;
29;57;3677;32;;;;;
29;58;3741;16;;;;;
29;59;3805;128;;;;;
29;60;3869;64;;;;;
29;61;3933;0;;;;;
29;62;3997;0;;;;;
29;63;4061;0;;;;;
30;0;30;0;;;;;
30;1;94;0;;;;;
30;2;158;1;;;;;
30;3;222;128;;;;;
30;4;286;0;;;;;
30;5;350;0;;;;;
30;6;414;0;;;;;
30;7;478;0;;;;;
30;8;542;0;;;;;
30;9;606;0;;;;;
30;10;670;0;;;;;
30;11;734;1;;;;;
30;12;798;128;;;;;
30;13;862;0;;;;;
30;14;926;0;;;;;
30;15;990;0;;;;;
30;16;1054;32;;;;;
30;17;1118;4;;;;;
30;18;1182;0;;;;;
30;19;1246;0;;;;;
30;20;1310;0;;;;;
30;21;1374;1;;;;;
30;22;1438;128;;;;;
30;23;1502;0;;;;;
30;24;1566;0;;;;;
30;25;1630;32;;;;;
30;26;1694;16;;;;;
30;27;1758;130;;;;;
30;28;1822;0;;;;;
30;29;1886;0;;;;;
30;30;1950;0;;;;;
30;31;2014;0;;;;;
30;32;2078;0;;;;;
30;33;2142;0;;;;;
30;34;2206;0;;;;;
30;35;2270;0;;;;;
30;36;2334;0;;;;;
30;37;2398;0;;;;;
30;38;2462;0;;;;;
30;39;2526;0;;;;;
30;40;2590;0;;;;;
30;41;2654;0;;;;;
30;42;2718;0;;;;;
30;43;2782;0;;;;;
30;44;2846;0;;;;;
30;45;2910;0;;;;;
30;46;2974;0;;;;;
30;47;3038;0;;;;;
30;48;3102;0;;;;;
30;49;3166;0;;;;;
30;50;3230;0;;;;;
30;51;3294;0;;;;;
30;52;3358;0;;;;;
30;53;3422;32;;;;;
30;54;3486;4;;;;;
30;55;3550;0;;;;;
30;56;3614;0;;;;;
30;57;3678;288;;;;;
30;58;3742;68;;;;;
30;59;3806;0;;;;;
30;60;3870;0;;;;;
30;61;3934;0;;;;;
30;62;3998;0;;;;;
30;63;4062;0;;;;;
31;0;31;0;;;;;
31;1;95;0;;;;;
31;2;159;1;;;;;
31;3;223;384;;;;;
31;4;287;256;;;;;
31;5;351;256;;;;;
31;6;415;256;;;;;
31;7;479;288;;;;;
31;8;543;4;;;;;
31;9;607;0;;;;;
31;10;671;0;;;;;
31;11;735;257;;;;;
31;12;799;128;;;;;
31;13;863;0;;;;;
31;14;927;0;;;;;
31;15;991;0;;;;;
31;16;1055;32;;;;;
31;17;1119;4;;;;;
31;18;1183;0;;;;;
31;19;1247;0;;;;;
31;20;1311;0;;;;;
31;21;1375;1;;;;;
31;22;1439;384;;;;;
31;23;1503;0;;;;;
31;24;1567;0;;;;;
31;25;1631;0;;;;;
31;26;1695;64;;;;;
31;27;1759;0;;;;;
31;28;1823;8;;;;;
31;29;1887;8;;;;;
31;30;1951;8;;;;;
31;31;2015;0;;;;;
31;32;2079;0;;;;;
31;33;2143;0;;;;;
31;34;2207;0;;;;;
31;35;2271;0;;;;;
31;36;2335;0;;;;;
31;37;2399;0;;;;;
31;38;2463;0;;;;;
31;39;2527;0;;;;;
31;40;2591;0;;;;;
31;41;2655;0;;;;;
31;42;2719;0;;;;;
31;43;2783;0;;;;;
31;44;2847;0;;;;;
31;45;2911;0;;;;;
31;46;2975;0;;;;;
31;47;3039;0;;;;;
31;48;3103;0;;;;;
31;49;3167;0;;;;;
31;50;3231;0;;;;;
31;51;3295;0;;;;;
31;52;3359;0;;;;;
31;53;3423;32;;;;;
31;54;3487;4;;;;;
31;55;3551;256;;;;;
31;56;3615;288;;;;;
31;57;3679;16;;;;;
31;58;3743;128;;;;;
31;59;3807;0;;;;;
31;60;3871;0;;;;;
31;61;3935;0;;;;;
31;62;3999;0;;;;;
31;63;4063;0;;;;;
32;0;32;0;;;;;
32;1;96;0;;;;;
32;2;160;0;;;;;
32;3;224;2;;;;;
32;4;288;2;;;;;
32;5;352;2;;;;;
32;6;416;2;;;;;
32;7;480;2;;;;;
32;8;544;0;;;;;
32;9;608;0;;;;;
32;10;672;32;;;;;
32;11;736;17;;;;;
32;12;800;384;;;;;
32;13;864;256;;;;;
32;14;928;0;;;;;
32;15;992;256;;;;;
32;16;1056;288;;;;;
32;17;1120;4;;;;;
32;18;1184;0;;;;;
32;19;1248;0;;;;;
32;20;1312;0;;;;;
32;21;1376;32;;;;;
32;22;1440;17;;;;;
32;23;1504;128;;;;;
32;24;1568;0;;;;;
32;25;1632;32;;;;;
32;26;1696;4;;;;;
32;27;1760;1;;;;;
32;28;1824;192;;;;;
32;29;1888;64;;;;;
32;30;1952;96;;;;;
32;31;2016;4;;;;;
32;32;2080;0;;;;;
32;33;2144;0;;;;;
32;34;2208;0;;;;;
32;35;2272;0;;;;;
32;36;2336;0;;;;;
32;37;2400;0;;;;;
32;38;2464;0;;;;;
32;39;2528;0;;;;;
32;40;2592;0;;;;;
32;41;2656;0;;;;;
32;42;2720;0;;;;;
32;43;2784;0;;;;;
32;44;2848;0;;;;;
32;45;2912;0;;;;;
32;46;2976;1;;;;;
32;47;3040;128;;;;;
32;48;3104;32;;;;;
32;49;3168;4;;;;;
32;50;3232;0;;;;;
32;51;3296;0;;;;;
32;52;3360;0;;;;;
32;53;3424;32;;;;;
32;54;3488;36;;;;;
32;55;3552;16;;;;;
32;56;3616;130;;;;;
32;57;3680;64;;;;;
32;58;3744;0;;;;;
32;59;3808;0;;;;;
32;60;3872;0;;;;;
32;61;3936;0;;;;;
32;62;4000;0;;;;;
32;63;4064;0;;;;;
33;0;33;0;;;;;
33;1;97;0;;;;;
33;2;161;0;;;;;
33;3;225;0;;;;;
33;4;289;0;;;;;
33;5;353;0;;;;;
33;6;417;0;;;;;
33;7;481;0;;;;;
33;8;545;0;;;;;
33;9;609;0;;;;;
33;10;673;0;;;;;
33;11;737;64;;;;;
33;12;801;2;;;;;
33;13;865;2;;;;;
33;14;929;0;;;;;
33;15;993;2;;;;;
33;16;1057;2;;;;;
33;17;1121;0;;;;;
33;18;1185;0;;;;;
33;19;1249;0;;;;;
33;20;1313;0;;;;;
33;21;1377;0;;;;;
33;22;1441;65;;;;;
33;23;1505;128;;;;;
33;24;1569;0;;;;;
33;25;1633;32;;;;;
33;26;1697;4;;;;;
33;27;1761;0;;;;;
33;28;1825;0;;;;;
33;29;1889;0;;;;;
33;30;1953;32;;;;;
33;31;2017;4;;;;;
33;32;2081;0;;;;;
33;33;2145;0;;;;;
33;34;2209;0;;;;;
33;35;2273;0;;;;;
33;36;2337;0;;;;;
33;37;2401;0;;;;;
33;38;2465;0;;;;;
33;39;2529;0;;;;;
33;40;2593;0;;;;;
33;41;2657;0;;;;;
33;42;2721;0;;;;;
33;43;2785;0;;;;;
33;44;2849;0;;;;;
33;45;2913;0;;;;;
33;46;2977;0;;;;;
33;47;3041;0;;;;;
33;48;3105;32;;;;;
33;49;3169;4;;;;;
33;50;3233;0;;;;;
33;51;3297;0;;;;;
33;52;3361;0;;;;;
33;53;3425;32;;;;;
33;54;3489;36;;;;;
33;55;3553;68;;;;;
33;56;3617;0;;;;;
33;57;3681;0;;;;;
33;58;3745;0;;;;;
33;59;3809;0;;;;;
33;60;3873;0;;;;;
33;61;3937;0;;;;;
33;62;4001;0;;;;;
33;63;4065;0;;;;;
34;0;34;0;;;;;
34;1;98;0;;;;;
34;2;162;0;;;;;
34;3;226;0;;;;;
34;4;290;8;;;;;
34;5;354;8;;;;;
34;6;418;8;;;;;
34;7;482;8;;;;;
34;8;546;0;;;;;
34;9;610;0;;;;;
34;10;674;0;;;;;
34;11;738;0;;;;;
34;12;802;8;;;;;
34;13;866;8;;;;;
34;14;930;8;;;;;
34;15;994;8;;;;;
34;16;1058;8;;;;;
34;17;1122;8;;;;;
34;18;1186;0;;;;;
34;19;1250;0;;;;;
34;20;1314;0;;;;;
34;21;1378;0;;;;;
34;22;1442;1;;;;;
34;23;1506;384;;;;;
34;24;1570;256;;;;;
34;25;1634;288;;;;;
34;26;1698;4;;;;;
34;27;1762;1;;;;;
34;28;1826;384;;;;;
34;29;1890;256;;;;;
34;30;1954;288;;;;;
34;31;2018;4;;;;;
34;32;2082;0;;;;;
34;33;2146;0;;;;;
34;34;2210;0;;;;;
34;35;2274;0;;;;;
34;36;2338;0;;;;;
34;37;2402;0;;;;;
34;38;2466;0;;;;;
34;39;2530;0;;;;;
34;40;2594;0;;;;;
34;41;2658;0;;;;;
34;42;2722;0;;;;;
34;43;2786;0;;;;;
34;44;2850;0;;;;;
34;45;2914;0;;;;;
34;46;2978;0;;;;;
34;47;3042;0;;;;;
34;48;3106;32;;;;;
34;49;3170;4;;;;;
34;50;3234;0;;;;;
34;51;3298;0;;;;;
34;52;3362;0;;;;;
34;53;3426;32;;;;;
34;54;3490;36;;;;;
34;55;3554;4;;;;;
34;56;3618;0;;;;;
34;57;3682;0;;;;;
34;58;3746;0;;;;;
34;59;3810;0;;;;;
34;60;3874;0;;;;;
34;61;3938;0;;;;;
34;62;4002;0;;;;;
34;63;4066;0;;;;;
35;0;35;0;;;;;
35;1;99;0;;;;;
35;2;163;0;;;;;
35;3;227;1;;;;;
35;4;291;192;;;;;
35;5;355;64;;;;;
35;6;419;64;;;;;
35;7;483;96;;;;;
35;8;547;4;;;;;
35;9;611;0;;;;;
35;10;675;0;;;;;
35;11;739;1;;;;;
35;12;803;192;;;;;
35;13;867;64;;;;;
35;14;931;64;;;;;
35;15;995;64;;;;;
35;16;1059;64;;;;;
35;17;1123;96;;;;;
35;18;1187;4;;;;;
35;19;1251;0;;;;;
35;20;1315;0;;;;;
35;21;1379;0;;;;;
35;22;1443;0;;;;;
35;23;1507;2;;;;;
35;24;1571;2;;;;;
35;25;1635;2;;;;;
35;26;1699;0;;;;;
35;27;1763;0;;;;;
35;28;1827;2;;;;;
35;29;1891;2;;;;;
35;30;1955;2;;;;;
35;31;2019;0;;;;;
35;32;2083;0;;;;;
35;33;2147;0;;;;;
35;34;2211;0;;;;;
35;35;2275;0;;;;;
35;36;2339;0;;;;;
35;37;2403;0;;;;;
35;38;2467;0;;;;;
35;39;2531;0;;;;;
35;40;2595;0;;;;;
35;41;2659;0;;;;;
35;42;2723;0;;;;;
35;43;2787;0;;;;;
35;44;2851;0;;;;;
35;45;2915;0;;;;;
35;46;2979;1;;;;;
35;47;3043;384;;;;;
35;48;3107;288;;;;;
35;49;3171;260;;;;;
35;50;3235;256;;;;;
35;51;3299;256;;;;;
35;52;3363;256;;;;;
35;53;3427;288;;;;;
35;54;3491;4;;;;;
35;55;3555;0;;;;;
35;56;3619;0;;;;;
35;57;3683;0;;;;;
35;58;3747;0;;;;;
35;59;3811;0;;;;;
35;60;3875;0;;;;;
35;61;3939;0;;;;;
35;62;4003;0;;;;;
35;63;4067;0;;;;;
36;0;36;0;;;;;
36;1;100;0;;;;;
36;2;164;0;;;;;
36;3;228;1;;;;;
36;4;292;128;;;;;
36;5;356;0;;;;;
36;6;420;0;;;;;
36;7;484;0;;;;;
36;8;548;0;;;;;
36;9;612;0;;;;;
36;10;676;0;;;;;
36;11;740;1;;;;;
36;12;804;128;;;;;
36;13;868;0;;;;;
36;14;932;0;;;;;
36;15;996;0;;;;;
36;16;1060;0;;;;;
36;17;1124;32;;;;;
36;18;1188;4;;;;;
36;19;1252;0;;;;;
36;20;1316;0;;;;;
36;21;1380;8;;;;;
36;22;1444;8;;;;;
36;23;1508;8;;;;;
36;24;1572;0;;;;;
36;25;1636;8;;;;;
36;26;1700;0;;;;;
36;27;1764;0;;;;;
36;28;1828;0;;;;;
36;29;1892;0;;;;;
36;30;1956;0;;;;;
36;31;2020;0;;;;;
36;32;2084;0;;;;;
36;33;2148;0;;;;;
36;34;2212;0;;;;;
36;35;2276;0;;;;;
36;36;2340;0;;;;;
36;37;2404;0;;;;;
36;38;2468;0;;;;;
36;39;2532;0;;;;;
36;40;2596;0;;;;;
36;41;2660;0;;;;;
36;42;2724;0;;;;;
36;43;2788;0;;;;;
36;44;2852;0;;;;;
36;45;2916;0;;;;;
36;46;2980;0;;;;;
36;47;3044;2;;;;;
36;48;3108;2;;;;;
36;49;3172;2;;;;;
36;50;3236;2;;;;;
36;51;3300;2;;;;;
36;52;3364;258;;;;;
36;53;3428;258;;;;;
36;54;3492;0;;;;;
36;55;3556;0;;;;;
36;56;3620;0;;;;;
36;57;3684;0;;;;;
36;58;3748;0;;;;;
36;59;3812;0;;;;;
36;60;3876;0;;;;;
36;61;3940;0;;;;;
36;62;4004;0;;;;;
36;63;4068;0;;;;;
37;0;37;0;;;;;
37;1;101;0;;;;;
37;2;165;0;;;;;
37;3;229;1;;;;;
37;4;293;384;;;;;
37;5;357;256;;;;;
37;6;421;256;;;;;
37;7;485;288;;;;;
37;8;549;4;;;;;
37;9;613;0;;;;;
37;10;677;0;;;;;
37;11;741;1;;;;;
37;12;805;128;;;;;
37;13;869;0;;;;;
37;14;933;0;;;;;
37;15;997;0;;;;;
37;16;1061;0;;;;;
37;17;1125;32;;;;;
37;18;1189;4;;;;;
37;19;1253;0;;;;;
37;20;1317;1;;;;;
37;21;1381;192;;;;;
37;22;1445;64;;;;;
37;23;1509;64;;;;;
37;24;1573;0;;;;;
37;25;1637;96;;;;;
37;26;1701;4;;;;;
37;27;1765;0;;;;;
37;28;1829;0;;;;;
37;29;1893;0;;;;;
37;30;1957;0;;;;;
37;31;2021;8;;;;;
37;32;2085;8;;;;;
37;33;2149;8;;;;;
37;34;2213;0;;;;;
37;35;2277;0;;;;;
37;36;2341;0;;;;;
37;37;2405;0;;;;;
37;38;2469;0;;;;;
37;39;2533;0;;;;;
37;40;2597;8;;;;;
37;41;2661;8;;;;;
37;42;2725;8;;;;;
37;43;2789;0;;;;;
37;44;2853;0;;;;;
37;45;2917;0;;;;;
37;46;2981;0;;;;;
37;47;3045;0;;;;;
37;48;3109;0;;;;;
37;49;3173;0;;;;;
37;50;3237;0;;;;;
37;51;3301;32;;;;;
37;52;3365;16;;;;;
37;53;3429;130;;;;;
37;54;3493;0;;;;;
37;55;3557;0;;;;;
37;56;3621;0;;;;;
37;57;3685;0;;;;;
37;58;3749;0;;;;;
37;59;3813;0;;;;;
37;60;3877;0;;;;;
37;61;3941;0;;;;;
37;62;4005;0;;;;;
37;63;4069;0;;;;;
38;0;38;0;;;;;
38;1;102;0;;;;;
38;2;166;0;;;;;
38;3;230;0;;;;;
38;4;294;2;;;;;
38;5;358;2;;;;;
38;6;422;2;;;;;
38;7;486;2;;;;;
38;8;550;0;;;;;
38;9;614;0;;;;;
38;10;678;0;;;;;
38;11;742;1;;;;;
38;12;806;384;;;;;
38;13;870;256;;;;;
38;14;934;256;;;;;
38;15;998;0;;;;;
38;16;1062;0;;;;;
38;17;1126;0;;;;;
38;18;1190;0;;;;;
38;19;1254;0;;;;;
38;20;1318;1;;;;;
38;21;1382;128;;;;;
38;22;1446;0;;;;;
38;23;1510;0;;;;;
38;24;1574;0;;;;;
38;25;1638;32;;;;;
38;26;1702;4;;;;;
38;27;1766;0;;;;;
38;28;1830;0;;;;;
38;29;1894;0;;;;;
38;30;1958;1;;;;;
38;31;2022;192;;;;;
38;32;2086;64;;;;;
38;33;2150;96;;;;;
38;34;2214;4;;;;;
38;35;2278;0;;;;;
38;36;2342;0;;;;;
38;37;2406;0;;;;;
38;38;2470;0;;;;;
38;39;2534;1;;;;;
38;40;2598;192;;;;;
38;41;2662;64;;;;;
38;42;2726;96;;;;;
38;43;2790;4;;;;;
38;44;2854;0;;;;;
38;45;2918;0;;;;;
38;46;2982;0;;;;;
38;47;3046;0;;;;;
38;48;3110;0;;;;;
38;49;3174;0;;;;;
38;50;3238;0;;;;;
38;51;3302;32;;;;;
38;52;3366;68;;;;;
38;53;3430;0;;;;;
38;54;3494;0;;;;;
38;55;3558;0;;;;;
38;56;3622;0;;;;;
38;57;3686;0;;;;;
38;58;3750;0;;;;;
38;59;3814;0;;;;;
38;60;3878;0;;;;;
38;61;3942;0;;;;;
38;62;4006;0;;;;;
38;63;4070;0;;;;;
39;0;39;0;;;;;
39;1;103;0;;;;;
39;2;167;0;;;;;
39;3;231;8;;;;;
39;4;295;8;;;;;
39;5;359;0;;;;;
39;6;423;0;;;;;
39;7;487;256;;;;;
39;8;551;0;;;;;
39;9;615;0;;;;;
39;10;679;0;;;;;
39;11;743;0;;;;;
39;12;807;2;;;;;
39;13;871;34;;;;;
39;14;935;17;;;;;
39;15;999;128;;;;;
39;16;1063;0;;;;;
39;17;1127;0;;;;;
39;18;1191;0;;;;;
39;19;1255;0;;;;;
39;20;1319;1;;;;;
39;21;1383;384;;;;;
39;22;1447;256;;;;;
39;23;1511;0;;;;;
39;24;1575;0;;;;;
39;25;1639;32;;;;;
39;26;1703;4;;;;;
39;27;1767;0;;;;;
39;28;1831;0;;;;;
39;29;1895;0;;;;;
39;30;1959;1;;;;;
39;31;2023;128;;;;;
39;32;2087;0;;;;;
39;33;2151;32;;;;;
39;34;2215;4;;;;;
39;35;2279;0;;;;;
39;36;2343;0;;;;;
39;37;2407;0;;;;;
39;38;2471;0;;;;;
39;39;2535;1;;;;;
39;40;2599;128;;;;;
39;41;2663;0;;;;;
39;42;2727;32;;;;;
39;43;2791;4;;;;;
39;44;2855;0;;;;;
39;45;2919;0;;;;;
39;46;2983;0;;;;;
39;47;3047;0;;;;;
39;48;3111;0;;;;;
39;49;3175;0;;;;;
39;50;3239;0;;;;;
39;51;3303;0;;;;;
39;52;3367;0;;;;;
39;53;3431;0;;;;;
39;54;3495;0;;;;;
39;55;3559;0;;;;;
39;56;3623;0;;;;;
39;57;3687;0;;;;;
39;58;3751;0;;;;;
39;59;3815;0;;;;;
39;60;3879;0;;;;;
39;61;3943;0;;;;;
39;62;4007;0;;;;;
39;63;4071;0;;;;;
40;0;40;0;;;;;
40;1;104;0;;;;;
40;2;168;0;;;;;
40;3;232;64;;;;;
40;4;296;64;;;;;
40;5;360;0;;;;;
40;6;424;32;;;;;
40;7;488;17;;;;;
40;8;552;128;;;;;
40;9;616;256;;;;;
40;10;680;0;;;;;
40;11;744;0;;;;;
40;12;808;0;;;;;
40;13;872;0;;;;;
40;14;936;65;;;;;
40;15;1000;128;;;;;
40;16;1064;0;;;;;
40;17;1128;32;;;;;
40;18;1192;4;;;;;
40;19;1256;0;;;;;
40;20;1320;0;;;;;
40;21;1384;34;;;;;
40;22;1448;17;;;;;
40;23;1512;128;;;;;
40;24;1576;0;;;;;
40;25;1640;32;;;;;
40;26;1704;4;;;;;
40;27;1768;0;;;;;
40;28;1832;0;;;;;
40;29;1896;0;;;;;
40;30;1960;1;;;;;
40;31;2024;128;;;;;
40;32;2088;0;;;;;
40;33;2152;32;;;;;
40;34;2216;4;;;;;
40;35;2280;0;;;;;
40;36;2344;0;;;;;
40;37;2408;0;;;;;
40;38;2472;0;;;;;
40;39;2536;1;;;;;
40;40;2600;128;;;;;
40;41;2664;0;;;;;
40;42;2728;32;;;;;
40;43;2792;4;;;;;
40;44;2856;0;;;;;
40;45;2920;0;;;;;
40;46;2984;0;;;;;
40;47;3048;0;;;;;
40;48;3112;0;;;;;
40;49;3176;0;;;;;
40;50;3240;0;;;;;
40;51;3304;0;;;;;
40;52;3368;0;;;;;
40;53;3432;0;;;;;
40;54;3496;0;;;;;
40;55;3560;0;;;;;
40;56;3624;0;;;;;
40;57;3688;0;;;;;
40;58;3752;0;;;;;
40;59;3816;0;;;;;
40;60;3880;0;;;;;
40;61;3944;0;;;;;
40;62;4008;0;;;;;
40;63;4072;0;;;;;
41;0;41;0;;;;;
41;1;105;0;;;;;
41;2;169;0;;;;;
41;3;233;0;;;;;
41;4;297;0;;;;;
41;5;361;0;;;;;
41;6;425;0;;;;;
41;7;489;64;;;;;
41;8;553;32;;;;;
41;9;617;17;;;;;
41;10;681;384;;;;;
41;11;745;0;;;;;
41;12;809;0;;;;;
41;13;873;0;;;;;
41;14;937;1;;;;;
41;15;1001;128;;;;;
41;16;1065;0;;;;;
41;17;1129;32;;;;;
41;18;1193;4;;;;;
41;19;1257;0;;;;;
41;20;1321;0;;;;;
41;21;1385;0;;;;;
41;22;1449;64;;;;;
41;23;1513;256;;;;;
41;24;1577;256;;;;;
41;25;1641;288;;;;;
41;26;1705;4;;;;;
41;27;1769;0;;;;;
41;28;1833;0;;;;;
41;29;1897;0;;;;;
41;30;1961;1;;;;;
41;31;2025;128;;;;;
41;32;2089;0;;;;;
41;33;2153;32;;;;;
41;34;2217;260;;;;;
41;35;2281;0;;;;;
41;36;2345;0;;;;;
41;37;2409;0;;;;;
41;38;2473;0;;;;;
41;39;2537;257;;;;;
41;40;2601;128;;;;;
41;41;2665;0;;;;;
41;42;2729;32;;;;;
41;43;2793;4;;;;;
41;44;2857;0;;;;;
41;45;2921;0;;;;;
41;46;2985;0;;;;;
41;47;3049;0;;;;;
41;48;3113;0;;;;;
41;49;3177;0;;;;;
41;50;3241;0;;;;;
41;51;3305;0;;;;;
41;52;3369;0;;;;;
41;53;3433;0;;;;;
41;54;3497;0;;;;;
41;55;3561;0;;;;;
41;56;3625;0;;;;;
41;57;3689;0;;;;;
41;58;3753;0;;;;;
41;59;3817;0;;;;;
41;60;3881;0;;;;;
41;61;3945;0;;;;;
41;62;4009;0;;;;;
41;63;4073;0;;;;;
42;0;42;0;;;;;
42;1;106;0;;;;;
42;2;170;0;;;;;
42;3;234;0;;;;;
42;4;298;0;;;;;
42;5;362;0;;;;;
42;6;426;0;;;;;
42;7;490;0;;;;;
42;8;554;0;;;;;
42;9;618;96;;;;;
42;10;682;17;;;;;
42;11;746;136;;;;;
42;12;810;0;;;;;
42;13;874;0;;;;;
42;14;938;1;;;;;
42;15;1002;384;;;;;
42;16;1066;256;;;;;
42;17;1130;288;;;;;
42;18;1194;4;;;;;
42;19;1258;0;;;;;
42;20;1322;0;;;;;
42;21;1386;0;;;;;
42;22;1450;0;;;;;
42;23;1514;2;;;;;
42;24;1578;2;;;;;
42;25;1642;2;;;;;
42;26;1706;0;;;;;
42;27;1770;0;;;;;
42;28;1834;0;;;;;
42;29;1898;0;;;;;
42;30;1962;1;;;;;
42;31;2026;136;;;;;
42;32;2090;0;;;;;
42;33;2154;40;;;;;
42;34;2218;17;;;;;
42;35;2282;136;;;;;
42;36;2346;0;;;;;
42;37;2410;0;;;;;
42;38;2474;40;;;;;
42;39;2538;16;;;;;
42;40;2602;136;;;;;
42;41;2666;0;;;;;
42;42;2730;40;;;;;
42;43;2794;4;;;;;
42;44;2858;0;;;;;
42;45;2922;0;;;;;
42;46;2986;0;;;;;
42;47;3050;0;;;;;
42;48;3114;0;;;;;
42;49;3178;0;;;;;
42;50;3242;0;;;;;
42;51;3306;0;;;;;
42;52;3370;0;;;;;
42;53;3434;0;;;;;
42;54;3498;0;;;;;
42;55;3562;0;;;;;
42;56;3626;0;;;;;
42;57;3690;0;;;;;
42;58;3754;0;;;;;
42;59;3818;0;;;;;
42;60;3882;0;;;;;
42;61;3946;0;;;;;
42;62;4010;0;;;;;
42;63;4074;0;;;;;
43;0;43;0;;;;;
43;1;107;0;;;;;
43;2;171;0;;;;;
43;3;235;0;;;;;
43;4;299;0;;;;;
43;5;363;0;;;;;
43;6;427;0;;;;;
43;7;491;0;;;;;
43;8;555;0;;;;;
43;9;619;0;;;;;
43;10;683;64;;;;;
43;11;747;64;;;;;
43;12;811;0;;;;;
43;13;875;0;;;;;
43;14;939;0;;;;;
43;15;1003;2;;;;;
43;16;1067;2;;;;;
43;17;1131;2;;;;;
43;18;1195;0;;;;;
43;19;1259;0;;;;;
43;20;1323;0;;;;;
43;21;1387;0;;;;;
43;22;1451;0;;;;;
43;23;1515;0;;;;;
43;24;1579;0;;;;;
43;25;1643;0;;;;;
43;26;1707;0;;;;;
43;27;1771;0;;;;;
43;28;1835;0;;;;;
43;29;1899;0;;;;;
43;30;1963;257;;;;;
43;31;2027;192;;;;;
43;32;2091;0;;;;;
43;33;2155;64;;;;;
43;34;2219;64;;;;;
43;35;2283;64;;;;;
43;36;2347;0;;;;;
43;37;2411;0;;;;;
43;38;2475;64;;;;;
43;39;2539;64;;;;;
43;40;2603;64;;;;;
43;41;2667;0;;;;;
43;42;2731;96;;;;;
43;43;2795;4;;;;;
43;44;2859;0;;;;;
43;45;2923;0;;;;;
43;46;2987;0;;;;;
43;47;3051;0;;;;;
43;48;3115;0;;;;;
43;49;3179;0;;;;;
43;50;3243;0;;;;;
43;51;3307;0;;;;;
43;52;3371;0;;;;;
43;53;3435;0;;;;;
43;54;3499;0;;;;;
43;55;3563;0;;;;;
43;56;3627;0;;;;;
43;57;3691;0;;;;;
43;58;3755;0;;;;;
43;59;3819;0;;;;;
43;60;3883;0;;;;;
43;61;3947;0;;;;;
43;62;4011;0;;;;;
43;63;4075;0;;;;;
44;0;44;0;;;;;
44;1;108;0;;;;;
44;2;172;0;;;;;
44;3;236;0;;;;;
44;4;300;0;;;;;
44;5;364;0;;;;;
44;6;428;0;;;;;
44;7;492;0;;;;;
44;8;556;0;;;;;
44;9;620;0;;;;;
44;10;684;0;;;;;
44;11;748;0;;;;;
44;12;812;0;;;;;
44;13;876;0;;;;;
44;14;940;0;;;;;
44;15;1004;0;;;;;
44;16;1068;0;;;;;
44;17;1132;0;;;;;
44;18;1196;0;;;;;
44;19;1260;0;;;;;
44;20;1324;0;;;;;
44;21;1388;0;;;;;
44;22;1452;0;;;;;
44;23;1516;0;;;;;
44;24;1580;0;;;;;
44;25;1644;0;;;;;
44;26;1708;0;;;;;
44;27;1772;0;;;;;
44;28;1836;8;;;;;
44;29;1900;40;;;;;
44;30;1964;16;;;;;
44;31;2028;128;;;;;
44;32;2092;0;;;;;
44;33;2156;0;;;;;
44;34;2220;0;;;;;
44;35;2284;0;;;;;
44;36;2348;0;;;;;
44;37;2412;0;;;;;
44;38;2476;0;;;;;
44;39;2540;0;;;;;
44;40;2604;0;;;;;
44;41;2668;0;;;;;
44;42;2732;32;;;;;
44;43;2796;4;;;;;
44;44;2860;0;;;;;
44;45;2924;0;;;;;
44;46;2988;0;;;;;
44;47;3052;0;;;;;
44;48;3116;0;;;;;
44;49;3180;0;;;;;
44;50;3244;0;;;;;
44;51;3308;0;;;;;
44;52;3372;0;;;;;
44;53;3436;0;;;;;
44;54;3500;0;;;;;
44;55;3564;0;;;;;
44;56;3628;0;;;;;
44;57;3692;0;;;;;
44;58;3756;0;;;;;
44;59;3820;0;;;;;
44;60;3884;0;;;;;
44;61;3948;0;;;;;
44;62;4012;0;;;;;
44;63;4076;0;;;;;
45;0;45;0;;;;;
45;1;109;0;;;;;
45;2;173;0;;;;;
45;3;237;0;;;;;
45;4;301;0;;;;;
45;5;365;0;;;;;
45;6;429;0;;;;;
45;7;493;0;;;;;
45;8;557;0;;;;;
45;9;621;0;;;;;
45;10;685;0;;;;;
45;11;749;0;;;;;
45;12;813;0;;;;;
45;13;877;0;;;;;
45;14;941;0;;;;;
45;15;1005;0;;;;;
45;16;1069;0;;;;;
45;17;1133;0;;;;;
45;18;1197;0;;;;;
45;19;1261;0;;;;;
45;20;1325;0;;;;;
45;21;1389;0;;;;;
45;22;1453;0;;;;;
45;23;1517;0;;;;;
45;24;1581;0;;;;;
45;25;1645;0;;;;;
45;26;1709;0;;;;;
45;27;1773;0;;;;;
45;28;1837;64;;;;;
45;29;1901;64;;;;;
45;30;1965;65;;;;;
45;31;2029;128;;;;;
45;32;2093;0;;;;;
45;33;2157;0;;;;;
45;34;2221;0;;;;;
45;35;2285;0;;;;;
45;36;2349;0;;;;;
45;37;2413;0;;;;;
45;38;2477;0;;;;;
45;39;2541;0;;;;;
45;40;2605;0;;;;;
45;41;2669;0;;;;;
45;42;2733;32;;;;;
45;43;2797;4;;;;;
45;44;2861;0;;;;;
45;45;2925;0;;;;;
45;46;2989;0;;;;;
45;47;3053;0;;;;;
45;48;3117;0;;;;;
45;49;3181;0;;;;;
45;50;3245;0;;;;;
45;51;3309;0;;;;;
45;52;3373;0;;;;;
45;53;3437;0;;;;;
45;54;3501;0;;;;;
45;55;3565;0;;;;;
45;56;3629;0;;;;;
45;57;3693;0;;;;;
45;58;3757;0;;;;;
45;59;3821;0;;;;;
45;60;3885;0;;;;;
45;61;3949;0;;;;;
45;62;4013;0;;;;;
45;63;4077;0;;;;;
46;0;46;0;;;;;
46;1;110;0;;;;;
46;2;174;0;;;;;
46;3;238;0;;;;;
46;4;302;0;;;;;
46;5;366;0;;;;;
46;6;430;0;;;;;
46;7;494;0;;;;;
46;8;558;0;;;;;
46;9;622;0;;;;;
46;10;686;0;;;;;
46;11;750;0;;;;;
46;12;814;0;;;;;
46;13;878;0;;;;;
46;14;942;0;;;;;
46;15;1006;0;;;;;
46;16;1070;0;;;;;
46;17;1134;0;;;;;
46;18;1198;0;;;;;
46;19;1262;0;;;;;
46;20;1326;0;;;;;
46;21;1390;0;;;;;
46;22;1454;0;;;;;
46;23;1518;0;;;;;
46;24;1582;0;;;;;
46;25;1646;0;;;;;
46;26;1710;0;;;;;
46;27;1774;1;;;;;
46;28;1838;128;;;;;
46;29;1902;0;;;;;
46;30;1966;0;;;;;
46;31;2030;0;;;;;
46;32;2094;0;;;;;
46;33;2158;0;;;;;
46;34;2222;0;;;;;
46;35;2286;0;;;;;
46;36;2350;0;;;;;
46;37;2414;0;;;;;
46;38;2478;0;;;;;
46;39;2542;0;;;;;
46;40;2606;0;;;;;
46;41;2670;0;;;;;
46;42;2734;32;;;;;
46;43;2798;4;;;;;
46;44;2862;0;;;;;
46;45;2926;0;;;;;
46;46;2990;0;;;;;
46;47;3054;0;;;;;
46;48;3118;0;;;;;
46;49;3182;0;;;;;
46;50;3246;0;;;;;
46;51;3310;0;;;;;
46;52;3374;0;;;;;
46;53;3438;0;;;;;
46;54;3502;0;;;;;
46;55;3566;0;;;;;
46;56;3630;0;;;;;
46;57;3694;0;;;;;
46;58;3758;0;;;;;
46;59;3822;0;;;;;
46;60;3886;0;;;;;
46;61;3950;0;;;;;
46;62;4014;0;;;;;
46;63;4078;0;;;;;
47;0;47;0;;;;;
47;1;111;0;;;;;
47;2;175;0;;;;;
47;3;239;0;;;;;
47;4;303;0;;;;;
47;5;367;0;;;;;
47;6;431;0;;;;;
47;7;495;0;;;;;
47;8;559;0;;;;;
47;9;623;0;;;;;
47;10;687;0;;;;;
47;11;751;0;;;;;
47;12;815;0;;;;;
47;13;879;0;;;;;
47;14;943;0;;;;;
47;15;1007;0;;;;;
47;16;1071;0;;;;;
47;17;1135;0;;;;;
47;18;1199;0;;;;;
47;19;1263;0;;;;;
47;20;1327;0;;;;;
47;21;1391;0;;;;;
47;22;1455;0;;;;;
47;23;1519;0;;;;;
47;24;1583;0;;;;;
47;25;1647;0;;;;;
47;26;1711;0;;;;;
47;27;1775;1;;;;;
47;28;1839;384;;;;;
47;29;1903;256;;;;;
47;30;1967;257;;;;;
47;31;2031;384;;;;;
47;32;2095;256;;;;;
47;33;2159;256;;;;;
47;34;2223;0;;;;;
47;35;2287;0;;;;;
47;36;2351;0;;;;;
47;37;2415;0;;;;;
47;38;2479;0;;;;;
47;39;2543;256;;;;;
47;40;2607;256;;;;;
47;41;2671;256;;;;;
47;42;2735;288;;;;;
47;43;2799;4;;;;;
47;44;2863;0;;;;;
47;45;2927;0;;;;;
47;46;2991;0;;;;;
47;47;3055;0;;;;;
47;48;3119;0;;;;;
47;49;3183;0;;;;;
47;50;3247;0;;;;;
47;51;3311;0;;;;;
47;52;3375;0;;;;;
47;53;3439;0;;;;;
47;54;3503;0;;;;;
47;55;3567;0;;;;;
47;56;3631;0;;;;;
47;57;3695;0;;;;;
47;58;3759;0;;;;;
47;59;3823;0;;;;;
47;60;3887;0;;;;;
47;61;3951;0;;;;;
47;62;4015;0;;;;;
47;63;4079;0;;;;;
48;0;48;0;;;;;
48;1;112;0;;;;;
48;2;176;0;;;;;
48;3;240;0;;;;;
48;4;304;0;;;;;
48;5;368;0;;;;;
48;6;432;0;;;;;
48;7;496;0;;;;;
48;8;560;0;;;;;
48;9;624;0;;;;;
48;10;688;0;;;;;
48;11;752;0;;;;;
48;12;816;0;;;;;
48;13;880;0;;;;;
48;14;944;0;;;;;
48;15;1008;0;;;;;
48;16;1072;0;;;;;
48;17;1136;0;;;;;
48;18;1200;0;;;;;
48;19;1264;0;;;;;
48;20;1328;0;;;;;
48;21;1392;0;;;;;
48;22;1456;0;;;;;
48;23;1520;0;;;;;
48;24;1584;0;;;;;
48;25;1648;0;;;;;
48;26;1712;0;;;;;
48;27;1776;0;;;;;
48;28;1840;2;;;;;
48;29;1904;2;;;;;
48;30;1968;2;;;;;
48;31;2032;2;;;;;
48;32;2096;34;;;;;
48;33;2160;17;;;;;
48;34;2224;384;;;;;
48;35;2288;256;;;;;
48;36;2352;256;;;;;
48;37;2416;256;;;;;
48;38;2480;288;;;;;
48;39;2544;16;;;;;
48;40;2608;130;;;;;
48;41;2672;2;;;;;
48;42;2736;2;;;;;
48;43;2800;0;;;;;
48;44;2864;0;;;;;
48;45;2928;0;;;;;
48;46;2992;0;;;;;
48;47;3056;0;;;;;
48;48;3120;0;;;;;
48;49;3184;0;;;;;
48;50;3248;0;;;;;
48;51;3312;0;;;;;
48;52;3376;0;;;;;
48;53;3440;0;;;;;
48;54;3504;0;;;;;
48;55;3568;0;;;;;
48;56;3632;0;;;;;
48;57;3696;0;;;;;
48;58;3760;0;;;;;
48;59;3824;0;;;;;
48;60;3888;0;;;;;
48;61;3952;0;;;;;
48;62;4016;0;;;;;
48;63;4080;0;;;;;
49;0;49;0;;;;;
49;1;113;0;;;;;
49;2;177;0;;;;;
49;3;241;0;;;;;
49;4;305;0;;;;;
49;5;369;0;;;;;
49;6;433;0;;;;;
49;7;497;0;;;;;
49;8;561;0;;;;;
49;9;625;0;;;;;
49;10;689;0;;;;;
49;11;753;0;;;;;
49;12;817;0;;;;;
49;13;881;0;;;;;
49;14;945;0;;;;;
49;15;1009;0;;;;;
49;16;1073;0;;;;;
49;17;1137;0;;;;;
49;18;1201;0;;;;;
49;19;1265;0;;;;;
49;20;1329;0;;;;;
49;21;1393;0;;;;;
49;22;1457;0;;;;;
49;23;1521;0;;;;;
49;24;1585;0;;;;;
49;25;1649;0;;;;;
49;26;1713;0;;;;;
49;27;1777;0;;;;;
49;28;1841;0;;;;;
49;29;1905;0;;;;;
49;30;1969;0;;;;;
49;31;2033;0;;;;;
49;32;2097;0;;;;;
49;33;2161;64;;;;;
49;34;2225;2;;;;;
49;35;2289;2;;;;;
49;36;2353;2;;;;;
49;37;2417;2;;;;;
49;38;2481;2;;;;;
49;39;2545;64;;;;;
49;40;2609;0;;;;;
49;41;2673;0;;;;;
49;42;2737;0;;;;;
49;43;2801;0;;;;;
49;44;2865;0;;;;;
49;45;2929;0;;;;;
49;46;2993;0;;;;;
49;47;3057;0;;;;;
49;48;3121;0;;;;;
49;49;3185;0;;;;;
49;50;3249;0;;;;;
49;51;3313;0;;;;;
49;52;3377;0;;;;;
49;53;3441;0;;;;;
49;54;3505;0;;;;;
49;55;3569;0;;;;;
49;56;3633;0;;;;;
49;57;3697;0;;;;;
49;58;3761;0;;;;;
49;59;3825;0;;;;;
49;60;3889;0;;;;;
49;61;3953;0;;;;;
49;62;4017;0;;;;;
49;63;4081;0;;;;;
50;0;50;0;;;;;
50;1;114;0;;;;;
50;2;178;0;;;;;
50;3;242;0;;;;;
50;4;306;0;;;;;
50;5;370;0;;;;;
50;6;434;0;;;;;
50;7;498;0;;;;;
50;8;562;0;;;;;
50;9;626;0;;;;;
50;10;690;0;;;;;
50;11;754;0;;;;;
50;12;818;0;;;;;
50;13;882;0;;;;;
50;14;946;0;;;;;
50;15;1010;0;;;;;
50;16;1074;0;;;;;
50;17;1138;0;;;;;
50;18;1202;0;;;;;
50;19;1266;0;;;;;
50;20;1330;0;;;;;
50;21;1394;0;;;;;
50;22;1458;0;;;;;
50;23;1522;0;;;;;
50;24;1586;0;;;;;
50;25;1650;0;;;;;
50;26;1714;0;;;;;
50;27;1778;0;;;;;
50;28;1842;0;;;;;
50;29;1906;0;;;;;
50;30;1970;0;;;;;
50;31;2034;0;;;;;
50;32;2098;0;;;;;
50;33;2162;0;;;;;
50;34;2226;0;;;;;
50;35;2290;0;;;;;
50;36;2354;0;;;;;
50;37;2418;0;;;;;
50;38;2482;0;;;;;
50;39;2546;0;;;;;
50;40;2610;0;;;;;
50;41;2674;0;;;;;
50;42;2738;0;;;;;
50;43;2802;0;;;;;
50;44;2866;0;;;;;
50;45;2930;0;;;;;
50;46;2994;0;;;;;
50;47;3058;0;;;;;
50;48;3122;0;;;;;
50;49;3186;0;;;;;
50;50;3250;0;;;;;
50;51;3314;0;;;;;
50;52;3378;0;;;;;
50;53;3442;0;;;;;
50;54;3506;0;;;;;
50;55;3570;0;;;;;
50;56;3634;0;;;;;
50;57;3698;0;;;;;
50;58;3762;0;;;;;
50;59;3826;0;;;;;
50;60;3890;0;;;;;
50;61;3954;0;;;;;
50;62;4018;0;;;;;
50;63;4082;0;;;;;
51;0;51;0;;;;;
51;1;115;0;;;;;
51;2;179;0;;;;;
51;3;243;0;;;;;
51;4;307;0;;;;;
51;5;371;0;;;;;
51;6;435;0;;;;;
51;7;499;0;;;;;
51;8;563;0;;;;;
51;9;627;0;;;;;
51;10;691;0;;;;;
51;11;755;0;;;;;
51;12;819;0;;;;;
51;13;883;0;;;;;
51;14;947;0;;;;;
51;15;1011;0;;;;;
51;16;1075;0;;;;;
51;17;1139;0;;;;;
51;18;1203;0;;;;;
51;19;1267;0;;;;;
51;20;1331;0;;;;;
51;21;1395;0;;;;;
51;22;1459;0;;;;;
51;23;1523;0;;;;;
51;24;1587;0;;;;;
51;25;1651;0;;;;;
51;26;1715;0;;;;;
51;27;1779;0;;;;;
51;28;1843;0;;;;;
51;29;1907;0;;;;;
51;30;1971;0;;;;;
51;31;2035;0;;;;;
51;32;2099;0;;;;;
51;33;2163;0;;;;;
51;34;2227;0;;;;;
51;35;2291;0;;;;;
51;36;2355;0;;;;;
51;37;2419;0;;;;;
51;38;2483;0;;;;;
51;39;2547;0;;;;;
51;40;2611;0;;;;;
51;41;2675;0;;;;;
51;42;2739;0;;;;;
51;43;2803;0;;;;;
51;44;2867;0;;;;;
51;45;2931;0;;;;;
51;46;2995;0;;;;;
51;47;3059;0;;;;;
51;48;3123;0;;;;;
51;49;3187;0;;;;;
51;50;3251;0;;;;;
51;51;3315;0;;;;;
51;52;3379;0;;;;;
51;53;3443;0;;;;;
51;54;3507;0;;;;;
51;55;3571;0;;;;;
51;56;3635;0;;;;;
51;57;3699;0;;;;;
51;58;3763;0;;;;;
51;59;3827;0;;;;;
51;60;3891;0;;;;;
51;61;3955;0;;;;;
51;62;4019;0;;;;;
51;63;4083;0;;;;;
52;0;52;0;;;;;
52;1;116;0;;;;;
52;2;180;0;;;;;
52;3;244;0;;;;;
52;4;308;0;;;;;
52;5;372;0;;;;;
52;6;436;0;;;;;
52;7;500;0;;;;;
52;8;564;0;;;;;
52;9;628;0;;;;;
52;10;692;0;;;;;
52;11;756;0;;;;;
52;12;820;0;;;;;
52;13;884;0;;;;;
52;14;948;0;;;;;
52;15;1012;0;;;;;
52;16;1076;0;;;;;
52;17;1140;0;;;;;
52;18;1204;0;;;;;
52;19;1268;0;;;;;
52;20;1332;0;;;;;
52;21;1396;0;;;;;
52;22;1460;0;;;;;
52;23;1524;0;;;;;
52;24;1588;0;;;;;
52;25;1652;0;;;;;
52;26;1716;0;;;;;
52;27;1780;0;;;;;
52;28;1844;0;;;;;
52;29;1908;0;;;;;
52;30;1972;0;;;;;
52;31;2036;0;;;;;
52;32;2100;0;;;;;
52;33;2164;0;;;;;
52;34;2228;0;;;;;
52;35;2292;0;;;;;
52;36;2356;0;;;;;
52;37;2420;0;;;;;
52;38;2484;0;;;;;
52;39;2548;0;;;;;
52;40;2612;0;;;;;
52;41;2676;0;;;;;
52;42;2740;0;;;;;
52;43;2804;0;;;;;
52;44;2868;0;;;;;
52;45;2932;0;;;;;
52;46;2996;0;;;;;
52;47;3060;0;;;;;
52;48;3124;0;;;;;
52;49;3188;0;;;;;
52;50;3252;0;;;;;
52;51;3316;0;;;;;
52;52;3380;0;;;;;
52;53;3444;0;;;;;
52;54;3508;0;;;;;
52;55;3572;0;;;;;
52;56;3636;0;;;;;
52;57;3700;0;;;;;
52;58;3764;0;;;;;
52;59;3828;0;;;;;
52;60;3892;0;;;;;
52;61;3956;0;;;;;
52;62;4020;0;;;;;
52;63;4084;0;;;;;
53;0;53;0;;;;;
53;1;117;0;;;;;
53;2;181;0;;;;;
53;3;245;0;;;;;
53;4;309;0;;;;;
53;5;373;0;;;;;
53;6;437;0;;;;;
53;7;501;0;;;;;
53;8;565;0;;;;;
53;9;629;0;;;;;
53;10;693;0;;;;;
53;11;757;0;;;;;
53;12;821;0;;;;;
53;13;885;0;;;;;
53;14;949;0;;;;;
53;15;1013;0;;;;;
53;16;1077;0;;;;;
53;17;1141;0;;;;;
53;18;1205;0;;;;;
53;19;1269;0;;;;;
53;20;1333;0;;;;;
53;21;1397;0;;;;;
53;22;1461;0;;;;;
53;23;1525;0;;;;;
53;24;1589;0;;;;;
53;25;1653;0;;;;;
53;26;1717;0;;;;;
53;27;1781;0;;;;;
53;28;1845;0;;;;;
53;29;1909;0;;;;;
53;30;1973;0;;;;;
53;31;2037;0;;;;;
53;32;2101;0;;;;;
53;33;2165;0;;;;;
53;34;2229;0;;;;;
53;35;2293;0;;;;;
53;36;2357;0;;;;;
53;37;2421;0;;;;;
53;38;2485;0;;;;;
53;39;2549;0;;;;;
53;40;2613;0;;;;;
53;41;2677;0;;;;;
53;42;2741;0;;;;;
53;43;2805;0;;;;;
53;44;2869;0;;;;;
53;45;2933;0;;;;;
53;46;2997;0;;;;;
53;47;3061;0;;;;;
53;48;3125;0;;;;;
53;49;3189;0;;;;;
53;50;3253;0;;;;;
53;51;3317;0;;;;;
53;52;3381;0;;;;;
53;53;3445;0;;;;;
53;54;3509;0;;;;;
53;55;3573;0;;;;;
53;56;3637;0;;;;;
53;57;3701;0;;;;;
53;58;3765;0;;;;;
53;59;3829;0;;;;;
53;60;3893;0;;;;;
53;61;3957;0;;;;;
53;62;4021;0;;;;;
53;63;4085;0;;;;;
54;0;54;0;;;;;
54;1;118;0;;;;;
54;2;182;0;;;;;
54;3;246;0;;;;;
54;4;310;0;;;;;
54;5;374;0;;;;;
54;6;438;0;;;;;
54;7;502;0;;;;;
54;8;566;0;;;;;
54;9;630;0;;;;;
54;10;694;0;;;;;
54;11;758;0;;;;;
54;12;822;0;;;;;
54;13;886;0;;;;;
54;14;950;0;;;;;
54;15;1014;0;;;;;
54;16;1078;0;;;;;
54;17;1142;0;;;;;
54;18;1206;0;;;;;
54;19;1270;0;;;;;
54;20;1334;0;;;;;
54;21;1398;0;;;;;
54;22;1462;0;;;;;
54;23;1526;0;;;;;
54;24;1590;0;;;;;
54;25;1654;0;;;;;
54;26;1718;0;;;;;
54;27;1782;0;;;;;
54;28;1846;0;;;;;
54;29;1910;0;;;;;
54;30;1974;0;;;;;
54;31;2038;0;;;;;
54;32;2102;0;;;;;
54;33;2166;0;;;;;
54;34;2230;0;;;;;
54;35;2294;0;;;;;
54;36;2358;0;;;;;
54;37;2422;0;;;;;
54;38;2486;0;;;;;
54;39;2550;0;;;;;
54;40;2614;0;;;;;
54;41;2678;0;;;;;
54;42;2742;0;;;;;
54;43;2806;0;;;;;
54;44;2870;0;;;;;
54;45;2934;0;;;;;
54;46;2998;0;;;;;
54;47;3062;0;;;;;
54;48;3126;0;;;;;
54;49;3190;0;;;;;
54;50;3254;0;;;;;
54;51;3318;0;;;;;
54;52;3382;0;;;;;
54;53;3446;0;;;;;
54;54;3510;0;;;;;
54;55;3574;0;;;;;
54;56;3638;0;;;;;
54;57;3702;0;;;;;
54;58;3766;0;;;;;
54;59;3830;0;;;;;
54;60;3894;0;;;;;
54;61;3958;0;;;;;
54;62;4022;0;;;;;
54;63;4086;0;;;;;
55;0;55;0;;;;;
55;1;119;0;;;;;
55;2;183;0;;;;;
55;3;247;0;;;;;
55;4;311;0;;;;;
55;5;375;0;;;;;
55;6;439;0;;;;;
55;7;503;0;;;;;
55;8;567;0;;;;;
55;9;631;0;;;;;
55;10;695;0;;;;;
55;11;759;0;;;;;
55;12;823;0;;;;;
55;13;887;0;;;;;
55;14;951;0;;;;;
55;15;1015;0;;;;;
55;16;1079;0;;;;;
55;17;1143;0;;;;;
55;18;1207;0;;;;;
55;19;1271;0;;;;;
55;20;1335;0;;;;;
55;21;1399;0;;;;;
55;22;1463;0;;;;;
55;23;1527;0;;;;;
55;24;1591;0;;;;;
55;25;1655;0;;;;;
55;26;1719;0;;;;;
55;27;1783;0;;;;;
55;28;1847;0;;;;;
55;29;1911;0;;;;;
55;30;1975;0;;;;;
55;31;2039;0;;;;;
55;32;2103;0;;;;;
55;33;2167;0;;;;;
55;34;2231;0;;;;;
55;35;2295;0;;;;;
55;36;2359;0;;;;;
55;37;2423;0;;;;;
55;38;2487;0;;;;;
55;39;2551;0;;;;;
55;40;2615;0;;;;;
55;41;2679;0;;;;;
55;42;2743;0;;;;;
55;43;2807;0;;;;;
55;44;2871;0;;;;;
55;45;2935;0;;;;;
55;46;2999;0;;;;;
55;47;3063;0;;;;;
55;48;3127;0;;;;;
55;49;3191;0;;;;;
55;50;3255;0;;;;;
55;51;3319;0;;;;;
55;52;3383;0;;;;;
55;53;3447;0;;;;;
55;54;3511;0;;;;;
55;55;3575;0;;;;;
55;56;3639;0;;;;;
55;57;3703;0;;;;;
55;58;3767;0;;;;;
55;59;3831;0;;;;;
55;60;3895;0;;;;;
55;61;3959;0;;;;;
55;62;4023;0;;;;;
55;63;4087;0;;;;;
56;0;56;0;;;;;
56;1;120;0;;;;;
56;2;184;0;;;;;
56;3;248;0;;;;;
56;4;312;0;;;;;
56;5;376;0;;;;;
56;6;440;0;;;;;
56;7;504;0;;;;;
56;8;568;0;;;;;
56;9;632;0;;;;;
56;10;696;0;;;;;
56;11;760;0;;;;;
56;12;824;0;;;;;
56;13;888;0;;;;;
56;14;952;0;;;;;
56;15;1016;0;;;;;
56;16;1080;0;;;;;
56;17;1144;0;;;;;
56;18;1208;0;;;;;
56;19;1272;0;;;;;
56;20;1336;0;;;;;
56;21;1400;0;;;;;
56;22;1464;0;;;;;
56;23;1528;0;;;;;
56;24;1592;0;;;;;
56;25;1656;0;;;;;
56;26;1720;0;;;;;
56;27;1784;0;;;;;
56;28;1848;0;;;;;
56;29;1912;0;;;;;
56;30;1976;0;;;;;
56;31;2040;0;;;;;
56;32;2104;0;;;;;
56;33;2168;0;;;;;
56;34;2232;0;;;;;
56;35;2296;0;;;;;
56;36;2360;0;;;;;
56;37;2424;0;;;;;
56;38;2488;0;;;;;
56;39;2552;0;;;;;
56;40;2616;0;;;;;
56;41;2680;0;;;;;
56;42;2744;0;;;;;
56;43;2808;0;;;;;
56;44;2872;0;;;;;
56;45;2936;0;;;;;
56;46;3000;0;;;;;
56;47;3064;0;;;;;
56;48;3128;0;;;;;
56;49;3192;0;;;;;
56;50;3256;0;;;;;
56;51;3320;0;;;;;
56;52;3384;0;;;;;
56;53;3448;0;;;;;
56;54;3512;0;;;;;
56;55;3576;0;;;;;
56;56;3640;0;;;;;
56;57;3704;0;;;;;
56;58;3768;0;;;;;
56;59;3832;0;;;;;
56;60;3896;0;;;;;
56;61;3960;0;;;;;
56;62;4024;0;;;;;
56;63;4088;0;;;;;
57;0;57;0;;;;;
57;1;121;0;;;;;
57;2;185;0;;;;;
57;3;249;0;;;;;
57;4;313;0;;;;;
57;5;377;0;;;;;
57;6;441;0;;;;;
57;7;505;0;;;;;
57;8;569;0;;;;;
57;9;633;0;;;;;
57;10;697;0;;;;;
57;11;761;0;;;;;
57;12;825;0;;;;;
57;13;889;0;;;;;
57;14;953;0;;;;;
57;15;1017;0;;;;;
57;16;1081;0;;;;;
57;17;1145;0;;;;;
57;18;1209;0;;;;;
57;19;1273;0;;;;;
57;20;1337;0;;;;;
57;21;1401;0;;;;;
57;22;1465;0;;;;;
57;23;1529;0;;;;;
57;24;1593;0;;;;;
57;25;1657;0;;;;;
57;26;1721;0;;;;;
57;27;1785;0;;;;;
57;28;1849;0;;;;;
57;29;1913;0;;;;;
57;30;1977;0;;;;;
57;31;2041;0;;;;;
57;32;2105;0;;;;;
57;33;2169;0;;;;;
57;34;2233;0;;;;;
57;35;2297;0;;;;;
57;36;2361;0;;;;;
57;37;2425;0;;;;;
57;38;2489;0;;;;;
57;39;2553;0;;;;;
57;40;2617;0;;;;;
57;41;2681;0;;;;;
57;42;2745;0;;;;;
57;43;2809;0;;;;;
57;44;2873;0;;;;;
57;45;2937;0;;;;;
57;46;3001;0;;;;;
57;47;3065;0;;;;;
57;48;3129;0;;;;;
57;49;3193;0;;;;;
57;50;3257;0;;;;;
57;51;3321;0;;;;;
57;52;3385;0;;;;;
57;53;3449;0;;;;;
57;54;3513;0;;;;;
57;55;3577;0;;;;;
57;56;3641;0;;;;;
57;57;3705;0;;;;;
57;58;3769;0;;;;;
57;59;3833;0;;;;;
57;60;3897;0;;;;;
57;61;3961;0;;;;;
57;62;4025;0;;;;;
57;63;4089;0;;;;;
58;0;58;0;;;;;
58;1;122;0;;;;;
58;2;186;0;;;;;
58;3;250;0;;;;;
58;4;314;0;;;;;
58;5;378;0;;;;;
58;6;442;0;;;;;
58;7;506;0;;;;;
58;8;570;0;;;;;
58;9;634;0;;;;;
58;10;698;0;;;;;
58;11;762;0;;;;;
58;12;826;0;;;;;
58;13;890;0;;;;;
58;14;954;0;;;;;
58;15;1018;0;;;;;
58;16;1082;0;;;;;
58;17;1146;0;;;;;
58;18;1210;0;;;;;
58;19;1274;0;;;;;
58;20;1338;0;;;;;
58;21;1402;0;;;;;
58;22;1466;0;;;;;
58;23;1530;0;;;;;
58;24;1594;0;;;;;
58;25;1658;0;;;;;
58;26;1722;0;;;;;
58;27;1786;0;;;;;
58;28;1850;0;;;;;
58;29;1914;0;;;;;
58;30;1978;0;;;;;
58;31;2042;0;;;;;
58;32;2106;0;;;;;
58;33;2170;0;;;;;
58;34;2234;0;;;;;
58;35;2298;0;;;;;
58;36;2362;0;;;;;
58;37;2426;0;;;;;
58;38;2490;0;;;;;
58;39;2554;0;;;;;
58;40;2618;0;;;;;
58;41;2682;0;;;;;
58;42;2746;0;;;;;
58;43;2810;0;;;;;
58;44;2874;0;;;;;
58;45;2938;0;;;;;
58;46;3002;0;;;;;
58;47;3066;0;;;;;
58;48;3130;0;;;;;
58;49;3194;0;;;;;
58;50;3258;0;;;;;
58;51;3322;0;;;;;
58;52;3386;0;;;;;
58;53;3450;0;;;;;
58;54;3514;0;;;;;
58;55;3578;0;;;;;
58;56;3642;0;;;;;
58;57;3706;0;;;;;
58;58;3770;0;;;;;
58;59;3834;0;;;;;
58;60;3898;0;;;;;
58;61;3962;0;;;;;
58;62;4026;0;;;;;
58;63;4090;0;;;;;
59;0;59;0;;;;;
59;1;123;0;;;;;
59;2;187;0;;;;;
59;3;251;0;;;;;
59;4;315;0;;;;;
59;5;379;0;;;;;
59;6;443;0;;;;;
59;7;507;0;;;;;
59;8;571;0;;;;;
59;9;635;0;;;;;
59;10;699;0;;;;;
59;11;763;0;;;;;
59;12;827;0;;;;;
59;13;891;0;;;;;
59;14;955;0;;;;;
59;15;1019;0;;;;;
59;16;1083;0;;;;;
59;17;1147;0;;;;;
59;18;1211;0;;;;;
59;19;1275;0;;;;;
59;20;1339;0;;;;;
59;21;1403;0;;;;;
59;22;1467;0;;;;;
59;23;1531;0;;;;;
59;24;1595;0;;;;;
59;25;1659;0;;;;;
59;26;1723;0;;;;;
59;27;1787;0;;;;;
59;28;1851;0;;;;;
59;29;1915;0;;;;;
59;30;1979;0;;;;;
59;31;2043;0;;;;;
59;32;2107;0;;;;;
59;33;2171;0;;;;;
59;34;2235;0;;;;;
59;35;2299;0;;;;;
59;36;2363;0;;;;;
59;37;2427;0;;;;;
59;38;2491;0;;;;;
59;39;2555;0;;;;;
59;40;2619;0;;;;;
59;41;2683;0;;;;;
59;42;2747;0;;;;;
59;43;2811;0;;;;;
59;44;2875;0;;;;;
59;45;2939;0;;;;;
59;46;3003;0;;;;;
59;47;3067;0;;;;;
59;48;3131;0;;;;;
59;49;3195;0;;;;;
59;50;3259;0;;;;;
59;51;3323;0;;;;;
59;52;3387;0;;;;;
59;53;3451;0;;;;;
59;54;3515;0;;;;;
59;55;3579;0;;;;;
59;56;3643;0;;;;;
59;57;3707;0;;;;;
59;58;3771;0;;;;;
59;59;3835;0;;;;;
59;60;3899;0;;;;;
59;61;3963;0;;;;;
59;62;4027;0;;;;;
59;63;4091;0;;;;;
60;0;60;0;;;;;
60;1;124;0;;;;;
60;2;188;0;;;;;
60;3;252;0;;;;;
60;4;316;0;;;;;
60;5;380;0;;;;;
60;6;444;0;;;;;
60;7;508;0;;;;;
60;8;572;0;;;;;
60;9;636;0;;;;;
60;10;700;0;;;;;
60;11;764;0;;;;;
60;12;828;0;;;;;
60;13;892;0;;;;;
60;14;956;0;;;;;
60;15;1020;0;;;;;
60;16;1084;0;;;;;
60;17;1148;0;;;;;
60;18;1212;0;;;;;
60;19;1276;0;;;;;
60;20;1340;0;;;;;
60;21;1404;0;;;;;
60;22;1468;0;;;;;
60;23;1532;0;;;;;
60;24;1596;0;;;;;
60;25;1660;0;;;;;
60;26;1724;0;;;;;
60;27;1788;0;;;;;
60;28;1852;0;;;;;
60;29;1916;0;;;;;
60;30;1980;0;;;;;
60;31;2044;0;;;;;
60;32;2108;0;;;;;
60;33;2172;0;;;;;
60;34;2236;0;;;;;
60;35;2300;0;;;;;
60;36;2364;0;;;;;
60;37;2428;0;;;;;
60;38;2492;0;;;;;
60;39;2556;0;;;;;
60;40;2620;0;;;;;
60;41;2684;0;;;;;
60;42;2748;0;;;;;
60;43;2812;0;;;;;
60;44;2876;0;;;;;
60;45;2940;0;;;;;
60;46;3004;0;;;;;
60;47;3068;0;;;;;
60;48;3132;0;;;;;
60;49;3196;0;;;;;
60;50;3260;0;;;;;
60;51;3324;0;;;;;
60;52;3388;0;;;;;
60;53;3452;0;;;;;
60;54;3516;0;;;;;
60;55;3580;0;;;;;
60;56;3644;0;;;;;
60;57;3708;0;;;;;
60;58;3772;0;;;;;
60;59;3836;0;;;;;
60;60;3900;0;;;;;
60;61;3964;0;;;;;
60;62;4028;0;;;;;
60;63;4092;0;;;;;
61;0;61;0;;;;;
61;1;125;0;;;;;
61;2;189;0;;;;;
61;3;253;0;;;;;
61;4;317;0;;;;;
61;5;381;0;;;;;
61;6;445;0;;;;;
61;7;509;0;;;;;
61;8;573;0;;;;;
61;9;637;0;;;;;
61;10;701;0;;;;;
61;11;765;0;;;;;
61;12;829;0;;;;;
61;13;893;0;;;;;
61;14;957;0;;;;;
61;15;1021;0;;;;;
61;16;1085;0;;;;;
61;17;1149;0;;;;;
61;18;1213;0;;;;;
61;19;1277;0;;;;;
61;20;1341;0;;;;;
61;21;1405;0;;;;;
61;22;1469;0;;;;;
61;23;1533;0;;;;;
61;24;1597;0;;;;;
61;25;1661;0;;;;;
61;26;1725;0;;;;;
61;27;1789;0;;;;;
61;28;1853;0;;;;;
61;29;1917;0;;;;;
61;30;1981;0;;;;;
61;31;2045;0;;;;;
61;32;2109;0;;;;;
61;33;2173;0;;;;;
61;34;2237;0;;;;;
61;35;2301;0;;;;;
61;36;2365;0;;;;;
61;37;2429;0;;;;;
61;38;2493;0;;;;;
61;39;2557;0;;;;;
61;40;2621;0;;;;;
61;41;2685;0;;;;;
61;42;2749;0;;;;;
61;43;2813;0;;;;;
61;44;2877;0;;;;;
61;45;2941;0;;;;;
61;46;3005;0;;;;;
61;47;3069;0;;;;;
61;48;3133;0;;;;;
61;49;3197;0;;;;;
61;50;3261;0;;;;;
61;51;3325;0;;;;;
61;52;3389;0;;;;;
61;53;3453;0;;;;;
61;54;3517;0;;;;;
61;55;3581;0;;;;;
61;56;3645;0;;;;;
61;57;3709;0;;;;;
61;58;3773;0;;;;;
61;59;3837;0;;;;;
61;60;3901;0;;;;;
61;61;3965;0;;;;;
61;62;4029;0;;;;;
61;63;4093;0;;;;;
62;0;62;0;;;;;
62;1;126;0;;;;;
62;2;190;0;;;;;
62;3;254;0;;;;;
62;4;318;0;;;;;
62;5;382;0;;;;;
62;6;446;0;;;;;
62;7;510;0;;;;;
62;8;574;0;;;;;
62;9;638;0;;;;;
62;10;702;0;;;;;
62;11;766;0;;;;;
62;12;830;0;;;;;
62;13;894;0;;;;;
62;14;958;0;;;;;
62;15;1022;0;;;;;
62;16;1086;0;;;;;
62;17;1150;0;;;;;
62;18;1214;0;;;;;
62;19;1278;0;;;;;
62;20;1342;0;;;;;
62;21;1406;0;;;;;
62;22;1470;0;;;;;
62;23;1534;0;;;;;
62;24;1598;0;;;;;
62;25;1662;0;;;;;
62;26;1726;0;;;;;
62;27;1790;0;;;;;
62;28;1854;0;;;;;
62;29;1918;0;;;;;
62;30;1982;0;;;;;
62;31;2046;0;;;;;
62;32;2110;0;;;;;
62;33;2174;0;;;;;
62;34;2238;0;;;;;
62;35;2302;0;;;;;
62;36;2366;0;;;;;
62;37;2430;0;;;;;
62;38;2494;0;;;;;
62;39;2558;0;;;;;
62;40;2622;0;;;;;
62;41;2686;0;;;;;
62;42;2750;0;;;;;
62;43;2814;0;;;;;
62;44;2878;0;;;;;
62;45;2942;0;;;;;
62;46;3006;0;;;;;
62;47;3070;0;;;;;
62;48;3134;0;;;;;
62;49;3198;0;;;;;
62;50;3262;0;;;;;
62;51;3326;0;;;;;
62;52;3390;0;;;;;
62;53;3454;0;;;;;
62;54;3518;0;;;;;
62;55;3582;0;;;;;
62;56;3646;0;;;;;
62;57;3710;0;;;;;
62;58;3774;0;;;;;
62;59;3838;0;;;;;
62;60;3902;0;;;;;
62;61;3966;0;;;;;
62;62;4030;0;;;;;
62;63;4094;0;;;;;
63;0;63;0;;;;;
63;1;127;0;;;;;
63;2;191;0;;;;;
63;3;255;0;;;;;
63;4;319;0;;;;;
63;5;383;0;;;;;
63;6;447;0;;;;;
63;7;511;0;;;;;
63;8;575;0;;;;;
63;9;639;0;;;;;
63;10;703;0;;;;;
63;11;767;0;;;;;
63;12;831;0;;;;;
63;13;895;0;;;;;
63;14;959;0;;;;;
63;15;1023;0;;;;;
63;16;1087;0;;;;;
63;17;1151;0;;;;;
63;18;1215;0;;;;;
63;19;1279;0;;;;;
63;20;1343;0;;;;;
63;21;1407;0;;;;;
63;22;1471;0;;;;;
63;23;1535;0;;;;;
63;24;1599;0;;;;;
63;25;1663;0;;;;;
63;26;1727;0;;;;;
63;27;1791;0;;;;;
63;28;1855;0;;;;;
63;29;1919;0;;;;;
63;30;1983;0;;;;;
63;31;2047;0;;;;;
63;32;2111;0;;;;;
63;33;2175;0;;;;;
63;34;2239;0;;;;;
63;35;2303;0;;;;;
63;36;2367;0;;;;;
63;37;2431;0;;;;;
63;38;2495;0;;;;;
63;39;2559;0;;;;;
63;40;2623;0;;;;;
63;41;2687;0;;;;;
63;42;2751;0;;;;;
63;43;2815;0;;;;;
63;44;2879;0;;;;;
63;45;2943;0;;;;;
63;46;3007;0;;;;;
63;47;3071;0;;;;;
63;48;3135;0;;;;;
63;49;3199;0;;;;;
63;50;3263;0;;;;;
63;51;3327;0;;;;;
63;52;3391;0;;;;;
63;53;3455;0;;;;;
63;54;3519;0;;;;;
63;55;3583;0;;;;;
63;56;3647;0;;;;;
63;57;3711;0;;;;;
63;58;3775;0;;;;;
63;59;3839;0;;;;;
63;60;3903;0;;;;;
63;61;3967;0;;;;;
63;62;4031;0;;;;;
63;63;4095;0;;;;;
