0
0 0 15
0 1 15
0 2 15
0 3 15
0 4 15
0 5 15
0 6 15
0 7 15
0 8 15
0 9 15
0 10 15
0 11 15
0 12 15
0 13 15
0 14 15
0 15 15
0 16 15
0 17 15
0 18 15
0 19 15
0 20 15
0 21 15
0 22 15
0 23 15
0 24 15
0 25 15
0 26 15
0 27 15
0 28 15
0 29 15
0 30 15
0 31 15
0 32 15
0 33 15
0 34 15
0 35 15
0 36 15
0 37 15
0 38 15
0 39 15
0 40 15
0 41 15
0 42 15
0 43 15
0 44 15
0 45 15
0 46 15
0 47 15
0 48 15
0 49 15
0 50 15
0 51 15
0 52 15
0 53 15
0 54 15
0 55 15
0 56 15
0 57 15
0 58 15
0 59 15
0 60 15
0 61 15
0 62 15
0 63 15
1 0 15
1 1 15
1 2 15
1 3 15
1 4 15
1 5 15
1 6 15
1 7 15
1 8 15
1 9 15
1 10 15
1 11 15
1 12 15
1 13 15
1 14 15
1 15 15
1 16 15
1 17 15
1 18 15
1 19 15
1 20 15
1 21 15
1 22 15
1 23 15
1 24 15
1 25 15
1 26 15
1 27 15
1 28 15
1 29 15
1 30 15
1 31 15
1 32 15
1 33 15
1 34 15
1 35 15
1 36 15
1 37 15
1 38 15
1 39 15
1 40 15
1 41 15
1 42 15
1 43 15
1 44 15
1 45 15
1 46 15
1 47 15
1 48 15
1 49 15
1 50 15
1 51 15
1 52 15
1 53 15
1 54 15
1 55 15
1 56 15
1 57 15
1 58 15
1 59 15
1 60 15
1 61 15
1 62 15
1 63 15
2 0 15
2 1 15
2 2 15
2 3 15
2 4 15
2 5 15
2 6 15
2 7 15
2 8 15
2 9 15
2 10 15
2 11 15
2 12 15
2 13 15
2 14 15
2 15 15
2 16 15
2 17 15
2 18 15
2 19 15
2 20 15
2 21 15
2 22 15
2 23 15
2 24 15
2 25 15
2 26 15
2 27 15
2 28 15
2 29 15
2 30 15
2 31 15
2 32 15
2 33 15
2 34 15
2 35 15
2 36 15
2 37 15
2 38 15
2 39 15
2 40 15
2 41 15
2 42 15
2 43 15
2 44 15
2 45 15
2 46 15
2 47 15
2 48 15
2 49 15
2 50 15
2 51 15
2 52 15
2 53 15
2 54 15
2 55 15
2 56 15
2 57 15
2 58 15
2 59 15
2 60 15
2 61 15
2 62 15
2 63 15
3 0 15
3 1 15
3 2 15
3 3 15
3 4 15
3 5 15
3 6 15
3 7 15
3 8 15
3 9 15
3 10 15
3 11 15
3 12 15
3 13 15
3 14 15
3 15 15
3 16 15
3 17 15
3 18 15
3 19 15
3 20 15
3 21 15
3 22 15
3 23 15
3 24 15
3 25 15
3 26 15
3 27 15
3 28 15
3 29 15
3 30 15
3 31 15
3 32 15
3 33 15
3 34 15
3 35 15
3 36 15
3 37 15
3 38 15
3 39 15
3 40 15
3 41 15
3 42 15
3 43 15
3 44 15
3 45 15
3 46 15
3 47 15
3 48 15
3 49 15
3 50 15
3 51 15
3 52 15
3 53 15
3 54 15
3 55 15
3 56 15
3 57 15
3 58 15
3 59 15
3 60 15
3 61 15
3 62 15
3 63 15
4 0 15
4 1 15
4 2 15
4 3 15
4 4 15
4 5 15
4 6 15
4 7 15
4 8 15
4 9 15
4 10 15
4 11 15
4 12 15
4 13 15
4 14 15
4 15 15
4 16 15
4 17 15
4 18 15
4 19 15
4 20 15
4 21 15
4 22 15
4 23 15
4 24 15
4 25 15
4 26 15
4 27 15
4 28 15
4 29 15
4 30 15
4 31 15
4 32 15
4 33 15
4 34 15
4 35 15
4 36 15
4 37 15
4 38 15
4 39 15
4 40 15
4 41 15
4 42 15
4 43 15
4 44 15
4 45 15
4 46 15
4 47 15
4 48 15
4 49 15
4 50 15
4 51 15
4 52 15
4 53 15
4 54 15
4 55 15
4 56 15
4 57 15
4 58 15
4 59 15
4 60 15
4 61 15
4 62 15
4 63 15
5 0 15
5 1 15
5 2 15
5 3 15
5 4 15
5 5 15
5 6 15
5 7 15
5 8 15
5 9 15
5 10 15
5 11 15
5 12 15
5 13 15
5 14 15
5 15 15
5 16 15
5 17 15
5 18 15
5 19 15
5 20 15
5 21 15
5 22 15
5 23 15
5 24 15
5 25 15
5 26 15
5 27 15
5 28 15
5 29 15
5 30 15
5 31 15
5 32 15
5 33 15
5 34 15
5 35 15
5 36 15
5 37 15
5 38 15
5 39 15
5 40 15
5 41 15
5 42 15
5 43 15
5 44 15
5 45 15
5 46 15
5 47 15
5 48 15
5 49 15
5 50 15
5 51 15
5 52 15
5 53 15
5 54 15
5 55 15
5 56 15
5 57 15
5 58 15
5 59 15
5 60 15
5 61 15
5 62 15
5 63 15
6 0 15
6 1 15
6 2 15
6 3 15
6 4 15
6 5 15
6 6 15
6 7 15
6 8 15
6 9 15
6 10 15
6 11 15
6 12 15
6 13 15
6 14 15
6 15 15
6 16 15
6 17 15
6 18 15
6 19 15
6 20 15
6 21 15
6 22 15
6 23 15
6 24 15
6 25 15
6 26 15
6 27 15
6 28 15
6 29 15
6 30 15
6 31 15
6 32 15
6 33 15
6 34 15
6 35 15
6 36 15
6 37 15
6 38 15
6 39 15
6 40 15
6 41 15
6 42 15
6 43 15
6 44 15
6 45 15
6 46 15
6 47 15
6 48 15
6 49 15
6 50 15
6 51 15
6 52 15
6 53 15
6 54 15
6 55 15
6 56 15
6 57 15
6 58 15
6 59 15
6 60 15
6 61 15
6 62 15
6 63 15
7 0 15
7 1 15
7 2 15
7 3 15
7 4 15
7 5 15
7 6 15
7 7 15
7 8 15
7 9 15
7 10 15
7 11 15
7 12 15
7 13 15
7 14 15
7 15 15
7 16 15
7 17 15
7 18 15
7 19 15
7 20 15
7 21 15
7 22 15
7 23 15
7 24 15
7 25 15
7 26 15
7 27 15
7 28 15
7 29 15
7 30 15
7 31 15
7 32 15
7 33 15
7 34 15
7 35 15
7 36 15
7 37 15
7 38 15
7 39 15
7 40 15
7 41 15
7 42 15
7 43 15
7 44 15
7 45 15
7 46 15
7 47 15
7 48 15
7 49 15
7 50 15
7 51 15
7 52 15
7 53 15
7 54 15
7 55 15
7 56 15
7 57 15
7 58 15
7 59 15
7 60 15
7 61 15
7 62 15
7 63 15
8 0 15
8 1 15
8 2 15
8 3 15
8 4 15
8 5 15
8 6 15
8 7 15
8 8 15
8 9 15
8 10 15
8 11 15
8 12 15
8 13 15
8 14 15
8 15 15
8 16 15
8 17 15
8 18 15
8 19 15
8 20 15
8 21 15
8 22 15
8 23 15
8 24 15
8 25 15
8 26 15
8 27 15
8 28 15
8 29 15
8 30 15
8 31 15
8 32 15
8 33 15
8 34 15
8 35 15
8 36 15
8 37 15
8 38 15
8 39 15
8 40 15
8 41 15
8 42 15
8 43 15
8 44 15
8 45 15
8 46 15
8 47 15
8 48 15
8 49 15
8 50 15
8 51 15
8 52 15
8 53 15
8 54 15
8 55 15
8 56 15
8 57 15
8 58 15
8 59 15
8 60 15
8 61 15
8 62 15
8 63 15
9 0 15
9 1 15
9 2 15
9 3 15
9 4 15
9 5 15
9 6 15
9 7 15
9 8 15
9 9 15
9 10 15
9 11 15
9 12 15
9 13 15
9 14 15
9 15 15
9 16 15
9 17 15
9 18 15
9 19 15
9 20 15
9 21 15
9 22 15
9 23 15
9 24 15
9 25 15
9 26 15
9 27 15
9 28 15
9 29 15
9 30 15
9 31 15
9 32 15
9 33 15
9 34 15
9 35 15
9 36 15
9 37 15
9 38 15
9 39 15
9 40 15
9 41 15
9 42 15
9 43 15
9 44 15
9 45 15
9 46 15
9 47 6
9 48 2
9 49 3
9 50 15
9 51 15
9 52 15
9 53 15
9 54 15
9 55 15
9 56 15
9 57 15
9 58 15
9 59 15
9 60 15
9 61 15
9 62 15
9 63 15
10 0 15
10 1 15
10 2 15
10 3 15
10 4 15
10 5 15
10 6 15
10 7 15
10 8 15
10 9 15
10 10 15
10 11 15
10 12 15
10 13 15
10 14 15
10 15 15
10 16 15
10 17 15
10 18 15
10 19 15
10 20 15
10 21 15
10 22 15
10 23 6
10 24 2
10 25 3
10 26 15
10 27 15
10 28 15
10 29 15
10 30 15
10 31 15
10 32 15
10 33 15
10 34 15
10 35 15
10 36 15
10 37 15
10 38 15
10 39 15
10 40 15
10 41 15
10 42 15
10 43 15
10 44 15
10 45 15
10 46 15
10 47 4
10 50 3
10 51 15
10 52 15
10 53 15
10 54 15
10 55 15
10 56 15
10 57 15
10 58 15
10 59 15
10 60 15
10 61 15
10 62 15
10 63 15
11 0 15
11 1 15
11 2 15
11 3 15
11 4 15
11 5 15
11 6 15
11 7 15
11 8 15
11 9 15
11 10 15
11 11 15
11 12 15
11 13 15
11 14 15
11 15 15
11 16 15
11 17 15
11 18 15
11 19 15
11 20 15
11 21 6
11 22 2
11 26 2
11 27 3
11 28 15
11 29 15
11 30 6
11 31 2
11 32 2
11 33 2
11 34 3
11 35 15
11 36 15
11 37 15
11 38 15
11 39 15
11 40 15
11 41 15
11 42 15
11 43 15
11 44 15
11 45 15
11 46 15
11 47 4
11 51 3
11 52 15
11 53 15
11 54 15
11 55 15
11 56 15
11 57 15
11 58 15
11 59 15
11 60 15
11 61 15
11 62 15
11 63 15
12 0 15
12 1 15
12 2 15
12 3 15
12 4 15
12 5 15
12 6 15
12 7 15
12 8 15
12 9 15
12 10 15
12 11 15
12 12 15
12 13 15
12 14 15
12 15 15
12 16 15
12 17 15
12 18 6
12 19 2
12 20 2
12 28 2
12 29 2
12 35 2
12 36 3
12 37 15
12 38 15
12 39 15
12 40 6
12 41 2
12 42 2
12 43 3
12 44 15
12 45 15
12 46 6
12 52 3
12 53 15
12 54 15
12 55 15
12 56 15
12 57 15
12 58 15
12 59 15
12 60 15
12 61 15
12 62 15
12 63 15
13 0 15
13 1 15
13 2 15
13 3 15
13 4 15
13 5 15
13 6 15
13 7 15
13 8 15
13 9 15
13 10 15
13 11 15
13 12 15
13 13 15
13 14 15
13 15 15
13 16 15
13 17 15
13 18 4
13 37 2
13 38 2
13 39 2
13 44 2
13 45 2
13 52 1
13 53 15
13 54 15
13 55 15
13 56 15
13 57 15
13 58 15
13 59 15
13 60 15
13 61 15
13 62 15
13 63 15
14 0 15
14 1 15
14 2 15
14 3 15
14 4 15
14 5 15
14 6 15
14 7 15
14 8 15
14 9 15
14 10 15
14 11 15
14 12 15
14 13 15
14 14 15
14 15 15
14 16 15
14 17 6
14 53 2
14 54 3
14 55 15
14 56 6
14 57 2
14 58 2
14 59 2
14 60 3
14 61 15
14 62 15
14 63 15
15 0 15
15 1 15
15 2 15
15 3 15
15 4 15
15 5 15
15 6 15
15 7 15
15 8 15
15 9 15
15 10 15
15 11 15
15 12 15
15 13 15
15 14 15
15 15 15
15 16 15
15 17 4
15 55 2
15 60 1
15 61 15
15 62 15
15 63 15
16 0 15
16 1 15
16 2 15
16 3 15
16 4 15
16 5 15
16 6 15
16 7 15
16 8 15
16 9 15
16 10 15
16 11 15
16 12 15
16 13 15
16 14 15
16 15 15
16 16 6
16 60 1
16 61 15
16 62 15
16 63 15
17 0 15
17 1 15
17 2 15
17 3 15
17 4 15
17 5 15
17 6 15
17 7 15
17 8 15
17 9 15
17 10 15
17 11 15
17 12 15
17 13 15
17 14 15
17 15 15
17 16 4
17 60 1
17 61 15
17 62 15
17 63 15
18 0 15
18 1 15
18 2 15
18 3 15
18 4 15
18 5 15
18 6 15
18 7 15
18 8 15
18 9 15
18 10 15
18 11 15
18 12 15
18 13 15
18 14 15
18 15 15
18 16 12
18 60 1
18 61 15
18 62 15
18 63 15
19 0 15
19 1 15
19 2 15
19 3 15
19 4 15
19 5 15
19 6 15
19 7 15
19 8 15
19 9 15
19 10 15
19 11 15
19 12 15
19 13 15
19 14 15
19 15 15
19 16 15
19 17 12
19 60 9
19 61 15
19 62 15
19 63 15
20 0 15
20 1 15
20 2 15
20 3 15
20 4 15
20 5 15
20 6 15
20 7 15
20 8 15
20 9 15
20 10 15
20 11 15
20 12 15
20 13 15
20 14 7
20 15 15
20 16 15
20 17 15
20 18 12
20 58 8
20 59 9
20 60 15
20 61 15
20 62 15
20 63 15
21 0 15
21 1 15
21 2 15
21 3 15
21 4 15
21 5 15
21 6 15
21 7 15
21 8 15
21 9 15
21 10 15
21 11 15
21 12 6
21 13 2
21 15 3
21 16 15
21 17 15
21 18 15
21 19 12
21 57 9
21 58 15
21 59 15
21 60 15
21 61 15
21 62 15
21 63 15
22 0 15
22 1 15
22 2 15
22 3 15
22 4 15
22 5 15
22 6 15
22 7 15
22 8 15
22 9 15
22 10 15
22 11 6
22 16 3
22 17 15
22 18 15
22 19 15
22 20 12
22 56 9
22 57 15
22 58 15
22 59 15
22 60 15
22 61 15
22 62 15
22 63 15
23 0 15
23 1 15
23 2 15
23 3 15
23 4 15
23 5 15
23 6 15
23 7 15
23 8 15
23 9 15
23 10 6
23 16 1
23 17 15
23 18 15
23 19 15
23 20 15
23 21 12
23 55 1
23 56 15
23 57 15
23 58 15
23 59 15
23 60 15
23 61 15
23 62 15
23 63 15
24 0 15
24 1 15
24 2 15
24 3 15
24 4 15
24 5 15
24 6 15
24 7 15
24 8 15
24 9 6
24 16 1
24 17 15
24 18 15
24 19 15
24 20 15
24 21 15
24 22 4
24 56 3
24 57 15
24 58 15
24 59 15
24 60 15
24 61 15
24 62 15
24 63 15
25 0 15
25 1 15
25 2 15
25 3 15
25 4 15
25 5 15
25 6 15
25 7 15
25 8 15
25 9 4
25 16 1
25 17 15
25 18 15
25 19 15
25 20 15
25 21 15
25 22 4
25 57 3
25 58 15
25 59 15
25 60 15
25 61 15
25 62 15
25 63 15
26 0 15
26 1 15
26 2 15
26 3 15
26 4 15
26 5 15
26 6 15
26 7 15
26 8 6
26 17 3
26 18 15
26 19 15
26 20 15
26 21 6
26 58 3
26 59 15
26 60 15
26 61 15
26 62 15
26 63 15
27 0 15
27 1 15
27 2 15
27 3 15
27 4 15
27 5 15
27 6 15
27 7 6
27 18 2
27 19 2
27 20 2
27 59 3
27 60 15
27 61 15
27 62 15
27 63 15
28 0 15
28 1 15
28 2 15
28 3 15
28 4 15
28 5 15
28 6 6
28 60 3
28 61 15
28 62 15
28 63 15
29 0 15
29 1 15
29 2 15
29 3 15
29 4 15
29 5 15
29 6 4
29 61 3
29 62 15
29 63 15
30 0 15
30 1 15
30 2 15
30 3 15
30 4 15
30 5 6
30 62 3
30 63 15
31 0 15
31 1 15
31 2 15
31 3 15
31 4 15
31 5 12
31 63 2
32 0 15
32 1 15
32 2 15
32 3 15
32 4 15
32 5 15
32 6 4
33 0 15
33 1 15
33 2 15
33 3 15
33 4 15
33 5 14
34 0 15
34 1 15
34 2 15
34 3 15
34 4 15
34 5 15
34 6 4
35 0 15
35 1 15
35 2 15
35 3 15
35 4 15
35 5 15
35 6 4
36 0 15
36 1 15
36 2 15
36 3 15
36 4 15
36 5 15
36 6 4
37 0 15
37 1 15
37 2 15
37 3 15
37 4 15
37 5 6
38 0 15
38 1 15
38 2 15
38 3 15
38 4 15
38 5 4
39 0 15
39 1 15
39 2 15
39 3 15
39 4 6
40 0 15
40 1 15
40 2 15
40 3 15
40 4 4
41 0 15
41 1 15
41 2 15
41 3 15
41 4 4
42 0 15
42 1 15
42 2 15
42 3 15
42 4 4
43 0 15
43 1 15
43 2 15
43 3 15
43 4 12
44 0 15
44 1 15
44 2 15
44 3 15
44 4 15
44 5 4
45 0 15
45 1 15
45 2 15
45 3 15
45 4 15
45 5 4
46 0 15
46 1 15
46 2 15
46 3 15
46 4 6
47 0 15
47 1 15
47 2 15
47 3 15
47 4 4
48 0 15
48 1 15
48 2 15
48 3 6
49 0 15
49 1 15
49 2 15
49 3 4
50 0 15
50 1 15
50 2 15
50 3 4
51 0 15
51 1 15
51 2 15
51 3 12
52 0 15
52 1 15
52 2 15
52 3 15
52 4 12
53 0 15
53 1 15
53 2 15
53 3 15
53 4 15
53 5 4
54 0 15
54 1 15
54 2 15
54 3 15
54 4 15
54 5 4
55 0 15
55 1 15
55 2 15
55 3 15
55 4 15
55 5 12
56 0 15
56 1 15
56 2 15
56 3 15
56 4 15
56 5 15
56 6 4
57 0 15
57 1 15
57 2 15
57 3 15
57 4 15
57 5 15
57 6 12
58 0 15
58 1 15
58 2 15
58 3 15
58 4 15
58 5 15
58 6 15
58 7 4
59 0 15
59 1 15
59 2 15
59 3 15
59 4 15
59 5 15
59 6 15
59 7 12
60 0 15
60 1 15
60 2 15
60 3 15
60 4 15
60 5 15
60 6 15
60 7 15
60 8 4
61 0 15
61 1 15
61 2 15
61 3 15
61 4 15
61 5 15
61 6 15
61 7 15
61 8 4
62 0 15
62 1 15
62 2 15
62 3 15
62 4 15
62 5 15
62 6 15
62 7 15
62 8 4
63 0 15
63 1 15
63 2 15
63 3 15
63 4 15
63 5 15
63 6 15
63 7 15
63 8 4
