15
5 38 6
5 39 2
5 40 2
5 41 2
5 42 3
6 38 4
6 39 0
6 40 0
6 41 0
6 42 0
6 43 3
7 38 4
7 39 0
7 40 0
7 41 0
7 42 0
7 43 9
8 38 12
8 39 8
8 40 8
8 41 0
8 42 9
9 41 13
13 47 6
13 48 2
13 49 2
13 50 2
13 51 3
14 46 6
14 47 0
14 48 0
14 49 0
14 50 0
14 51 0
14 52 2
14 53 2
14 54 3
15 45 6
15 46 0
15 47 0
15 48 0
15 49 0
15 50 0
15 51 0
15 52 0
15 53 0
15 54 0
15 55 3
16 41 6
16 42 2
16 43 2
16 44 2
16 45 0
16 46 0
16 47 0
16 48 0
16 49 0
16 50 0
16 51 0
16 52 0
16 53 0
16 54 0
16 55 1
17 40 6
17 41 0
17 42 0
17 43 0
17 44 0
17 45 0
17 46 0
17 47 0
17 48 0
17 49 0
17 50 0
17 51 0
17 52 0
17 53 0
17 54 0
17 55 1
18 39 6
18 40 0
18 41 0
18 42 0
18 43 0
18 44 0
18 45 0
18 46 0
18 47 0
18 48 0
18 49 0
18 50 0
18 51 0
18 52 0
18 53 0
18 54 0
18 55 0
18 56 3
19 37 6
19 38 2
19 39 0
19 40 0
19 41 0
19 42 0
19 43 0
19 44 0
19 45 0
19 46 0
19 47 0
19 48 0
19 49 0
19 50 0
19 51 0
19 52 0
19 53 0
19 54 0
19 55 0
19 56 1
20 37 4
20 38 0
20 39 0
20 40 0
20 41 0
20 42 0
20 43 0
20 44 0
20 45 0
20 46 0
20 47 0
20 48 0
20 49 0
20 50 0
20 51 0
20 52 0
20 53 0
20 54 0
20 55 0
20 56 1
21 37 4
21 38 0
21 39 0
21 40 0
21 41 0
21 42 0
21 43 0
21 44 0
21 45 0
21 46 0
21 47 0
21 48 0
21 49 0
21 50 0
21 51 0
21 52 0
21 53 0
21 54 0
21 55 0
21 56 9
22 37 4
22 38 0
22 39 0
22 40 0
22 41 0
22 42 0
22 43 0
22 44 0
22 45 0
22 46 0
22 47 0
22 48 0
22 49 0
22 50 0
22 51 0
22 52 0
22 53 0
22 54 0
22 55 1
23 37 12
23 38 0
23 39 0
23 40 0
23 41 0
23 42 0
23 43 0
23 44 0
23 45 0
23 46 0
23 47 0
23 48 0
23 49 0
23 50 0
23 51 0
23 52 0
23 53 0
23 54 0
23 55 9
24 38 12
24 39 0
24 40 0
24 41 0
24 42 0
24 43 0
24 44 0
24 45 0
24 46 0
24 47 0
24 48 0
24 49 0
24 50 0
24 51 0
24 52 0
24 53 0
24 54 9
25 39 4
25 40 0
25 41 0
25 42 0
25 43 0
25 44 0
25 45 0
25 46 0
25 47 0
25 48 0
25 49 0
25 50 0
25 51 0
25 52 8
25 53 9
26 39 12
26 40 8
26 41 0
26 42 0
26 43 8
26 44 8
26 45 8
26 46 0
26 47 0
26 48 0
26 49 0
26 50 8
26 51 9
27 41 12
27 42 9
27 46 12
27 47 8
27 48 8
27 49 9
33 59 6
33 60 2
33 61 2
33 62 2
33 63 2
34 57 6
34 58 2
34 59 0
34 60 0
34 61 0
34 62 0
34 63 0
35 57 4
35 58 0
35 59 0
35 60 0
35 61 0
35 62 0
35 63 0
36 57 4
36 58 0
36 59 0
36 60 0
36 61 0
36 62 0
36 63 0
37 57 4
37 58 0
37 59 0
37 60 0
37 61 0
37 62 0
37 63 0
38 56 6
38 57 0
38 58 0
38 59 0
38 60 0
38 61 0
38 62 0
38 63 0
39 55 6
39 56 0
39 57 0
39 58 0
39 59 0
39 60 0
39 61 0
39 62 0
39 63 0
40 55 4
40 56 0
40 57 0
40 58 0
40 59 0
40 60 0
40 61 0
40 62 0
40 63 0
41 55 4
41 56 0
41 57 0
41 58 0
41 59 0
41 60 0
41 61 0
41 62 0
41 63 0
42 54 6
42 55 0
42 56 0
42 57 0
42 58 0
42 59 0
42 60 0
42 61 0
42 62 0
42 63 0
43 54 4
43 55 0
43 56 0
43 57 0
43 58 0
43 59 0
43 60 0
43 61 0
43 62 0
43 63 0
44 54 4
44 55 0
44 56 0
44 57 0
44 58 0
44 59 0
44 60 0
44 61 0
44 62 0
44 63 0
45 54 4
45 55 0
45 56 0
45 57 0
45 58 0
45 59 0
45 60 0
45 61 0
45 62 0
45 63 0
46 53 6
46 54 0
46 55 0
46 56 0
46 57 0
46 58 0
46 59 0
46 60 0
46 61 0
46 62 0
46 63 0
47 53 4
47 54 0
47 55 0
47 56 0
47 57 0
47 58 0
47 59 0
47 60 0
47 61 0
47 62 0
47 63 0
48 52 6
48 53 0
48 54 0
48 55 0
48 56 0
48 57 0
48 58 0
48 59 0
48 60 0
48 61 0
48 62 0
48 63 0
49 8 7
49 51 6
49 52 0
49 53 0
49 54 0
49 55 0
49 56 0
49 57 0
49 58 0
49 59 0
49 60 0
49 61 0
49 62 0
49 63 0
50 5 6
50 6 2
50 7 2
50 8 0
50 9 2
50 10 3
50 24 6
50 25 2
50 26 3
50 51 4
50 52 0
50 53 0
50 54 0
50 55 0
50 56 0
50 57 0
50 58 0
50 59 0
50 60 0
50 61 0
50 62 0
50 63 0
51 3 6
51 4 2
51 5 0
51 6 0
51 7 0
51 8 0
51 9 0
51 10 0
51 11 2
51 12 3
51 23 6
51 24 0
51 25 0
51 26 0
51 27 2
51 28 3
51 50 6
51 51 0
51 52 0
51 53 0
51 54 0
51 55 0
51 56 0
51 57 0
51 58 0
51 59 0
51 60 0
51 61 0
51 62 0
51 63 0
52 1 6
52 2 2
52 3 0
52 4 0
52 5 0
52 6 0
52 7 0
52 8 0
52 9 0
52 10 0
52 11 0
52 12 0
52 13 2
52 14 3
52 22 6
52 23 0
52 24 0
52 25 0
52 26 0
52 27 0
52 28 0
52 29 3
52 48 6
52 49 2
52 50 0
52 51 0
52 52 0
52 53 0
52 54 0
52 55 0
52 56 0
52 57 0
52 58 0
52 59 0
52 60 0
52 61 0
52 62 0
52 63 0
53 0 2
53 1 0
53 2 0
53 3 0
53 4 0
53 5 0
53 6 0
53 7 0
53 8 0
53 9 0
53 10 0
53 11 0
53 12 0
53 13 0
53 14 0
53 15 3
53 20 6
53 21 2
53 22 0
53 23 0
53 24 0
53 25 0
53 26 0
53 27 0
53 28 0
53 29 0
53 30 2
53 31 3
53 40 7
53 47 6
53 48 0
53 49 0
53 50 0
53 51 0
53 52 0
53 53 0
53 54 0
53 55 0
53 56 0
53 57 0
53 58 0
53 59 0
53 60 0
53 61 0
53 62 0
53 63 0
54 0 0
54 1 0
54 2 0
54 3 0
54 4 0
54 5 0
54 6 0
54 7 0
54 8 0
54 9 0
54 10 0
54 11 0
54 12 0
54 13 0
54 14 0
54 15 0
54 16 2
54 17 2
54 18 2
54 19 2
54 20 0
54 21 0
54 22 0
54 23 0
54 24 0
54 25 0
54 26 0
54 27 0
54 28 0
54 29 0
54 30 0
54 31 0
54 32 3
54 38 6
54 39 2
54 40 0
54 41 3
54 45 6
54 46 2
54 47 0
54 48 0
54 49 0
54 50 0
54 51 0
54 52 0
54 53 0
54 54 0
54 55 0
54 56 0
54 57 0
54 58 0
54 59 0
54 60 0
54 61 0
54 62 0
54 63 0
55 0 0
55 1 0
55 2 0
55 3 0
55 4 0
55 5 0
55 6 0
55 7 0
55 8 0
55 9 0
55 10 0
55 11 0
55 12 0
55 13 0
55 14 0
55 15 0
55 16 0
55 17 0
55 18 0
55 19 0
55 20 0
55 21 0
55 22 0
55 23 0
55 24 0
55 25 0
55 26 0
55 27 0
55 28 0
55 29 0
55 30 0
55 31 0
55 32 0
55 33 2
55 34 2
55 35 2
55 36 2
55 37 2
55 38 0
55 39 0
55 40 0
55 41 0
55 42 2
55 43 2
55 44 2
55 45 0
55 46 0
55 47 0
55 48 0
55 49 0
55 50 0
55 51 0
55 52 0
55 53 0
55 54 0
55 55 0
55 56 0
55 57 0
55 58 0
55 59 0
55 60 0
55 61 0
55 62 0
55 63 0
56 0 0
56 1 0
56 2 0
56 3 0
56 4 0
56 5 0
56 6 0
56 7 0
56 8 0
56 9 0
56 10 0
56 11 0
56 12 0
56 13 0
56 14 0
56 15 0
56 16 0
56 17 0
56 18 0
56 19 0
56 20 0
56 21 0
56 22 0
56 23 0
56 24 0
56 25 0
56 26 0
56 27 0
56 28 0
56 29 0
56 30 0
56 31 0
56 32 0
56 33 0
56 34 0
56 35 0
56 36 0
56 37 0
56 38 0
56 39 0
56 40 0
56 41 0
56 42 0
56 43 0
56 44 0
56 45 0
56 46 0
56 47 0
56 48 0
56 49 0
56 50 0
56 51 0
56 52 0
56 53 0
56 54 0
56 55 0
56 56 0
56 57 0
56 58 0
56 59 0
56 60 0
56 61 0
56 62 0
56 63 0
57 0 0
57 1 0
57 2 0
57 3 0
57 4 0
57 5 0
57 6 0
57 7 0
57 8 0
57 9 0
57 10 0
57 11 0
57 12 0
57 13 0
57 14 0
57 15 0
57 16 0
57 17 0
57 18 0
57 19 0
57 20 0
57 21 0
57 22 0
57 23 0
57 24 0
57 25 0
57 26 0
57 27 0
57 28 0
57 29 0
57 30 0
57 31 0
57 32 0
57 33 0
57 34 0
57 35 0
57 36 0
57 37 0
57 38 0
57 39 0
57 40 0
57 41 0
57 42 0
57 43 0
57 44 0
57 45 0
57 46 0
57 47 0
57 48 0
57 49 0
57 50 0
57 51 0
57 52 0
57 53 0
57 54 0
57 55 0
57 56 0
57 57 0
57 58 0
57 59 0
57 60 0
57 61 0
57 62 0
57 63 0
58 0 0
58 1 0
58 2 0
58 3 0
58 4 0
58 5 0
58 6 0
58 7 0
58 8 0
58 9 0
58 10 0
58 11 0
58 12 0
58 13 0
58 14 0
58 15 0
58 16 0
58 17 0
58 18 0
58 19 0
58 20 0
58 21 0
58 22 0
58 23 0
58 24 0
58 25 0
58 26 0
58 27 0
58 28 0
58 29 0
58 30 0
58 31 0
58 32 0
58 33 0
58 34 0
58 35 0
58 36 0
58 37 0
58 38 0
58 39 0
58 40 0
58 41 0
58 42 0
58 43 0
58 44 0
58 45 0
58 46 0
58 47 0
58 48 0
58 49 0
58 50 0
58 51 0
58 52 0
58 53 0
58 54 0
58 55 0
58 56 0
58 57 0
58 58 0
58 59 0
58 60 0
58 61 0
58 62 0
58 63 0
59 0 0
59 1 0
59 2 0
59 3 0
59 4 0
59 5 0
59 6 0
59 7 0
59 8 0
59 9 0
59 10 0
59 11 0
59 12 0
59 13 0
59 14 0
59 15 0
59 16 0
59 17 0
59 18 0
59 19 0
59 20 0
59 21 0
59 22 0
59 23 0
59 24 0
59 25 0
59 26 0
59 27 0
59 28 0
59 29 0
59 30 0
59 31 0
59 32 0
59 33 0
59 34 0
59 35 0
59 36 0
59 37 0
59 38 0
59 39 0
59 40 0
59 41 0
59 42 0
59 43 0
59 44 0
59 45 0
59 46 0
59 47 0
59 48 0
59 49 0
59 50 0
59 51 0
59 52 0
59 53 0
59 54 0
59 55 0
59 56 0
59 57 0
59 58 0
59 59 0
59 60 0
59 61 0
59 62 0
59 63 0
60 0 0
60 1 0
60 2 0
60 3 0
60 4 0
60 5 0
60 6 0
60 7 0
60 8 0
60 9 0
60 10 0
60 11 0
60 12 0
60 13 0
60 14 0
60 15 0
60 16 0
60 17 0
60 18 0
60 19 0
60 20 0
60 21 0
60 22 0
60 23 0
60 24 0
60 25 0
60 26 0
60 27 0
60 28 0
60 29 0
60 30 0
60 31 0
60 32 0
60 33 0
60 34 0
60 35 0
60 36 0
60 37 0
60 38 0
60 39 0
60 40 0
60 41 0
60 42 0
60 43 0
60 44 0
60 45 0
60 46 0
60 47 0
60 48 0
60 49 0
60 50 0
60 51 0
60 52 0
60 53 0
60 54 0
60 55 0
60 56 0
60 57 0
60 58 0
60 59 0
60 60 0
60 61 0
60 62 0
60 63 0
61 0 0
61 1 0
61 2 0
61 3 0
61 4 0
61 5 0
61 6 0
61 7 0
61 8 0
61 9 0
61 10 0
61 11 0
61 12 0
61 13 0
61 14 0
61 15 0
61 16 0
61 17 0
61 18 0
61 19 0
61 20 0
61 21 0
61 22 0
61 23 0
61 24 0
61 25 0
61 26 0
61 27 0
61 28 0
61 29 0
61 30 0
61 31 0
61 32 0
61 33 0
61 34 0
61 35 0
61 36 0
61 37 0
61 38 0
61 39 0
61 40 0
61 41 0
61 42 0
61 43 0
61 44 0
61 45 0
61 46 0
61 47 0
61 48 0
61 49 0
61 50 0
61 51 0
61 52 0
61 53 0
61 54 0
61 55 0
61 56 0
61 57 0
61 58 0
61 59 0
61 60 0
61 61 0
61 62 0
61 63 0
62 0 0
62 1 0
62 2 0
62 3 0
62 4 0
62 5 0
62 6 0
62 7 0
62 8 0
62 9 0
62 10 0
62 11 0
62 12 0
62 13 0
62 14 0
62 15 0
62 16 0
62 17 0
62 18 0
62 19 0
62 20 0
62 21 0
62 22 0
62 23 0
62 24 0
62 25 0
62 26 0
62 27 0
62 28 0
62 29 0
62 30 0
62 31 0
62 32 0
62 33 0
62 34 0
62 35 0
62 36 0
62 37 0
62 38 0
62 39 0
62 40 0
62 41 0
62 42 0
62 43 0
62 44 0
62 45 0
62 46 0
62 47 0
62 48 0
62 49 0
62 50 0
62 51 0
62 52 0
62 53 0
62 54 0
62 55 0
62 56 0
62 57 0
62 58 0
62 59 0
62 60 0
62 61 0
62 62 0
62 63 0
63 0 0
63 1 0
63 2 0
63 3 0
63 4 0
63 5 0
63 6 0
63 7 0
63 8 0
63 9 0
63 10 0
63 11 0
63 12 0
63 13 0
63 14 0
63 15 0
63 16 0
63 17 0
63 18 0
63 19 0
63 20 0
63 21 0
63 22 0
63 23 0
63 24 0
63 25 0
63 26 0
63 27 0
63 28 0
63 29 0
63 30 0
63 31 0
63 32 0
63 33 0
63 34 0
63 35 0
63 36 0
63 37 0
63 38 0
63 39 0
63 40 0
63 41 0
63 42 0
63 43 0
63 44 0
63 45 0
63 46 0
63 47 0
63 48 0
63 49 0
63 50 0
63 51 0
63 52 0
63 53 0
63 54 0
63 55 0
63 56 0
63 57 0
63 58 0
63 59 0
63 60 0
63 61 0
63 62 0
63 63 0
