15
0 0 0
0 1 0
0 2 0
0 3 0
0 4 0
0 5 0
0 6 0
0 7 0
0 8 0
0 9 0
0 10 0
0 11 0
0 12 0
0 13 0
0 14 0
0 15 0
0 16 0
0 17 0
0 18 0
0 19 0
0 20 0
0 21 0
0 22 0
0 23 0
0 24 0
0 25 0
0 26 0
0 27 1
0 31 4
0 32 0
0 33 0
0 34 0
0 35 0
0 36 0
0 37 0
0 38 0
0 39 0
0 40 0
0 41 0
0 42 0
0 43 0
0 44 0
0 45 0
0 46 0
0 47 0
0 48 0
0 49 0
0 50 0
0 51 0
0 52 0
0 53 0
0 54 0
0 55 0
0 56 0
0 57 0
0 58 0
0 59 1
1 0 8
1 1 0
1 2 0
1 3 0
1 4 0
1 5 0
1 6 0
1 7 0
1 8 0
1 9 0
1 10 0
1 11 0
1 12 0
1 13 0
1 14 0
1 15 0
1 16 0
1 17 0
1 18 0
1 19 0
1 20 0
1 21 0
1 22 0
1 23 0
1 24 0
1 25 0
1 26 0
1 27 1
1 31 12
1 32 0
1 33 0
1 34 0
1 35 0
1 36 0
1 37 0
1 38 0
1 39 0
1 40 0
1 41 0
1 42 0
1 43 0
1 44 0
1 45 0
1 46 0
1 47 0
1 48 0
1 49 0
1 50 0
1 51 0
1 52 0
1 53 0
1 54 0
1 55 0
1 56 0
1 57 0
1 58 0
1 59 1
2 1 4
2 2 0
2 3 0
2 4 0
2 5 0
2 6 0
2 7 0
2 8 0
2 9 0
2 10 0
2 11 0
2 12 0
2 13 0
2 14 0
2 15 0
2 16 0
2 17 0
2 18 0
2 19 0
2 20 0
2 21 0
2 22 0
2 23 0
2 24 0
2 25 0
2 26 0
2 27 0
2 28 3
2 32 12
2 33 8
2 34 0
2 35 0
2 36 0
2 37 0
2 38 0
2 39 0
2 40 0
2 41 0
2 42 0
2 43 0
2 44 0
2 45 0
2 46 0
2 47 0
2 48 0
2 49 0
2 50 0
2 51 0
2 52 0
2 53 0
2 54 0
2 55 0
2 56 0
2 57 0
2 58 0
2 59 1
3 0 3
3 1 4
3 2 0
3 3 0
3 4 0
3 5 0
3 6 0
3 7 0
3 8 0
3 9 0
3 10 0
3 11 0
3 12 0
3 13 0
3 14 0
3 15 0
3 16 0
3 17 0
3 18 0
3 19 0
3 20 0
3 21 0
3 22 0
3 23 0
3 24 0
3 25 0
3 26 0
3 27 0
3 28 0
3 29 3
3 34 12
3 35 0
3 36 0
3 37 0
3 38 0
3 39 0
3 40 0
3 41 0
3 42 0
3 43 0
3 44 0
3 45 0
3 46 0
3 47 0
3 48 0
3 49 0
3 50 0
3 51 0
3 52 0
3 53 0
3 54 0
3 55 0
3 56 0
3 57 0
3 58 0
3 59 1
4 0 1
4 1 4
4 2 0
4 3 0
4 4 0
4 5 0
4 6 0
4 7 0
4 8 0
4 9 0
4 10 0
4 11 0
4 12 0
4 13 0
4 14 0
4 15 0
4 16 0
4 17 0
4 18 0
4 19 0
4 20 0
4 21 0
4 22 0
4 23 0
4 24 0
4 25 0
4 26 0
4 27 0
4 28 0
4 29 0
4 30 2
4 31 3
4 35 4
4 36 0
4 37 0
4 38 0
4 39 0
4 40 0
4 41 0
4 42 0
4 43 0
4 44 0
4 45 0
4 46 0
4 47 0
4 48 0
4 49 0
4 50 0
4 51 0
4 52 0
4 53 0
4 54 0
4 55 0
4 56 0
4 57 0
4 58 0
4 59 1
5 0 0
5 1 0
5 2 0
5 3 0
5 4 0
5 5 0
5 6 0
5 7 0
5 8 0
5 9 0
5 10 0
5 11 0
5 12 0
5 13 0
5 14 0
5 15 0
5 16 0
5 17 0
5 18 0
5 19 0
5 20 0
5 21 0
5 22 0
5 23 0
5 24 0
5 25 0
5 26 0
5 27 0
5 28 0
5 29 0
5 30 0
5 31 0
5 32 2
5 33 3
5 35 12
5 36 0
5 37 0
5 38 0
5 39 0
5 40 0
5 41 0
5 42 0
5 43 0
5 44 0
5 45 0
5 46 0
5 47 0
5 48 0
5 49 0
5 50 0
5 51 0
5 52 0
5 53 0
5 54 0
5 55 0
5 56 0
5 57 0
5 58 0
5 59 0
5 60 3
6 0 8
6 1 8
6 2 8
6 3 8
6 4 8
6 5 8
6 6 8
6 7 8
6 8 0
6 9 0
6 10 0
6 11 0
6 12 0
6 13 0
6 14 0
6 15 0
6 16 0
6 17 0
6 18 0
6 19 0
6 20 0
6 21 0
6 22 0
6 23 0
6 24 0
6 25 0
6 26 0
6 27 0
6 28 0
6 29 0
6 30 0
6 31 0
6 32 0
6 33 0
6 34 3
6 36 12
6 37 8
6 38 0
6 39 0
6 40 0
6 41 0
6 42 0
6 43 0
6 44 0
6 45 0
6 46 0
6 47 0
6 48 0
6 49 0
6 50 0
6 51 0
6 52 0
6 53 0
6 54 0
6 55 0
6 56 0
6 57 0
6 58 0
6 59 0
6 60 9
7 0 10
7 1 10
7 2 10
7 3 10
7 4 10
7 5 10
7 6 10
7 7 10
7 8 8
7 9 8
7 10 0
7 11 0
7 12 0
7 13 0
7 14 0
7 15 0
7 16 0
7 17 0
7 18 0
7 19 0
7 20 0
7 21 0
7 22 0
7 23 0
7 24 0
7 25 0
7 26 0
7 27 0
7 28 0
7 29 0
7 30 0
7 31 0
7 32 0
7 33 0
7 34 1
7 38 4
7 39 0
7 40 0
7 41 0
7 42 0
7 43 0
7 44 0
7 45 0
7 46 0
7 47 0
7 48 0
7 49 0
7 50 0
7 51 0
7 52 0
7 53 0
7 54 0
7 55 0
7 56 0
7 57 0
7 58 0
7 59 1
8 10 4
8 11 0
8 12 0
8 13 0
8 14 0
8 15 8
8 16 8
8 17 8
8 18 0
8 19 0
8 20 0
8 21 0
8 22 0
8 23 0
8 24 0
8 25 0
8 26 0
8 27 0
8 28 0
8 29 0
8 30 0
8 31 0
8 32 0
8 33 0
8 34 1
8 38 4
8 39 0
8 40 0
8 41 0
8 42 0
8 43 0
8 44 0
8 45 0
8 46 0
8 47 0
8 48 0
8 49 0
8 50 0
8 51 0
8 52 0
8 53 0
8 54 0
8 55 0
8 56 0
8 57 0
8 58 0
8 59 1
9 10 4
9 11 0
9 12 0
9 13 0
9 14 1
9 18 12
9 19 0
9 20 0
9 21 0
9 22 0
9 23 0
9 24 0
9 25 0
9 26 0
9 27 0
9 28 0
9 29 0
9 30 0
9 31 0
9 32 0
9 33 0
9 34 0
9 35 3
9 38 4
9 39 0
9 40 0
9 41 0
9 42 0
9 43 0
9 44 0
9 45 0
9 46 0
9 47 0
9 48 0
9 49 0
9 50 0
9 51 0
9 52 0
9 53 0
9 54 0
9 55 0
9 56 0
9 57 0
9 58 0
9 59 9
10 10 4
10 11 0
10 12 0
10 13 0
10 14 9
10 19 12
10 20 0
10 21 0
10 22 0
10 23 0
10 24 0
10 25 0
10 26 0
10 27 0
10 28 0
10 29 0
10 30 0
10 31 0
10 32 0
10 33 0
10 34 0
10 35 0
10 36 3
10 38 12
10 39 0
10 40 0
10 41 0
10 42 0
10 43 0
10 44 0
10 45 0
10 46 0
10 47 0
10 48 0
10 49 0
10 50 0
10 51 0
10 52 0
10 53 0
10 54 0
10 55 0
10 56 0
10 57 0
10 58 9
11 10 4
11 11 0
11 12 0
11 13 1
11 20 4
11 21 0
11 22 0
11 23 0
11 24 0
11 25 0
11 26 0
11 27 0
11 28 0
11 29 0
11 30 0
11 31 0
11 32 0
11 33 0
11 34 0
11 35 0
11 36 1
11 39 12
11 40 0
11 41 0
11 42 0
11 43 0
11 44 0
11 45 0
11 46 0
11 47 0
11 48 0
11 49 0
11 50 0
11 51 0
11 52 0
11 53 0
11 54 0
11 55 0
11 56 0
11 57 1
12 10 4
12 11 0
12 12 0
12 13 0
12 14 3
12 20 12
12 21 0
12 22 0
12 23 0
12 24 0
12 25 0
12 26 0
12 27 0
12 28 0
12 29 0
12 30 0
12 31 0
12 32 0
12 33 0
12 34 0
12 35 0
12 36 0
12 37 3
12 40 12
12 41 8
12 42 0
12 43 0
12 44 0
12 45 0
12 46 0
12 47 0
12 48 0
12 49 0
12 50 0
12 51 0
12 52 0
12 53 0
12 54 0
12 55 0
12 56 0
12 57 0
12 58 11
13 10 4
13 11 0
13 12 0
13 13 0
13 14 1
13 21 4
13 22 0
13 23 0
13 24 0
13 25 0
13 26 0
13 27 0
13 28 0
13 29 0
13 30 0
13 31 0
13 32 0
13 33 0
13 34 0
13 35 0
13 36 0
13 37 1
13 42 4
13 43 0
13 44 0
13 45 0
13 46 0
13 47 0
13 48 0
13 49 0
13 50 0
13 51 0
13 52 0
13 53 0
13 54 0
13 55 0
13 56 8
13 57 9
14 10 4
14 11 0
14 12 0
14 13 0
14 14 1
14 21 12
14 22 0
14 23 0
14 24 0
14 25 0
14 26 0
14 27 0
14 28 0
14 29 0
14 30 0
14 31 0
14 32 0
14 33 0
14 34 0
14 35 0
14 36 0
14 37 1
14 42 12
14 43 0
14 44 0
14 45 0
14 46 0
14 47 0
14 48 0
14 49 8
14 50 8
14 51 0
14 52 0
14 53 0
14 54 8
14 55 9
15 10 4
15 11 0
15 12 0
15 13 0
15 14 1
15 22 12
15 23 0
15 24 0
15 25 0
15 26 0
15 27 0
15 28 0
15 29 0
15 30 0
15 31 0
15 32 0
15 33 0
15 34 0
15 35 0
15 36 0
15 37 9
15 39 6
15 40 2
15 41 3
15 43 12
15 44 8
15 45 0
15 46 0
15 47 0
15 48 1
15 51 12
15 52 8
15 53 9
15 57 6
15 58 3
16 1 6
16 2 2
16 3 2
16 4 2
16 5 2
16 6 2
16 7 2
16 8 2
16 9 2
16 10 0
16 11 0
16 12 0
16 13 0
16 14 1
16 23 12
16 24 0
16 25 0
16 26 0
16 27 0
16 28 0
16 29 0
16 30 0
16 31 0
16 32 0
16 33 0
16 34 0
16 35 0
16 36 1
16 39 4
16 40 0
16 41 0
16 42 3
16 45 4
16 46 0
16 47 0
16 48 1
16 56 6
16 57 0
16 58 1
17 1 4
17 2 0
17 3 0
17 4 0
17 5 0
17 6 0
17 7 0
17 8 0
17 9 0
17 10 0
17 11 0
17 12 0
17 13 0
17 14 1
17 24 12
17 25 0
17 26 0
17 27 0
17 28 0
17 29 0
17 30 0
17 31 0
17 32 0
17 33 0
17 34 0
17 35 0
17 36 1
17 39 12
17 40 0
17 41 0
17 42 0
17 43 3
17 45 4
17 46 0
17 47 0
17 48 1
17 54 6
17 55 2
17 56 0
17 57 0
17 58 9
18 1 4
18 2 0
18 3 0
18 4 0
18 5 0
18 6 0
18 7 0
18 8 0
18 9 0
18 10 0
18 11 0
18 12 0
18 13 0
18 14 1
18 25 4
18 26 0
18 27 0
18 28 0
18 29 0
18 30 0
18 31 0
18 32 0
18 33 0
18 34 0
18 35 0
18 36 0
18 37 3
18 40 4
18 41 0
18 42 0
18 43 0
18 44 2
18 45 0
18 46 0
18 47 0
18 48 0
18 49 2
18 50 10
18 51 10
18 52 10
18 53 10
18 54 8
18 55 8
18 56 8
18 57 1
19 1 12
19 2 0
19 3 0
19 4 0
19 5 0
19 6 0
19 7 0
19 8 0
19 9 0
19 10 0
19 11 0
19 12 0
19 13 8
19 14 9
19 25 4
19 26 0
19 27 0
19 28 0
19 29 0
19 30 0
19 31 0
19 32 0
19 33 0
19 34 0
19 35 0
19 36 0
19 37 0
19 38 3
19 40 12
19 41 0
19 42 0
19 43 0
19 44 0
19 45 0
19 46 0
19 47 0
19 48 9
19 49 13
19 57 13
20 2 12
20 3 8
20 4 8
20 5 8
20 6 8
20 7 8
20 8 8
20 9 8
20 10 8
20 11 8
20 12 9
20 24 6
20 25 0
20 26 0
20 27 0
20 28 0
20 29 0
20 30 0
20 31 0
20 32 0
20 33 0
20 34 0
20 35 0
20 36 0
20 37 0
20 38 1
20 41 4
20 42 0
20 43 0
20 44 0
20 45 0
20 46 0
20 47 9
21 23 14
21 24 0
21 25 0
21 26 0
21 27 0
21 28 0
21 29 0
21 30 0
21 31 0
21 32 0
21 33 0
21 34 0
21 35 0
21 36 0
21 37 0
21 38 1
21 41 4
21 42 0
21 43 0
21 44 0
21 45 0
21 46 9
22 24 4
22 25 0
22 26 0
22 27 0
22 28 0
22 29 0
22 30 0
22 31 0
22 32 0
22 33 0
22 34 0
22 35 0
22 36 0
22 37 0
22 38 0
22 39 2
22 40 2
22 41 0
22 42 0
22 43 0
22 44 0
22 45 1
22 53 6
22 54 3
23 24 12
23 25 0
23 26 0
23 27 0
23 28 0
23 29 0
23 30 0
23 31 0
23 32 0
23 33 0
23 34 0
23 35 0
23 36 0
23 37 0
23 38 0
23 39 0
23 40 0
23 41 0
23 42 0
23 43 8
23 44 8
23 45 9
23 49 6
23 50 2
23 51 2
23 52 2
23 53 0
23 54 0
23 55 3
24 0 2
24 1 2
24 2 2
24 3 2
24 4 2
24 5 2
24 6 2
24 7 2
24 8 3
24 10 6
24 11 2
24 12 3
24 14 6
24 15 3
24 25 12
24 26 0
24 27 0
24 28 0
24 29 0
24 30 0
24 31 0
24 32 0
24 33 0
24 34 0
24 35 0
24 36 0
24 37 0
24 38 8
24 39 8
24 40 0
24 41 0
24 42 1
24 47 6
24 48 2
24 49 0
24 50 0
24 51 0
24 52 0
24 53 0
24 54 0
24 55 1
25 0 0
25 1 0
25 2 0
25 3 0
25 4 8
25 5 0
25 6 0
25 7 0
25 8 0
25 9 3
25 10 4
25 11 0
25 12 0
25 13 3
25 14 4
25 15 1
25 26 12
25 27 8
25 28 0
25 29 0
25 30 0
25 31 0
25 32 0
25 33 0
25 34 0
25 35 0
25 36 0
25 37 1
25 40 4
25 41 0
25 42 9
25 47 4
25 48 0
25 49 0
25 50 0
25 51 0
25 52 0
25 53 0
25 54 0
25 55 1
26 0 0
26 1 0
26 2 0
26 3 1
26 5 4
26 6 0
26 7 0
26 8 0
26 9 0
26 10 0
26 11 0
26 12 0
26 13 1
26 14 4
26 15 1
26 28 12
26 29 8
26 30 0
26 31 0
26 32 0
26 33 0
26 34 0
26 35 0
26 36 0
26 37 9
26 40 4
26 41 9
26 46 6
26 47 0
26 48 0
26 49 0
26 50 0
26 51 0
26 52 0
26 53 0
26 54 0
26 55 1
27 0 0
27 1 0
27 2 0
27 3 1
27 4 14
27 5 0
27 6 0
27 7 0
27 8 0
27 9 1
27 10 12
27 11 0
27 12 8
27 13 9
27 14 4
27 15 1
27 30 12
27 31 8
27 32 0
27 33 0
27 34 0
27 35 0
27 36 9
27 38 6
27 39 2
27 40 1
27 46 4
27 47 0
27 48 0
27 49 0
27 50 0
27 51 0
27 52 0
27 53 0
27 54 0
27 55 1
28 0 0
28 1 0
28 2 0
28 3 1
28 5 4
28 6 0
28 7 0
28 8 0
28 9 1
28 10 6
28 11 0
28 12 2
28 13 2
28 14 0
28 15 1
28 32 12
28 33 8
28 34 8
28 35 9
28 37 6
28 38 0
28 39 8
28 40 9
28 45 6
28 46 0
28 47 0
28 48 0
28 49 0
28 50 0
28 51 0
28 52 0
28 53 0
28 54 0
28 55 1
29 0 0
29 1 8
29 2 0
29 3 9
29 4 14
29 5 0
29 6 0
29 7 0
29 8 0
29 9 0
29 10 0
29 11 0
29 12 0
29 13 1
29 14 4
29 15 1
29 37 4
29 38 1
29 44 6
29 45 0
29 46 0
29 47 0
29 48 0
29 49 0
29 50 0
29 51 0
29 52 0
29 53 0
29 54 0
29 55 1
30 0 1
30 1 6
30 2 0
30 3 3
30 5 4
30 6 0
30 7 0
30 8 0
30 9 1
30 10 4
30 11 0
30 12 0
30 13 1
30 14 4
30 15 1
30 36 6
30 37 0
30 38 9
30 44 4
30 45 0
30 46 0
30 47 0
30 48 0
30 49 0
30 50 0
30 51 0
30 52 0
30 53 0
30 54 0
30 55 1
31 0 1
31 1 12
31 2 0
31 3 1
31 4 14
31 5 1
31 6 12
31 7 9
31 8 4
31 9 9
31 10 4
31 11 0
31 12 0
31 13 9
31 14 4
31 15 1
31 34 6
31 35 2
31 36 0
31 37 1
31 44 4
31 45 0
31 46 0
31 47 0
31 48 0
31 49 0
31 50 0
31 51 0
31 52 0
31 53 0
31 54 0
31 55 9
32 0 9
32 2 12
32 3 9
32 5 13
32 8 13
32 10 12
32 11 8
32 12 9
32 14 12
32 15 9
32 32 6
32 33 2
32 34 0
32 35 0
32 36 0
32 37 1
32 44 12
32 45 0
32 46 0
32 47 0
32 48 0
32 49 0
32 50 0
32 51 0
32 52 0
32 53 0
32 54 1
33 32 4
33 33 0
33 34 0
33 35 0
33 36 0
33 37 1
33 45 12
33 46 8
33 47 0
33 48 0
33 49 0
33 50 0
33 51 0
33 52 0
33 53 0
33 54 1
34 31 6
34 32 0
34 33 0
34 34 0
34 35 0
34 36 0
34 37 1
34 47 12
34 48 0
34 49 0
34 50 0
34 51 0
34 52 0
34 53 0
34 54 0
34 55 3
35 31 12
35 32 8
35 33 0
35 34 0
35 35 0
35 36 0
35 37 0
35 38 2
35 39 3
35 48 12
35 49 0
35 50 0
35 51 0
35 52 0
35 53 0
35 54 0
35 55 9
36 33 12
36 34 0
36 35 0
36 36 0
36 37 0
36 38 0
36 39 0
36 40 3
36 49 12
36 50 0
36 51 0
36 52 0
36 53 8
36 54 9
37 34 4
37 35 0
37 36 0
37 37 0
37 38 0
37 39 0
37 40 0
37 41 3
37 50 12
37 51 0
37 52 1
38 34 4
38 35 0
38 36 0
38 37 0
38 38 0
38 39 0
38 40 0
38 41 0
38 42 2
38 43 3
38 51 12
38 52 1
39 33 6
39 34 0
39 35 0
39 36 0
39 37 0
39 38 0
39 39 0
39 40 0
39 41 0
39 42 0
39 43 0
39 44 3
39 52 13
40 31 6
40 32 2
40 33 0
40 34 0
40 35 0
40 36 0
40 37 8
40 38 8
40 39 8
40 40 8
40 41 8
40 42 8
40 43 0
40 44 0
40 45 2
40 46 3
41 30 6
41 31 0
41 32 0
41 33 0
41 34 0
41 35 0
41 36 9
41 43 4
41 44 0
41 45 0
41 46 1
42 30 12
42 31 0
42 32 0
42 33 0
42 34 0
42 35 9
42 43 12
42 44 0
42 45 0
42 46 0
42 47 2
42 48 3
43 31 4
43 32 0
43 33 0
43 34 1
43 44 4
43 45 0
43 46 0
43 47 0
43 48 1
44 31 12
44 32 0
44 33 0
44 34 9
44 44 4
44 45 0
44 46 0
44 47 0
44 48 1
45 32 4
45 33 1
45 44 12
45 45 0
45 46 0
45 47 0
45 48 9
46 32 4
46 33 1
46 45 4
46 46 0
46 47 1
47 32 4
47 33 0
47 34 3
47 44 6
47 45 0
47 46 0
47 47 9
48 32 4
48 33 0
48 34 1
48 44 4
48 45 0
48 46 1
49 32 12
49 33 0
49 34 0
49 35 3
49 43 6
49 44 0
49 45 0
49 46 1
50 33 4
50 34 0
50 35 0
50 36 2
50 37 3
50 40 6
50 41 2
50 42 2
50 43 0
50 44 0
50 45 0
50 46 9
51 33 12
51 34 0
51 35 0
51 36 0
51 37 0
51 38 2
51 39 2
51 40 0
51 41 0
51 42 0
51 43 0
51 44 8
51 45 9
52 34 4
52 35 0
52 36 0
52 37 0
52 38 0
52 39 0
52 40 0
52 41 0
52 42 0
52 43 9
53 34 12
53 35 0
53 36 0
53 37 0
53 38 0
53 39 0
53 40 0
53 41 8
53 42 9
54 35 4
54 36 0
54 37 0
54 38 0
54 39 0
54 40 9
55 34 14
55 35 8
55 36 8
55 37 8
55 38 8
55 39 9
