0
0 55 8
0 56 8
1 54 9
1 55 15
1 56 6
1 58 8
1 59 8
1 62 8
2 54 2
2 55 2
2 58 2
2 59 2
2 61 1
2 62 15
2 63 4
3 62 2
5 63 1
6 63 1
14 63 1
18 63 1
19 63 1
20 57 1
20 58 4
21 45 8
21 46 8
21 47 8
21 57 1
21 58 4
22 44 9
22 45 15
22 46 6
22 47 2
22 57 1
22 58 12
23 43 1
23 44 15
23 45 6
23 57 1
23 58 15
23 59 4
24 43 1
24 44 6
24 58 2
25 43 1
25 44 4
25 45 1
25 46 4
25 62 1
25 63 4
26 43 1
26 44 4
26 45 1
26 46 12
26 58 1
26 59 12
26 62 9
26 63 4
27 45 1
27 46 15
27 47 4
27 58 1
27 59 15
27 60 12
27 61 9
27 62 15
27 63 4
28 46 2
28 59 2
28 60 2
28 61 2
28 62 2
29 47 8
30 6 8
30 9 8
30 13 8
30 14 8
30 16 8
30 18 8
30 23 8
30 46 1
30 47 15
30 48 4
31 5 1
31 6 15
31 7 4
31 9 2
31 13 2
31 14 2
31 16 2
31 18 2
31 23 2
31 44 1
31 45 4
31 47 2
32 6 2
32 11 8
32 20 8
32 44 9
32 45 4
32 47 8
33 11 10
33 12 8
33 13 8
33 14 8
33 15 8
33 20 2
33 43 1
33 44 15
33 45 4
33 46 1
33 47 15
33 48 4
34 4 1
34 5 4
34 6 1
34 7 4
34 10 1
34 11 15
34 12 6
34 13 2
34 14 3
34 15 15
34 16 12
34 17 8
34 18 8
34 21 8
34 22 8
34 23 8
34 24 8
34 25 8
34 26 8
34 43 1
34 44 6
34 46 8
34 47 2
35 9 8
35 10 9
35 11 6
35 15 2
35 16 2
35 17 3
35 18 15
35 19 4
35 21 2
35 22 2
35 23 2
35 24 2
35 25 3
35 26 15
35 27 4
35 43 1
35 44 4
35 45 1
35 46 15
35 47 4
36 4 1
36 5 4
36 8 1
36 9 15
36 10 6
36 15 1
36 16 4
36 17 1
36 18 7
36 19 4
36 26 3
36 27 4
36 43 1
36 44 4
36 45 1
36 46 6
37 4 1
37 5 4
37 8 1
37 9 6
37 15 1
37 16 4
37 17 1
37 18 5
37 19 4
37 21 8
37 26 9
37 27 4
37 28 8
37 29 9
37 30 4
37 32 8
37 33 8
37 34 8
37 35 8
37 36 8
37 37 8
37 38 8
37 39 8
37 43 1
37 44 4
37 45 1
37 46 4
38 4 1
38 5 4
38 8 1
38 9 4
38 15 1
38 16 12
38 17 9
38 18 13
38 19 4
38 20 1
38 21 15
38 22 12
38 24 8
38 25 9
38 26 15
38 27 4
38 28 2
38 29 2
38 32 2
38 33 2
38 34 2
38 35 2
38 36 2
38 37 2
38 38 2
38 39 2
38 45 1
38 46 4
39 6 1
39 7 4
39 8 1
39 9 4
39 16 2
39 17 3
39 18 15
39 19 4
39 21 2
39 22 2
39 24 2
39 25 2
39 26 2
39 41 1
39 42 4
40 4 1
40 5 4
40 8 1
40 9 4
40 18 2
41 4 1
41 5 4
41 8 1
41 9 4
42 6 1
42 7 4
42 8 1
42 9 4
42 17 1
42 18 4
43 6 1
43 7 4
43 8 1
43 9 4
43 17 1
43 18 4
43 29 8
43 30 8
43 31 8
43 32 8
43 34 8
43 36 8
43 37 8
43 39 8
43 40 8
43 41 1
43 42 4
44 4 1
44 5 4
44 6 1
44 7 4
44 8 1
44 9 12
44 17 9
44 18 4
44 29 3
44 30 6
44 31 2
44 32 2
44 34 2
44 36 2
44 37 2
44 39 2
44 40 2
45 4 1
45 5 4
45 6 1
45 7 4
45 8 1
45 9 15
45 10 4
45 16 1
45 17 15
45 18 4
46 4 1
46 5 4
46 9 3
46 10 12
46 16 9
46 17 6
47 4 1
47 5 4
47 9 1
47 10 15
47 11 12
47 12 8
47 13 8
47 14 8
47 15 9
47 16 15
47 17 4
48 5 8
48 6 1
48 7 4
48 9 8
48 10 2
48 11 10
48 12 2
48 13 10
48 14 2
48 15 10
48 16 10
48 21 8
48 27 8
49 4 1
49 5 15
49 6 4
49 9 2
49 11 2
49 13 2
49 15 2
49 16 2
49 21 2
49 27 2
50 5 2
50 8 8
50 11 8
50 12 8
50 13 8
50 14 8
50 17 8
50 18 8
50 19 8
50 22 8
50 23 8
50 26 8
51 8 2
51 11 2
51 12 2
51 13 2
51 14 2
51 17 2
51 18 2
51 19 2
51 22 2
51 23 2
51 26 2
56 27 8
56 28 8
56 29 8
56 30 8
57 26 9
57 27 15
57 28 15
57 29 15
57 30 15
57 31 12
57 32 8
57 33 8
58 24 8
58 25 9
58 26 15
58 27 15
58 28 15
58 29 15
58 30 15
58 31 15
58 32 15
58 33 15
58 34 12
58 35 8
58 63 8
59 19 8
59 20 8
59 22 8
59 23 9
59 24 15
59 25 15
59 26 15
59 27 15
59 28 15
59 29 15
59 30 15
59 31 15
59 32 15
59 33 15
59 34 15
59 35 15
59 36 12
59 56 8
59 57 8
59 58 8
59 59 8
59 60 8
59 61 8
59 62 9
59 63 15
60 18 9
60 19 15
60 20 15
60 21 13
60 22 15
60 23 15
60 24 15
60 25 15
60 26 15
60 27 15
60 28 15
60 29 15
60 30 15
60 31 15
60 32 15
60 33 15
60 34 15
60 35 15
60 36 15
60 37 12
60 43 8
60 44 8
60 45 8
60 46 8
60 47 8
60 48 8
60 53 8
60 54 8
60 55 9
60 56 15
60 57 15
60 58 15
60 59 15
60 60 15
60 61 15
60 62 15
60 63 15
61 8 8
61 9 8
61 14 8
61 15 8
61 16 8
61 17 9
61 18 15
61 19 15
61 20 15
61 21 15
61 22 15
61 23 15
61 24 15
61 25 15
61 26 15
61 27 15
61 28 15
61 29 15
61 30 15
61 31 15
61 32 15
61 33 15
61 34 15
61 35 15
61 36 15
61 37 15
61 38 12
61 39 8
61 40 8
61 41 8
61 42 9
61 43 15
61 44 15
61 45 15
61 46 15
61 47 15
61 48 15
61 49 12
61 50 8
61 51 8
61 52 9
61 53 15
61 54 15
61 55 15
61 56 15
61 57 15
61 58 15
61 59 15
61 60 15
61 61 15
61 62 15
61 63 15
62 7 9
62 8 15
62 9 15
62 10 12
62 11 8
62 12 8
62 13 9
62 14 15
62 15 15
62 16 15
62 17 15
62 18 15
62 19 15
62 20 15
62 21 15
62 22 15
62 23 15
62 24 15
62 25 15
62 26 15
62 27 15
62 28 15
62 29 15
62 30 15
62 31 15
62 32 15
62 33 15
62 34 15
62 35 15
62 36 15
62 37 15
62 38 15
62 39 15
62 40 15
62 41 15
62 42 15
62 43 15
62 44 15
62 45 15
62 46 15
62 47 15
62 48 15
62 49 15
62 50 15
62 51 15
62 52 15
62 53 15
62 54 15
62 55 15
62 56 15
62 57 15
62 58 15
62 59 15
62 60 15
62 61 15
62 62 15
62 63 15
63 6 1
63 7 15
63 8 15
63 9 15
63 10 15
63 11 15
63 12 15
63 13 15
63 14 15
63 15 15
63 16 15
63 17 15
63 18 15
63 19 15
63 20 15
63 21 15
63 22 15
63 23 15
63 24 15
63 25 15
63 26 15
63 27 15
63 28 15
63 29 15
63 30 15
63 31 15
63 32 15
63 33 15
63 34 15
63 35 15
63 36 15
63 37 15
63 38 15
63 39 15
63 40 15
63 41 15
63 42 15
63 43 15
63 44 15
63 45 15
63 46 15
63 47 15
63 48 15
63 49 15
63 50 15
63 51 15
63 52 15
63 53 15
63 54 15
63 55 15
63 56 15
63 57 15
63 58 15
63 59 15
63 60 15
63 61 15
63 62 15
63 63 15
