0
0 0 15
0 1 15
0 2 15
0 3 15
0 4 15
0 5 15
0 6 15
0 7 15
0 8 15
0 9 15
0 10 15
0 11 15
0 12 15
0 13 15
0 14 15
0 15 15
0 16 15
0 17 15
0 18 15
0 19 15
0 20 15
0 21 15
0 22 15
0 23 15
0 24 15
0 25 15
0 26 15
0 27 15
0 28 15
0 29 15
0 30 15
0 31 15
0 32 15
0 33 15
0 34 15
0 35 15
0 36 15
0 37 15
0 38 15
0 39 15
0 40 15
0 41 15
0 42 15
0 43 15
0 44 15
0 45 15
0 46 15
0 47 15
0 48 15
0 49 15
0 50 15
0 51 15
0 52 15
0 53 15
0 54 15
0 55 15
0 56 15
0 57 15
0 58 15
0 59 15
0 60 15
0 61 15
0 62 15
0 63 15
1 0 15
1 1 15
1 2 15
1 3 15
1 4 15
1 5 15
1 6 15
1 7 15
1 8 15
1 9 15
1 10 15
1 11 15
1 12 15
1 13 15
1 14 15
1 15 15
1 16 15
1 17 15
1 18 15
1 19 15
1 20 15
1 21 15
1 22 15
1 23 15
1 24 15
1 25 15
1 26 15
1 27 15
1 28 15
1 29 15
1 30 15
1 31 15
1 32 15
1 33 15
1 34 15
1 35 15
1 36 15
1 37 15
1 38 15
1 39 15
1 40 15
1 41 15
1 42 15
1 43 15
1 44 15
1 45 15
1 46 15
1 47 15
1 48 15
1 49 15
1 50 15
1 51 15
1 52 15
1 53 15
1 54 15
1 55 15
1 56 15
1 57 15
1 58 15
1 59 15
1 60 15
1 61 15
1 62 15
1 63 15
2 0 15
2 1 15
2 2 15
2 3 15
2 4 15
2 5 15
2 6 15
2 7 15
2 8 15
2 9 15
2 10 15
2 11 15
2 12 15
2 13 15
2 14 15
2 15 15
2 16 15
2 17 15
2 18 15
2 19 15
2 20 15
2 21 15
2 22 15
2 23 15
2 24 15
2 25 15
2 26 15
2 27 15
2 28 15
2 29 15
2 30 15
2 31 15
2 32 15
2 33 15
2 34 15
2 35 15
2 36 15
2 37 15
2 38 15
2 39 15
2 40 15
2 41 15
2 42 15
2 43 15
2 44 15
2 45 15
2 46 15
2 47 15
2 48 15
2 49 15
2 50 15
2 51 15
2 52 15
2 53 15
2 54 15
2 55 15
2 56 15
2 57 6
2 58 2
2 59 2
2 60 2
2 61 2
2 62 2
2 63 2
3 0 15
3 1 15
3 2 15
3 3 15
3 4 15
3 5 15
3 6 15
3 7 15
3 8 15
3 9 15
3 10 15
3 11 15
3 12 15
3 13 15
3 14 15
3 15 15
3 16 15
3 17 15
3 18 15
3 19 15
3 20 15
3 21 15
3 22 15
3 23 15
3 24 15
3 25 15
3 26 15
3 27 15
3 28 15
3 29 15
3 30 15
3 31 15
3 32 15
3 33 15
3 34 6
3 35 2
3 36 2
3 37 2
3 38 2
3 39 2
3 40 2
3 41 2
3 42 2
3 43 2
3 44 2
3 45 2
3 46 3
3 47 15
3 48 15
3 49 15
3 50 15
3 51 6
3 52 2
3 53 2
3 54 2
3 55 2
3 56 2
4 0 15
4 1 15
4 2 15
4 3 15
4 4 15
4 5 15
4 6 15
4 7 15
4 8 15
4 9 15
4 10 15
4 11 15
4 12 15
4 13 15
4 14 15
4 15 15
4 16 15
4 17 15
4 18 15
4 19 15
4 20 15
4 21 15
4 22 15
4 23 15
4 24 15
4 25 15
4 26 15
4 27 15
4 28 15
4 29 15
4 30 6
4 31 2
4 32 2
4 33 2
4 47 2
4 48 2
4 49 2
4 50 2
5 0 15
5 1 15
5 2 15
5 3 15
5 4 15
5 5 15
5 6 15
5 7 15
5 8 15
5 9 15
5 10 15
5 11 15
5 12 15
5 13 15
5 14 15
5 15 15
5 16 15
5 17 15
5 18 15
5 19 15
5 20 15
5 21 15
5 22 15
5 23 15
5 24 15
5 25 15
5 26 15
5 27 15
5 28 6
5 29 2
6 0 15
6 1 15
6 2 15
6 3 15
6 4 15
6 5 15
6 6 15
6 7 15
6 8 15
6 9 15
6 10 15
6 11 15
6 12 15
6 13 15
6 14 15
6 15 15
6 16 15
6 17 15
6 18 15
6 19 15
6 20 15
6 21 15
6 22 15
6 23 15
6 24 15
6 25 15
6 26 6
6 27 2
7 0 15
7 1 15
7 2 15
7 3 15
7 4 15
7 5 15
7 6 15
7 7 15
7 8 15
7 9 15
7 10 15
7 11 15
7 12 15
7 13 15
7 14 15
7 15 15
7 16 15
7 17 15
7 18 15
7 19 15
7 20 15
7 21 15
7 22 15
7 23 15
7 24 6
7 25 2
8 0 15
8 1 15
8 2 15
8 3 15
8 4 15
8 5 15
8 6 15
8 7 15
8 8 15
8 9 15
8 10 15
8 11 15
8 12 15
8 13 15
8 14 15
8 15 15
8 16 15
8 17 15
8 18 15
8 19 15
8 20 15
8 21 15
8 22 15
8 23 6
9 0 15
9 1 15
9 2 15
9 3 15
9 4 15
9 5 15
9 6 15
9 7 15
9 8 15
9 9 15
9 10 15
9 11 15
9 12 15
9 13 15
9 14 15
9 15 15
9 16 15
9 17 15
9 18 15
9 19 15
9 20 15
9 21 6
9 22 2
10 0 15
10 1 15
10 2 15
10 3 15
10 4 15
10 5 15
10 6 15
10 7 15
10 8 15
10 9 15
10 10 15
10 11 15
10 12 15
10 13 15
10 14 15
10 15 15
10 16 15
10 17 15
10 18 15
10 19 6
10 20 2
11 0 15
11 1 15
11 2 15
11 3 15
11 4 15
11 5 15
11 6 15
11 7 15
11 8 15
11 9 15
11 10 15
11 11 15
11 12 15
11 13 15
11 14 15
11 15 15
11 16 15
11 17 6
11 18 2
12 0 15
12 1 15
12 2 15
12 3 15
12 4 15
12 5 15
12 6 15
12 7 15
12 8 15
12 9 15
12 10 15
12 11 15
12 12 15
12 13 15
12 14 15
12 15 15
12 16 6
12 63 1
13 0 15
13 1 15
13 2 15
13 3 15
13 4 15
13 5 15
13 6 15
13 7 15
13 8 15
13 9 15
13 10 15
13 11 15
13 12 15
13 13 15
13 14 15
13 15 6
14 0 15
14 1 15
14 2 15
14 3 15
14 4 15
14 5 15
14 6 15
14 7 15
14 8 15
14 9 15
14 10 15
14 11 15
14 12 15
14 13 15
14 14 6
15 0 15
15 1 15
15 2 15
15 3 15
15 4 15
15 5 15
15 6 15
15 7 15
15 8 15
15 9 15
15 10 15
15 11 15
15 12 15
15 13 15
15 14 4
16 0 15
16 1 15
16 2 15
16 3 15
16 4 15
16 5 15
16 6 15
16 7 15
16 8 15
16 9 15
16 10 15
16 11 15
16 12 15
16 13 15
16 14 4
17 0 15
17 1 15
17 2 15
17 3 15
17 4 15
17 5 15
17 6 15
17 7 15
17 8 15
17 9 15
17 10 15
17 11 15
17 12 15
17 13 6
18 0 15
18 1 15
18 2 15
18 3 15
18 4 15
18 5 15
18 6 15
18 7 15
18 8 15
18 9 15
18 10 15
18 11 15
18 12 6
19 0 15
19 1 15
19 2 15
19 3 15
19 4 15
19 5 15
19 6 15
19 7 15
19 8 15
19 9 15
19 10 15
19 11 6
20 0 15
20 1 15
20 2 15
20 3 15
20 4 15
20 5 15
20 6 15
20 7 15
20 8 15
20 9 15
20 10 15
20 11 4
21 0 15
21 1 15
21 2 15
21 3 15
21 4 15
21 5 15
21 6 15
21 7 15
21 8 15
21 9 15
21 10 15
21 11 4
22 0 15
22 1 15
22 2 15
22 3 15
22 4 15
22 5 15
22 6 15
22 7 15
22 8 15
22 9 15
22 10 6
23 0 15
23 1 15
23 2 15
23 3 15
23 4 15
23 5 15
23 6 15
23 7 15
23 8 15
23 9 15
23 10 4
24 0 15
24 1 15
24 2 15
24 3 15
24 4 15
24 5 15
24 6 15
24 7 15
24 8 15
24 9 15
24 10 4
25 0 15
25 1 15
25 2 15
25 3 15
25 4 15
25 5 15
25 6 15
25 7 15
25 8 15
25 9 15
25 10 4
26 0 15
26 1 15
26 2 15
26 3 15
26 4 15
26 5 15
26 6 15
26 7 15
26 8 15
26 9 15
26 10 4
26 12 8
27 0 15
27 1 15
27 2 15
27 3 15
27 4 15
27 5 15
27 6 15
27 7 15
27 8 15
27 9 15
27 10 4
27 11 1
27 12 15
27 13 4
28 0 15
28 1 15
28 2 15
28 3 15
28 4 15
28 5 15
28 6 15
28 7 15
28 8 15
28 9 6
28 12 2
29 0 15
29 1 15
29 2 15
29 3 15
29 4 15
29 5 15
29 6 15
29 7 15
29 8 15
29 9 4
30 0 15
30 1 15
30 2 15
30 3 15
30 4 15
30 5 15
30 6 15
30 7 15
30 8 15
30 9 4
31 0 15
31 1 15
31 2 15
31 3 15
31 4 15
31 5 15
31 6 15
31 7 15
31 8 15
31 9 4
32 0 15
32 1 15
32 2 15
32 3 15
32 4 15
32 5 15
32 6 15
32 7 15
32 8 15
32 9 4
33 0 15
33 1 15
33 2 15
33 3 15
33 4 15
33 5 15
33 6 15
33 7 15
33 8 6
34 0 15
34 1 15
34 2 15
34 3 15
34 4 15
34 5 15
34 6 15
34 7 15
34 8 4
35 0 15
35 1 15
35 2 15
35 3 15
35 4 15
35 5 15
35 6 15
35 7 15
35 8 4
36 0 15
36 1 15
36 2 15
36 3 15
36 4 15
36 5 15
36 6 15
36 7 6
37 0 15
37 1 15
37 2 15
37 3 15
37 4 15
37 5 15
37 6 15
37 7 4
38 0 15
38 1 15
38 2 15
38 3 15
38 4 15
38 5 15
38 6 15
38 7 4
39 0 15
39 1 15
39 2 15
39 3 15
39 4 15
39 5 15
39 6 15
39 7 12
40 0 15
40 1 15
40 2 15
40 3 15
40 4 15
40 5 15
40 6 15
40 7 15
40 8 12
41 0 15
41 1 15
41 2 15
41 3 15
41 4 15
41 5 15
41 6 15
41 7 15
41 8 15
41 9 4
42 0 15
42 1 15
42 2 15
42 3 15
42 4 15
42 5 15
42 6 15
42 7 15
42 8 6
43 0 15
43 1 15
43 2 15
43 3 15
43 4 15
43 5 6
43 6 2
43 7 2
43 21 8
43 22 8
43 23 8
43 24 8
43 25 8
43 26 8
44 0 15
44 1 15
44 2 15
44 3 15
44 4 15
44 5 4
44 20 1
44 21 15
44 22 6
44 23 2
44 24 2
44 25 3
44 26 15
44 27 4
45 0 15
45 1 15
45 2 15
45 3 15
45 4 15
45 5 4
45 20 1
45 21 6
45 26 3
45 27 4
46 0 15
46 1 15
46 2 15
46 3 15
46 4 15
46 5 4
46 20 1
46 21 4
46 26 9
46 27 4
47 0 15
47 1 15
47 2 15
47 3 15
47 4 15
47 5 4
47 19 8
47 20 9
47 21 4
47 24 8
47 25 9
47 26 15
47 27 4
48 0 15
48 1 15
48 2 15
48 3 15
48 4 15
48 5 4
48 18 1
48 19 15
48 20 6
48 24 2
48 25 2
48 26 2
48 36 8
48 37 8
48 38 8
48 39 8
48 40 8
48 41 8
49 0 15
49 1 15
49 2 15
49 3 15
49 4 15
49 5 4
49 18 1
49 19 6
49 24 8
49 25 8
49 26 8
49 35 1
49 36 15
49 37 6
49 38 2
49 39 2
49 40 2
49 41 2
49 43 8
50 0 15
50 1 15
50 2 15
50 3 15
50 4 15
50 5 4
50 18 1
50 19 12
50 24 2
50 25 3
50 26 15
50 27 4
50 36 2
50 42 1
50 43 15
50 44 4
51 0 15
51 1 15
51 2 15
51 3 15
51 4 6
51 17 8
51 18 9
51 19 15
51 20 12
51 21 8
51 22 8
51 23 8
51 24 8
51 25 9
51 26 15
51 27 4
51 34 8
51 43 2
52 0 15
52 1 15
52 2 15
52 3 15
52 4 4
52 16 1
52 17 15
52 18 6
52 19 2
52 20 2
52 21 2
52 22 3
52 23 15
52 24 15
52 25 15
52 26 6
52 33 1
52 34 15
52 35 4
52 44 1
52 45 4
53 0 15
53 1 15
53 2 15
53 3 15
53 4 4
53 16 1
53 17 6
53 23 3
53 24 6
53 25 2
53 34 2
53 44 1
53 45 4
54 0 15
54 1 15
54 2 15
54 3 15
54 4 4
54 16 1
54 17 4
54 44 1
54 45 4
55 0 15
55 1 15
55 2 15
55 3 15
55 4 4
55 16 1
55 17 4
55 44 9
55 45 12
55 47 8
55 49 9
55 50 12
55 51 8
56 0 15
56 1 15
56 2 15
56 3 6
56 16 1
56 17 4
56 34 1
56 35 12
56 43 9
56 44 15
56 45 6
56 47 2
56 49 2
56 50 3
56 51 15
56 52 12
57 0 15
57 1 15
57 2 15
57 3 4
57 13 8
57 14 8
57 15 8
57 16 9
57 17 4
57 23 1
57 24 4
57 34 1
57 35 15
57 36 4
57 42 9
57 43 15
57 44 6
57 51 3
57 52 15
57 53 12
58 0 15
58 1 15
58 2 15
58 3 4
58 12 1
58 13 15
58 14 14
58 15 10
58 16 10
58 17 8
58 18 8
58 19 8
58 20 8
58 23 9
58 24 4
58 35 3
58 36 4
58 41 1
58 42 15
58 43 6
58 45 8
58 46 8
58 47 8
58 48 8
58 49 8
58 52 3
58 53 15
58 54 4
59 0 15
59 1 15
59 2 15
59 3 4
59 12 1
59 13 6
59 14 2
59 15 2
59 16 2
59 17 2
59 18 2
59 19 3
59 20 15
59 21 12
59 22 9
59 23 15
59 24 4
59 37 8
59 38 8
59 39 8
59 40 8
59 42 3
59 43 4
59 44 1
59 45 15
59 46 6
59 47 2
59 48 3
59 49 15
59 50 4
59 53 3
59 54 4
60 0 15
60 1 15
60 2 15
60 3 4
60 12 1
60 13 4
60 20 3
60 21 15
60 22 15
60 23 6
60 37 2
60 38 2
60 39 2
60 40 2
60 42 1
60 43 4
60 44 1
60 45 6
60 49 3
60 50 4
60 53 8
61 0 15
61 1 15
61 2 15
61 3 4
61 21 3
61 22 6
61 42 1
61 43 4
61 44 1
61 45 4
61 49 1
61 50 4
61 52 9
61 53 15
61 54 4
62 0 15
62 1 15
62 2 15
62 3 12
62 12 1
62 13 4
62 21 1
62 22 4
62 42 1
62 43 4
62 44 1
62 45 12
62 51 9
62 52 15
62 53 6
63 0 15
63 1 15
63 2 15
63 3 15
63 4 4
63 12 1
63 13 4
63 21 1
63 22 4
63 42 1
63 43 4
63 44 1
63 45 15
63 46 12
63 47 8
63 48 8
63 49 8
63 50 9
63 51 15
63 52 6
