0
0 0 15
0 1 15
0 2 15
0 3 15
0 4 15
0 5 15
0 6 15
0 7 15
0 8 15
0 9 15
0 10 15
0 11 15
0 12 15
0 13 15
0 14 15
0 15 15
0 16 15
0 17 15
0 18 15
0 19 15
0 20 15
0 21 15
0 22 15
0 23 15
0 24 15
0 25 15
0 26 15
0 27 15
0 28 15
0 29 15
0 30 15
0 31 15
0 32 15
0 33 15
0 34 15
0 35 15
0 36 15
0 37 15
0 38 15
0 39 15
0 40 15
0 41 15
0 42 15
0 43 15
0 44 15
0 45 15
0 46 15
0 47 15
0 48 15
0 49 15
0 50 15
0 51 15
0 52 15
0 53 15
0 54 15
0 55 15
0 56 15
0 57 15
0 58 15
0 59 15
0 60 15
0 61 15
0 62 15
0 63 15
1 0 15
1 1 15
1 2 15
1 3 15
1 4 15
1 5 15
1 6 15
1 7 15
1 8 15
1 9 15
1 10 15
1 11 15
1 12 15
1 13 15
1 14 15
1 15 15
1 16 15
1 17 15
1 18 15
1 19 15
1 20 15
1 21 15
1 22 15
1 23 15
1 24 15
1 25 15
1 26 15
1 27 15
1 28 15
1 29 15
1 30 15
1 31 15
1 32 15
1 33 15
1 34 15
1 35 15
1 36 15
1 37 15
1 38 15
1 39 15
1 40 15
1 41 15
1 42 15
1 43 15
1 44 15
1 45 15
1 46 15
1 47 15
1 48 15
1 49 15
1 50 15
1 51 15
1 52 15
1 53 15
1 54 15
1 55 15
1 56 15
1 57 15
1 58 15
1 59 15
1 60 15
1 61 15
1 62 15
1 63 15
2 0 15
2 1 15
2 2 15
2 3 15
2 4 15
2 5 15
2 6 15
2 7 15
2 8 15
2 9 15
2 10 15
2 11 15
2 12 15
2 13 15
2 14 15
2 15 15
2 16 15
2 17 15
2 18 15
2 19 15
2 20 15
2 21 15
2 22 15
2 23 15
2 24 15
2 25 15
2 26 15
2 27 15
2 28 15
2 29 15
2 30 15
2 31 15
2 32 15
2 33 15
2 34 6
2 35 2
2 36 3
2 37 15
2 38 15
2 39 15
2 40 15
2 41 6
2 42 2
2 43 3
2 44 15
2 45 15
2 46 15
2 47 15
2 48 15
2 49 15
2 50 15
2 51 6
2 52 2
2 53 3
2 54 15
2 55 15
2 56 15
2 57 15
2 58 15
2 59 15
2 60 15
2 61 15
2 62 15
2 63 15
3 0 15
3 1 15
3 2 15
3 3 15
3 4 15
3 5 15
3 6 15
3 7 15
3 8 15
3 9 15
3 10 15
3 11 15
3 12 15
3 13 15
3 14 15
3 15 15
3 16 15
3 17 15
3 18 15
3 19 15
3 20 15
3 21 14
3 22 11
3 23 15
3 24 15
3 25 15
3 26 15
3 27 15
3 28 15
3 29 15
3 30 15
3 31 15
3 32 15
3 33 15
3 34 4
3 37 3
3 38 15
3 39 15
3 40 15
3 41 4
3 43 1
3 44 15
3 45 15
3 46 15
3 47 15
3 48 15
3 49 15
3 50 15
3 51 4
3 54 3
3 55 15
3 56 15
3 57 15
3 58 15
3 59 15
3 60 15
3 61 15
3 62 15
3 63 15
4 0 15
4 1 15
4 2 15
4 3 15
4 4 15
4 5 15
4 6 15
4 7 15
4 8 15
4 9 15
4 10 15
4 11 15
4 12 15
4 13 15
4 14 15
4 15 15
4 16 15
4 17 15
4 18 15
4 19 15
4 20 15
4 21 15
4 22 15
4 23 15
4 24 15
4 25 15
4 26 15
4 27 15
4 28 15
4 29 15
4 30 15
4 31 15
4 32 15
4 33 15
4 34 4
4 38 3
4 39 15
4 40 6
4 43 9
4 44 15
4 45 15
4 46 15
4 47 15
4 48 15
4 49 15
4 50 15
4 51 4
4 55 3
4 56 15
4 57 15
4 58 15
4 59 15
4 60 15
4 61 15
4 62 15
4 63 15
5 0 15
5 1 15
5 2 15
5 3 15
5 4 15
5 5 15
5 6 15
5 7 15
5 8 15
5 9 15
5 10 15
5 11 15
5 12 15
5 13 15
5 14 15
5 15 15
5 16 15
5 17 15
5 18 15
5 19 15
5 20 15
5 21 15
5 22 15
5 23 15
5 24 15
5 25 15
5 26 15
5 27 15
5 28 15
5 29 15
5 30 15
5 31 15
5 32 15
5 33 15
5 34 4
5 39 2
5 42 1
5 43 15
5 44 15
5 45 15
5 46 15
5 47 15
5 48 15
5 49 15
5 50 6
5 56 3
5 57 15
5 58 15
5 59 15
5 60 15
5 61 15
5 62 15
5 63 15
6 0 15
6 1 15
6 2 15
6 3 15
6 4 15
6 5 15
6 6 15
6 7 15
6 8 15
6 9 15
6 10 15
6 11 15
6 12 15
6 13 15
6 14 15
6 15 15
6 16 15
6 17 15
6 18 15
6 19 15
6 20 15
6 21 15
6 22 15
6 23 15
6 24 15
6 25 15
6 26 15
6 27 15
6 28 15
6 29 15
6 30 15
6 31 15
6 32 15
6 33 15
6 34 4
6 42 1
6 43 15
6 44 15
6 45 15
6 46 15
6 47 15
6 48 15
6 49 6
6 57 3
6 58 15
6 59 15
6 60 15
6 61 15
6 62 15
6 63 15
7 0 15
7 1 15
7 2 15
7 3 15
7 4 15
7 5 15
7 6 15
7 7 15
7 8 15
7 9 15
7 10 15
7 11 15
7 12 15
7 13 15
7 14 15
7 15 15
7 16 15
7 17 15
7 18 15
7 19 7
7 20 15
7 21 15
7 22 15
7 23 15
7 24 15
7 25 15
7 26 15
7 27 15
7 28 15
7 29 15
7 30 15
7 31 15
7 32 15
7 33 15
7 34 4
7 42 1
7 43 15
7 44 15
7 45 15
7 46 15
7 47 15
7 48 6
7 58 3
7 59 15
7 60 15
7 61 15
7 62 15
7 63 15
8 0 15
8 1 15
8 2 15
8 3 15
8 4 15
8 5 15
8 6 15
8 7 15
8 8 15
8 9 15
8 10 15
8 11 15
8 12 15
8 13 15
8 14 15
8 15 15
8 16 15
8 17 15
8 18 15
8 19 13
8 20 15
8 21 15
8 22 15
8 23 15
8 24 15
8 25 15
8 26 15
8 27 15
8 28 15
8 29 15
8 30 15
8 31 15
8 32 15
8 33 15
8 34 4
8 43 2
8 44 2
8 45 2
8 46 2
8 47 2
8 59 2
8 60 3
8 61 15
8 62 15
8 63 15
9 0 15
9 1 15
9 2 15
9 3 15
9 4 15
9 5 15
9 6 15
9 7 15
9 8 15
9 9 15
9 10 15
9 11 15
9 12 15
9 13 15
9 14 15
9 15 15
9 16 15
9 17 15
9 18 15
9 19 15
9 20 15
9 21 15
9 22 15
9 23 15
9 24 15
9 25 15
9 26 15
9 27 15
9 28 15
9 29 6
9 30 3
9 31 15
9 32 15
9 33 6
9 60 1
9 61 15
9 62 15
9 63 15
10 0 15
10 1 15
10 2 15
10 3 15
10 4 15
10 5 15
10 6 15
10 7 15
10 8 15
10 9 15
10 10 15
10 11 15
10 12 15
10 13 15
10 14 15
10 15 15
10 16 15
10 17 15
10 18 15
10 19 15
10 20 15
10 21 15
10 22 15
10 23 15
10 24 15
10 25 15
10 26 15
10 27 15
10 28 15
10 29 12
10 31 2
10 32 2
10 60 9
10 61 15
10 62 15
10 63 15
11 0 15
11 1 15
11 2 15
11 3 15
11 4 15
11 5 15
11 6 15
11 7 15
11 8 15
11 9 15
11 10 15
11 11 15
11 12 15
11 13 15
11 14 15
11 15 15
11 16 15
11 17 15
11 18 15
11 19 15
11 20 15
11 21 15
11 22 15
11 23 15
11 24 15
11 25 15
11 26 15
11 27 15
11 28 15
11 29 15
11 30 4
11 59 1
11 60 15
11 61 15
11 62 15
11 63 15
12 0 15
12 1 15
12 2 15
12 3 15
12 4 15
12 5 15
12 6 15
12 7 15
12 8 15
12 9 15
12 10 15
12 11 15
12 12 15
12 13 15
12 14 15
12 15 15
12 16 15
12 17 15
12 18 15
12 19 15
12 20 15
12 21 15
12 22 15
12 23 15
12 24 15
12 25 15
12 26 15
12 27 15
12 28 15
12 29 15
12 30 4
12 59 1
12 60 15
12 61 15
12 62 15
12 63 15
13 0 15
13 1 15
13 2 15
13 3 15
13 4 15
13 5 15
13 6 15
13 7 15
13 8 15
13 9 15
13 10 15
13 11 15
13 12 15
13 13 15
13 14 15
13 15 15
13 16 15
13 17 15
13 18 15
13 19 15
13 20 15
13 21 15
13 22 15
13 23 15
13 24 15
13 25 15
13 26 15
13 27 15
13 28 15
13 29 15
13 30 4
13 59 1
13 60 15
13 61 15
13 62 15
13 63 15
14 0 15
14 1 15
14 2 15
14 3 15
14 4 15
14 5 15
14 6 15
14 7 15
14 8 6
14 9 2
14 10 2
14 11 2
14 12 2
14 13 3
14 14 15
14 15 15
14 16 15
14 17 15
14 18 15
14 19 15
14 20 15
14 21 15
14 22 15
14 23 15
14 24 15
14 25 15
14 26 15
14 27 15
14 28 15
14 29 15
14 30 12
14 31 8
14 60 3
14 61 15
14 62 15
14 63 15
15 0 15
15 1 15
15 2 15
15 3 15
15 4 15
15 5 15
15 6 15
15 7 6
15 14 2
15 15 2
15 16 2
15 17 2
15 18 2
15 19 2
15 20 3
15 21 15
15 22 15
15 23 15
15 24 15
15 25 15
15 26 15
15 27 15
15 28 15
15 29 15
15 30 15
15 31 15
15 32 12
15 33 8
15 34 8
15 61 3
15 62 15
15 63 15
16 0 15
16 1 15
16 2 15
16 3 15
16 4 15
16 5 15
16 6 15
16 7 4
16 21 2
16 22 2
16 23 3
16 24 15
16 25 15
16 26 15
16 27 15
16 28 15
16 29 15
16 30 15
16 31 15
16 32 15
16 33 15
16 34 15
16 35 12
16 36 8
16 37 8
16 38 8
16 62 2
16 63 2
17 0 15
17 1 15
17 2 15
17 3 15
17 4 15
17 5 15
17 6 6
17 24 2
17 25 2
17 26 3
17 27 15
17 28 15
17 29 15
17 30 15
17 31 15
17 32 15
17 33 15
17 34 15
17 35 15
17 36 15
17 37 15
17 38 15
17 39 12
18 0 15
18 1 15
18 2 15
18 3 15
18 4 15
18 5 15
18 6 4
18 27 3
18 28 15
18 29 15
18 30 15
18 31 15
18 32 15
18 33 15
18 34 15
18 35 15
18 36 15
18 37 15
18 38 15
18 39 15
18 40 12
18 41 8
19 0 15
19 1 15
19 2 15
19 3 15
19 4 6
19 5 2
19 27 9
19 28 15
19 29 15
19 30 15
19 31 15
19 32 15
19 33 15
19 34 15
19 35 15
19 36 15
19 37 15
19 38 15
19 39 15
19 40 15
19 41 15
19 42 12
19 43 8
20 0 15
20 1 15
20 2 15
20 3 14
20 26 1
20 27 15
20 28 15
20 29 15
20 30 15
20 31 15
20 32 14
20 33 2
20 34 11
20 35 15
20 36 15
20 37 15
20 38 15
20 39 15
20 40 15
20 41 15
20 42 15
20 43 15
20 44 12
21 0 15
21 1 15
21 2 15
21 3 15
21 4 4
21 26 1
21 27 15
21 28 15
21 29 15
21 30 15
21 31 15
21 32 15
21 33 13
21 34 15
21 35 15
21 36 15
21 37 15
21 38 15
21 39 15
21 40 15
21 41 15
21 42 15
21 43 15
21 44 15
21 45 12
21 46 8
22 0 15
22 1 15
22 2 15
22 3 15
22 4 4
22 26 1
22 27 15
22 28 15
22 29 15
22 30 15
22 31 15
22 32 15
22 33 15
22 34 15
22 35 15
22 36 15
22 37 15
22 38 15
22 39 15
22 40 15
22 41 15
22 42 15
22 43 15
22 44 15
22 45 15
22 46 15
22 47 12
23 0 15
23 1 15
23 2 15
23 3 14
23 4 8
23 26 1
23 27 15
23 28 15
23 29 15
23 30 7
23 31 15
23 32 15
23 33 15
23 34 15
23 35 15
23 36 15
23 37 15
23 38 15
23 39 15
23 40 14
23 41 3
23 42 15
23 43 15
23 44 15
23 45 15
23 46 15
23 47 15
23 48 4
24 0 15
24 1 15
24 2 15
24 3 15
24 4 15
24 5 4
24 27 2
24 28 2
24 29 2
24 31 3
24 32 15
24 33 15
24 34 15
24 35 6
24 36 3
24 37 15
24 38 15
24 39 15
24 40 15
24 41 4
24 42 3
24 43 15
24 44 15
24 45 15
24 46 15
24 47 15
24 48 12
25 0 15
25 1 15
25 2 15
25 3 15
25 4 15
25 5 4
25 32 2
25 33 2
25 34 2
25 37 3
25 38 15
25 39 15
25 40 15
25 41 4
25 43 2
25 44 3
25 45 15
25 46 15
25 47 15
25 48 15
25 49 12
26 0 15
26 1 15
26 2 15
26 3 15
26 4 15
26 5 4
26 37 1
26 38 15
26 39 15
26 40 15
26 41 4
26 45 3
26 46 15
26 47 15
26 48 15
26 49 15
26 50 12
27 0 15
27 1 15
27 2 15
27 3 15
27 4 6
27 38 3
27 39 15
27 40 15
27 41 4
27 45 1
27 46 15
27 47 15
27 48 15
27 49 15
27 50 15
27 51 12
28 0 15
28 1 15
28 2 15
28 3 14
28 38 9
28 39 15
28 40 15
28 41 4
28 46 3
28 47 15
28 48 15
28 49 15
28 50 15
28 51 15
28 52 12
29 0 15
29 1 15
29 2 15
29 3 15
29 4 4
29 37 1
29 38 15
29 39 15
29 40 15
29 41 4
29 47 3
29 48 15
29 49 15
29 50 15
29 51 15
29 52 15
29 53 4
30 0 15
30 1 15
30 2 15
30 3 15
30 4 4
30 37 1
30 38 15
30 39 15
30 40 15
30 41 4
30 47 1
30 48 15
30 49 15
30 50 15
30 51 15
30 52 15
30 53 12
31 0 15
31 1 15
31 2 15
31 3 15
31 4 4
31 37 1
31 38 15
31 39 15
31 40 15
31 41 4
31 48 3
31 49 15
31 50 15
31 51 15
31 52 15
31 53 15
31 54 12
32 0 15
32 1 15
32 2 15
32 3 15
32 4 4
32 37 1
32 38 15
32 39 15
32 40 15
32 41 4
32 49 3
32 50 15
32 51 15
32 52 15
32 53 15
32 54 15
32 55 12
33 0 15
33 1 15
33 2 6
33 3 2
33 37 1
33 38 15
33 39 15
33 40 15
33 41 4
33 50 3
33 51 15
33 52 15
33 53 15
33 54 15
33 55 15
33 56 12
33 57 8
33 58 8
33 59 8
33 60 8
33 62 8
34 0 15
34 1 6
34 38 11
34 39 15
34 40 15
34 41 4
34 51 3
34 52 15
34 53 15
34 54 15
34 55 15
34 56 15
34 57 15
34 58 15
34 59 15
34 60 14
34 61 9
34 62 15
34 63 4
35 0 15
35 1 12
35 37 9
35 38 15
35 39 15
35 40 15
35 41 4
35 52 3
35 53 15
35 54 15
35 55 15
35 56 15
35 57 15
35 58 15
35 59 15
35 60 15
35 61 15
35 62 15
35 63 12
36 0 15
36 1 15
36 2 4
36 3 8
36 36 9
36 37 15
36 38 15
36 39 15
36 40 6
36 53 3
36 54 15
36 55 15
36 56 15
36 57 15
36 58 15
36 59 15
36 60 15
36 61 15
36 62 15
36 63 15
37 0 15
37 1 15
37 2 13
37 3 15
37 4 12
37 35 1
37 36 15
37 37 15
37 38 15
37 39 6
37 54 3
37 55 15
37 56 15
37 57 15
37 58 15
37 59 15
37 60 15
37 61 15
37 62 15
37 63 15
38 0 15
38 1 15
38 2 15
38 3 15
38 4 15
38 5 4
38 35 1
38 36 15
38 37 15
38 38 6
38 55 3
38 56 15
38 57 15
38 58 15
38 59 15
38 60 15
38 61 15
38 62 15
38 63 15
39 0 15
39 1 15
39 2 15
39 3 15
39 4 15
39 5 4
39 35 1
39 36 15
39 37 15
39 38 4
39 56 2
39 57 2
39 58 11
39 59 15
39 60 7
39 61 15
39 62 15
39 63 6
40 0 15
40 1 15
40 2 15
40 3 15
40 4 15
40 5 4
40 35 9
40 36 15
40 37 15
40 38 4
40 57 1
40 58 15
40 59 15
40 60 4
40 61 2
40 62 2
41 0 15
41 1 15
41 2 15
41 3 15
41 4 14
41 34 1
41 35 15
41 36 15
41 37 15
41 38 4
41 46 8
41 49 8
41 57 1
41 58 15
41 59 15
41 60 4
42 0 15
42 1 15
42 2 15
42 3 15
42 4 15
42 5 4
42 34 1
42 35 15
42 36 15
42 37 15
42 38 4
42 45 1
42 46 15
42 47 4
42 48 1
42 49 15
42 50 4
42 58 2
42 59 2
43 0 15
43 1 15
43 2 15
43 3 15
43 4 15
43 5 12
43 34 1
43 35 15
43 36 15
43 37 6
43 45 1
43 46 15
43 47 4
43 48 1
43 49 15
43 50 4
43 58 8
43 59 8
44 0 15
44 1 15
44 2 15
44 3 15
44 4 15
44 5 15
44 6 12
44 34 1
44 35 15
44 36 15
44 37 4
44 46 2
44 49 2
44 57 1
44 58 15
44 59 15
44 60 4
45 0 15
45 1 15
45 2 15
45 3 15
45 4 15
45 5 15
45 6 15
45 7 4
45 34 1
45 35 15
45 36 15
45 37 12
45 42 8
45 43 8
45 58 2
45 59 2
46 0 15
46 1 15
46 2 15
46 3 15
46 4 15
46 5 15
46 6 15
46 7 12
46 11 8
46 12 8
46 13 8
46 18 8
46 19 8
46 20 8
46 21 8
46 22 8
46 34 1
46 35 15
46 36 15
46 37 15
46 38 12
46 39 8
46 42 11
46 43 15
46 44 4
47 0 15
47 1 15
47 2 15
47 3 15
47 4 15
47 5 15
47 6 15
47 7 15
47 8 4
47 10 1
47 11 15
47 12 15
47 13 15
47 14 12
47 17 9
47 18 15
47 19 15
47 20 15
47 21 15
47 22 15
47 23 12
47 35 3
47 36 15
47 37 15
47 38 15
47 39 15
47 40 12
47 41 1
47 42 15
47 43 15
47 44 4
47 45 8
47 46 8
48 0 15
48 1 15
48 2 15
48 3 15
48 4 15
48 5 15
48 6 15
48 7 15
48 8 4
48 10 1
48 11 15
48 12 15
48 13 15
48 14 15
48 15 12
48 16 1
48 17 15
48 18 15
48 19 15
48 20 15
48 21 15
48 22 15
48 23 15
48 24 12
48 25 8
48 36 11
48 37 15
48 38 15
48 39 15
48 40 15
48 41 4
48 42 2
48 43 2
48 45 11
48 46 15
48 47 4
48 53 8
48 56 8
49 0 3
49 1 15
49 2 15
49 3 15
49 4 15
49 5 15
49 6 15
49 7 15
49 8 4
49 10 1
49 11 15
49 12 15
49 13 15
49 14 15
49 15 15
49 16 13
49 17 15
49 18 15
49 19 15
49 20 15
49 21 15
49 22 15
49 23 15
49 24 15
49 25 15
49 26 12
49 27 8
49 28 8
49 29 8
49 30 8
49 35 9
49 36 15
49 37 15
49 38 15
49 39 15
49 40 15
49 41 4
49 44 1
49 45 15
49 46 15
49 47 4
49 52 1
49 53 15
49 54 4
49 55 1
49 56 15
49 57 4
49 62 8
49 63 8
50 1 2
50 2 2
50 3 2
50 4 2
50 5 2
50 6 2
50 7 2
50 10 1
50 11 15
50 12 15
50 13 15
50 14 15
50 15 15
50 16 15
50 17 15
50 18 15
50 19 15
50 20 6
50 21 3
50 22 15
50 23 15
50 24 15
50 25 15
50 26 15
50 27 15
50 28 15
50 29 15
50 30 15
50 31 12
50 32 8
50 33 8
50 34 9
50 35 15
50 36 15
50 37 15
50 38 15
50 39 15
50 40 15
50 41 4
50 45 2
50 46 2
50 52 1
50 53 15
50 54 4
50 55 1
50 56 15
50 57 4
50 62 11
50 63 15
51 11 2
51 12 3
51 13 15
51 14 15
51 15 15
51 16 15
51 17 15
51 18 6
51 19 2
51 22 2
51 23 3
51 24 15
51 25 15
51 26 15
51 27 15
51 28 15
51 29 15
51 30 15
51 31 15
51 32 15
51 33 15
51 34 15
51 35 15
51 36 15
51 37 15
51 38 15
51 39 15
51 40 15
51 41 12
51 53 2
51 56 2
51 61 1
51 62 15
51 63 15
52 13 2
52 14 2
52 15 2
52 16 2
52 17 2
52 23 1
52 24 15
52 25 15
52 26 15
52 27 15
52 28 7
52 29 15
52 30 15
52 31 15
52 32 15
52 33 15
52 34 15
52 35 15
52 36 15
52 37 15
52 38 15
52 39 15
52 40 15
52 41 15
52 42 12
52 43 8
52 62 2
52 63 10
53 24 2
53 25 2
53 26 2
53 27 2
53 29 2
53 30 3
53 31 15
53 32 15
53 33 15
53 34 15
53 35 15
53 36 7
53 37 15
53 38 15
53 39 15
53 40 15
53 41 15
53 42 15
53 43 15
53 44 12
53 45 8
53 62 1
53 63 15
54 30 1
54 31 15
54 32 15
54 33 15
54 34 6
54 35 2
54 37 3
54 38 15
54 39 15
54 40 15
54 41 15
54 42 15
54 43 15
54 44 15
54 45 15
54 46 12
54 47 8
54 48 8
54 62 1
54 63 15
55 31 2
55 32 2
55 33 2
55 37 1
55 38 15
55 39 15
55 40 15
55 41 15
55 42 15
55 43 15
55 44 15
55 45 15
55 46 15
55 47 15
55 48 15
55 49 12
55 55 8
55 56 8
55 63 10
56 38 3
56 39 15
56 40 15
56 41 15
56 42 15
56 43 15
56 44 15
56 45 15
56 46 15
56 47 15
56 48 15
56 49 15
56 50 12
56 51 8
56 55 11
56 56 15
56 57 4
56 62 9
56 63 15
57 39 11
57 40 15
57 41 15
57 42 15
57 43 15
57 44 15
57 45 15
57 46 15
57 47 15
57 48 15
57 49 15
57 50 15
57 51 15
57 52 12
57 54 1
57 55 15
57 56 15
57 57 4
57 58 8
57 59 8
57 60 8
57 61 9
57 62 15
57 63 15
58 38 9
58 39 15
58 40 15
58 41 15
58 42 15
58 43 15
58 44 15
58 45 15
58 46 15
58 47 15
58 48 15
58 49 15
58 50 15
58 51 15
58 52 15
58 53 4
58 55 2
58 56 2
58 57 9
58 58 15
58 59 15
58 60 15
58 61 15
58 62 15
58 63 15
59 37 1
59 38 15
59 39 15
59 40 15
59 41 15
59 42 15
59 43 15
59 44 15
59 45 15
59 46 15
59 47 15
59 48 15
59 49 15
59 50 15
59 51 7
59 52 15
59 53 12
59 55 8
59 56 9
59 57 15
59 58 15
59 59 15
59 60 15
59 61 15
59 62 15
59 63 15
60 37 9
60 38 15
60 39 15
60 40 15
60 41 15
60 42 15
60 43 15
60 44 15
60 45 15
60 46 15
60 47 15
60 48 15
60 49 15
60 50 15
60 51 12
60 52 11
60 53 15
60 54 13
60 55 15
60 56 15
60 57 15
60 58 15
60 59 15
60 60 15
60 61 15
60 62 15
60 63 15
61 36 1
61 37 15
61 38 15
61 39 15
61 40 15
61 41 15
61 42 15
61 43 15
61 44 15
61 45 15
61 46 15
61 47 15
61 48 15
61 49 15
61 50 15
61 51 15
61 52 15
61 53 15
61 54 15
61 55 15
61 56 15
61 57 15
61 58 15
61 59 15
61 60 15
61 61 15
61 62 15
61 63 15
62 36 1
62 37 15
62 38 15
62 39 15
62 40 15
62 41 15
62 42 15
62 43 15
62 44 15
62 45 15
62 46 15
62 47 15
62 48 15
62 49 15
62 50 15
62 51 15
62 52 15
62 53 15
62 54 15
62 55 15
62 56 15
62 57 15
62 58 15
62 59 15
62 60 15
62 61 15
62 62 15
62 63 15
63 36 1
63 37 15
63 38 15
63 39 15
63 40 15
63 41 15
63 42 15
63 43 15
63 44 15
63 45 15
63 46 15
63 47 15
63 48 15
63 49 15
63 50 15
63 51 15
63 52 15
63 53 15
63 54 15
63 55 15
63 56 15
63 57 15
63 58 15
63 59 15
63 60 15
63 61 15
63 62 15
63 63 15
