15
0 46 4
0 47 0
0 48 0
0 49 0
0 50 0
0 51 0
0 52 0
0 53 0
0 54 0
0 55 0
0 56 0
0 57 0
0 58 0
0 59 0
0 60 0
0 61 0
0 62 0
0 63 1
1 46 12
1 47 0
1 48 0
1 49 0
1 50 0
1 51 0
1 52 0
1 53 0
1 54 0
1 55 0
1 56 0
1 57 0
1 58 0
1 59 0
1 60 0
1 61 0
1 62 0
1 63 0
2 47 12
2 48 0
2 49 0
2 50 0
2 51 0
2 52 0
2 53 0
2 54 0
2 55 0
2 56 0
2 57 0
2 58 0
2 59 0
2 60 0
2 61 0
2 62 0
2 63 0
3 48 4
3 49 0
3 50 0
3 51 0
3 52 0
3 53 0
3 54 0
3 55 0
3 56 0
3 57 0
3 58 0
3 59 0
3 60 0
3 61 0
3 62 0
3 63 0
4 48 4
4 49 0
4 50 0
4 51 0
4 52 0
4 53 0
4 54 0
4 55 0
4 56 0
4 57 0
4 58 0
4 59 0
4 60 0
4 61 0
4 62 0
4 63 0
5 48 4
5 49 0
5 50 0
5 51 0
5 52 0
5 53 0
5 54 0
5 55 0
5 56 0
5 57 0
5 58 0
5 59 0
5 60 0
5 61 0
5 62 0
5 63 0
6 47 6
6 48 0
6 49 0
6 50 0
6 51 0
6 52 0
6 53 0
6 54 0
6 55 0
6 56 0
6 57 0
6 58 0
6 59 0
6 60 0
6 61 0
6 62 0
6 63 0
7 47 4
7 48 0
7 49 0
7 50 0
7 51 0
7 52 0
7 53 0
7 54 0
7 55 0
7 56 0
7 57 0
7 58 0
7 59 0
7 60 0
7 61 0
7 62 0
7 63 0
8 47 4
8 48 0
8 49 0
8 50 0
8 51 0
8 52 0
8 53 0
8 54 0
8 55 0
8 56 0
8 57 0
8 58 0
8 59 0
8 60 0
8 61 0
8 62 0
8 63 0
9 46 6
9 47 0
9 48 0
9 49 0
9 50 0
9 51 0
9 52 0
9 53 0
9 54 0
9 55 0
9 56 0
9 57 0
9 58 0
9 59 0
9 60 0
9 61 0
9 62 0
9 63 0
10 45 6
10 46 0
10 47 0
10 48 0
10 49 0
10 50 0
10 51 0
10 52 0
10 53 0
10 54 0
10 55 0
10 56 0
10 57 0
10 58 0
10 59 0
10 60 0
10 61 0
10 62 0
10 63 0
11 3 6
11 4 3
11 45 4
11 46 0
11 47 0
11 48 0
11 49 0
11 50 0
11 51 0
11 52 0
11 53 0
11 54 0
11 55 0
11 56 0
11 57 0
11 58 0
11 59 0
11 60 0
11 61 0
11 62 0
11 63 0
12 3 12
12 4 9
12 43 6
12 44 2
12 45 0
12 46 0
12 47 0
12 48 0
12 49 0
12 50 0
12 51 0
12 52 0
12 53 0
12 54 0
12 55 0
12 56 0
12 57 0
12 58 0
12 59 0
12 60 0
12 61 0
12 62 0
12 63 0
13 43 4
13 44 0
13 45 0
13 46 0
13 47 0
13 48 0
13 49 0
13 50 0
13 51 0
13 52 0
13 53 0
13 54 0
13 55 0
13 56 0
13 57 0
13 58 0
13 59 0
13 60 0
13 61 0
13 62 0
13 63 0
14 43 12
14 44 0
14 45 0
14 46 0
14 47 0
14 48 0
14 49 0
14 50 0
14 51 0
14 52 0
14 53 0
14 54 0
14 55 0
14 56 0
14 57 0
14 58 0
14 59 0
14 60 0
14 61 0
14 62 0
14 63 0
15 44 12
15 45 0
15 46 0
15 47 0
15 48 0
15 49 0
15 50 0
15 51 0
15 52 0
15 53 0
15 54 0
15 55 0
15 56 0
15 57 0
15 58 0
15 59 0
15 60 0
15 61 0
15 62 0
15 63 0
16 0 2
16 1 3
16 45 4
16 46 0
16 47 0
16 48 0
16 49 0
16 50 0
16 51 0
16 52 0
16 53 0
16 54 0
16 55 0
16 56 0
16 57 0
16 58 0
16 59 0
16 60 0
16 61 0
16 62 0
16 63 0
17 0 0
17 1 0
17 2 3
17 6 6
17 7 2
17 8 2
17 9 2
17 10 3
17 45 4
17 46 0
17 47 0
17 48 0
17 49 0
17 50 0
17 51 0
17 52 0
17 53 0
17 54 0
17 55 0
17 56 0
17 57 0
17 58 0
17 59 0
17 60 0
17 61 0
17 62 0
17 63 0
18 0 0
18 1 0
18 2 0
18 3 3
18 5 6
18 6 0
18 7 0
18 8 0
18 9 0
18 10 1
18 39 6
18 40 2
18 41 2
18 42 2
18 43 2
18 44 2
18 45 0
18 46 0
18 47 0
18 48 0
18 49 0
18 50 0
18 51 0
18 52 0
18 53 0
18 54 0
18 55 0
18 56 0
18 57 0
18 58 0
18 59 0
18 60 0
18 61 0
18 62 0
18 63 0
19 0 0
19 1 0
19 2 0
19 3 0
19 4 2
19 5 0
19 6 0
19 7 0
19 8 0
19 9 0
19 10 0
19 11 2
19 12 2
19 13 3
19 39 12
19 40 8
19 41 0
19 42 0
19 43 0
19 44 8
19 45 0
19 46 0
19 47 0
19 48 0
19 49 0
19 50 0
19 51 0
19 52 0
19 53 0
19 54 0
19 55 0
19 56 0
19 57 0
19 58 0
19 59 0
19 60 0
19 61 0
19 62 0
19 63 0
20 0 0
20 1 0
20 2 0
20 3 0
20 4 0
20 5 0
20 6 0
20 7 0
20 8 0
20 9 0
20 10 0
20 11 0
20 12 0
20 13 1
20 41 12
20 42 8
20 43 9
20 45 4
20 46 0
20 47 0
20 48 0
20 49 0
20 50 0
20 51 0
20 52 0
20 53 0
20 54 0
20 55 0
20 56 0
20 57 0
20 58 0
20 59 0
20 60 0
20 61 0
20 62 0
20 63 0
21 0 0
21 1 0
21 2 0
21 3 0
21 4 0
21 5 0
21 6 0
21 7 0
21 8 0
21 9 0
21 10 0
21 11 0
21 12 0
21 13 1
21 45 4
21 46 0
21 47 0
21 48 0
21 49 0
21 50 0
21 51 0
21 52 0
21 53 0
21 54 0
21 55 0
21 56 0
21 57 0
21 58 0
21 59 0
21 60 0
21 61 0
21 62 0
21 63 0
22 0 0
22 1 0
22 2 0
22 3 0
22 4 0
22 5 0
22 6 0
22 7 0
22 8 0
22 9 0
22 10 0
22 11 0
22 12 0
22 13 1
22 44 6
22 45 0
22 46 0
22 47 0
22 48 0
22 49 0
22 50 0
22 51 0
22 52 0
22 53 0
22 54 0
22 55 0
22 56 0
22 57 0
22 58 0
22 59 0
22 60 0
22 61 0
22 62 0
22 63 0
23 0 0
23 1 0
23 2 0
23 3 0
23 4 0
23 5 0
23 6 0
23 7 0
23 8 0
23 9 0
23 10 0
23 11 0
23 12 0
23 13 1
23 43 6
23 44 0
23 45 0
23 46 0
23 47 0
23 48 0
23 49 0
23 50 0
23 51 0
23 52 0
23 53 0
23 54 0
23 55 0
23 56 0
23 57 0
23 58 0
23 59 0
23 60 0
23 61 0
23 62 0
23 63 0
24 0 0
24 1 0
24 2 0
24 3 0
24 4 0
24 5 0
24 6 0
24 7 0
24 8 0
24 9 0
24 10 0
24 11 0
24 12 0
24 13 1
24 42 6
24 43 0
24 44 0
24 45 0
24 46 0
24 47 0
24 48 0
24 49 0
24 50 0
24 51 0
24 52 0
24 53 0
24 54 0
24 55 0
24 56 0
24 57 0
24 58 0
24 59 0
24 60 0
24 61 0
24 62 0
24 63 0
25 0 0
25 1 0
25 2 0
25 3 0
25 4 0
25 5 0
25 6 0
25 7 0
25 8 0
25 9 0
25 10 0
25 11 0
25 12 0
25 13 1
25 41 6
25 42 0
25 43 0
25 44 0
25 45 0
25 46 0
25 47 0
25 48 0
25 49 0
25 50 0
25 51 0
25 52 0
25 53 0
25 54 0
25 55 0
25 56 0
25 57 0
25 58 0
25 59 0
25 60 0
25 61 0
25 62 0
25 63 0
26 0 0
26 1 0
26 2 0
26 3 0
26 4 0
26 5 0
26 6 0
26 7 0
26 8 0
26 9 0
26 10 0
26 11 0
26 12 0
26 13 1
26 41 4
26 42 0
26 43 0
26 44 0
26 45 0
26 46 0
26 47 0
26 48 0
26 49 0
26 50 0
26 51 0
26 52 0
26 53 0
26 54 0
26 55 0
26 56 0
26 57 0
26 58 0
26 59 0
26 60 0
26 61 0
26 62 0
26 63 0
27 0 0
27 1 0
27 2 0
27 3 0
27 4 0
27 5 0
27 6 0
27 7 0
27 8 0
27 9 0
27 10 0
27 11 0
27 12 0
27 13 0
27 14 3
27 41 12
27 42 0
27 43 0
27 44 0
27 45 0
27 46 0
27 47 0
27 48 0
27 49 0
27 50 0
27 51 0
27 52 0
27 53 0
27 54 0
27 55 0
27 56 0
27 57 0
27 58 0
27 59 0
27 60 0
27 61 0
27 62 0
27 63 0
28 0 0
28 1 0
28 2 0
28 3 0
28 4 0
28 5 0
28 6 0
28 7 0
28 8 0
28 9 0
28 10 0
28 11 0
28 12 0
28 13 0
28 14 1
28 42 4
28 43 0
28 44 0
28 45 0
28 46 0
28 47 0
28 48 0
28 49 0
28 50 0
28 51 0
28 52 0
28 53 0
28 54 0
28 55 0
28 56 0
28 57 0
28 58 0
28 59 0
28 60 0
28 61 0
28 62 0
28 63 0
29 0 0
29 1 0
29 2 0
29 3 0
29 4 0
29 5 0
29 6 0
29 7 0
29 8 0
29 9 0
29 10 0
29 11 0
29 12 0
29 13 0
29 14 0
29 15 3
29 41 6
29 42 0
29 43 0
29 44 0
29 45 0
29 46 0
29 47 0
29 48 0
29 49 0
29 50 0
29 51 0
29 52 0
29 53 0
29 54 0
29 55 0
29 56 0
29 57 0
29 58 0
29 59 0
29 60 0
29 61 0
29 62 0
29 63 0
30 0 0
30 1 0
30 2 0
30 3 0
30 4 0
30 5 0
30 6 0
30 7 0
30 8 0
30 9 0
30 10 0
30 11 0
30 12 0
30 13 0
30 14 0
30 15 1
30 41 4
30 42 0
30 43 0
30 44 0
30 45 0
30 46 0
30 47 0
30 48 0
30 49 0
30 50 0
30 51 0
30 52 0
30 53 0
30 54 0
30 55 0
30 56 0
30 57 0
30 58 0
30 59 0
30 60 0
30 61 0
30 62 0
30 63 0
31 0 0
31 1 0
31 2 0
31 3 0
31 4 0
31 5 0
31 6 0
31 7 0
31 8 0
31 9 0
31 10 0
31 11 0
31 12 0
31 13 0
31 14 0
31 15 0
31 16 3
31 41 12
31 42 0
31 43 0
31 44 0
31 45 0
31 46 0
31 47 0
31 48 0
31 49 0
31 50 0
31 51 0
31 52 0
31 53 0
31 54 0
31 55 0
31 56 0
31 57 0
31 58 0
31 59 0
31 60 0
31 61 0
31 62 0
31 63 0
32 0 0
32 1 0
32 2 0
32 3 0
32 4 0
32 5 0
32 6 0
32 7 0
32 8 0
32 9 0
32 10 0
32 11 0
32 12 0
32 13 0
32 14 0
32 15 0
32 16 0
32 17 3
32 38 6
32 39 11
32 42 12
32 43 0
32 44 0
32 45 0
32 46 0
32 47 0
32 48 0
32 49 0
32 50 0
32 51 0
32 52 0
32 53 0
32 54 0
32 55 0
32 56 0
32 57 0
32 58 0
32 59 0
32 60 0
32 61 0
32 62 0
32 63 0
33 0 0
33 1 8
33 2 8
33 3 0
33 4 0
33 5 0
33 6 0
33 7 0
33 8 0
33 9 0
33 10 0
33 11 0
33 12 0
33 13 0
33 14 0
33 15 0
33 16 0
33 17 1
33 38 13
33 43 12
33 44 0
33 45 0
33 46 0
33 47 0
33 48 0
33 49 0
33 50 0
33 51 0
33 52 0
33 53 0
33 54 0
33 55 0
33 56 0
33 57 0
33 58 0
33 59 0
33 60 0
33 61 0
33 62 0
33 63 0
34 0 9
34 3 12
34 4 8
34 5 8
34 6 8
34 7 0
34 8 0
34 9 0
34 10 0
34 11 0
34 12 0
34 13 0
34 14 0
34 15 0
34 16 0
34 17 0
34 18 3
34 22 6
34 23 2
34 24 3
34 44 4
34 45 0
34 46 0
34 47 0
34 48 0
34 49 0
34 50 0
34 51 0
34 52 0
34 53 0
34 54 0
34 55 0
34 56 0
34 57 0
34 58 0
34 59 0
34 60 0
34 61 0
34 62 0
34 63 0
35 7 12
35 8 0
35 9 0
35 10 0
35 11 0
35 12 0
35 13 0
35 14 0
35 15 0
35 16 0
35 17 0
35 18 0
35 19 2
35 20 2
35 21 2
35 22 0
35 23 0
35 24 0
35 25 2
35 26 3
35 44 4
35 45 0
35 46 0
35 47 0
35 48 0
35 49 0
35 50 0
35 51 0
35 52 0
35 53 0
35 54 8
35 55 0
35 56 0
35 57 0
35 58 0
35 59 0
35 60 0
35 61 0
35 62 0
35 63 0
36 8 12
36 9 0
36 10 0
36 11 0
36 12 0
36 13 0
36 14 0
36 15 0
36 16 0
36 17 0
36 18 0
36 19 0
36 20 0
36 21 0
36 22 0
36 23 0
36 24 0
36 25 0
36 26 0
36 27 3
36 44 4
36 45 0
36 46 0
36 47 0
36 48 0
36 49 8
36 50 8
36 51 8
36 52 8
36 53 9
36 55 12
36 56 8
36 57 0
36 58 0
36 59 0
36 60 0
36 61 0
36 62 0
36 63 0
37 9 4
37 10 0
37 11 0
37 12 0
37 13 0
37 14 0
37 15 0
37 16 0
37 17 0
37 18 0
37 19 0
37 20 0
37 21 0
37 22 0
37 23 0
37 24 0
37 25 0
37 26 0
37 27 1
37 44 4
37 45 0
37 46 8
37 47 8
37 48 9
37 57 12
37 58 0
37 59 0
37 60 0
37 61 0
37 62 0
37 63 0
38 9 4
38 10 0
38 11 0
38 12 0
38 13 0
38 14 0
38 15 0
38 16 0
38 17 0
38 18 0
38 19 0
38 20 0
38 21 0
38 22 0
38 23 0
38 24 0
38 25 0
38 26 0
38 27 0
38 28 3
38 42 6
38 43 2
38 44 8
38 45 9
38 51 6
38 52 3
38 58 12
38 59 8
38 60 8
38 61 0
38 62 0
38 63 0
39 0 2
39 1 3
39 9 4
39 10 0
39 11 0
39 12 0
39 13 0
39 14 0
39 15 0
39 16 0
39 17 0
39 18 0
39 19 0
39 20 8
39 21 8
39 22 0
39 23 0
39 24 0
39 25 0
39 26 0
39 27 0
39 28 0
39 29 3
39 41 14
39 42 8
39 43 9
39 51 4
39 52 9
39 61 12
39 62 8
39 63 0
40 0 0
40 1 0
40 2 3
40 9 4
40 10 0
40 11 0
40 12 0
40 13 0
40 14 0
40 15 0
40 16 0
40 17 0
40 18 0
40 19 9
40 22 12
40 23 0
40 24 0
40 25 0
40 26 0
40 27 8
40 28 0
40 29 0
40 30 3
40 38 6
40 39 11
40 44 6
40 45 2
40 46 2
40 47 2
40 48 2
40 49 2
40 50 10
40 51 1
40 53 6
40 54 3
40 56 7
40 63 12
41 0 0
41 1 0
41 2 0
41 3 3
41 9 4
41 10 0
41 11 0
41 12 0
41 13 0
41 14 0
41 15 0
41 16 0
41 17 0
41 18 1
41 23 12
41 24 0
41 25 0
41 26 1
41 28 4
41 29 0
41 30 0
41 31 3
41 36 6
41 37 2
41 38 9
41 44 4
41 45 0
41 46 0
41 47 0
41 48 0
41 49 1
41 51 4
41 52 2
41 53 0
41 54 0
41 55 2
41 56 9
42 0 0
42 1 0
42 2 0
42 3 1
42 9 4
42 10 0
42 11 0
42 12 0
42 13 0
42 14 0
42 15 0
42 16 0
42 17 0
42 18 9
42 24 12
42 25 8
42 26 9
42 28 12
42 29 0
42 30 0
42 31 0
42 32 2
42 33 2
42 34 2
42 35 2
42 36 0
42 37 9
42 43 6
42 44 0
42 45 0
42 46 8
42 47 0
42 48 0
42 49 0
42 50 2
42 51 0
42 52 0
42 53 0
42 54 8
42 55 9
42 58 14
42 59 3
42 60 7
43 0 0
43 1 0
43 2 0
43 3 1
43 9 4
43 10 0
43 11 0
43 12 0
43 13 0
43 14 0
43 15 0
43 16 0
43 17 1
43 29 12
43 30 8
43 31 8
43 32 0
43 33 0
43 34 0
43 35 0
43 36 9
43 41 6
43 42 2
43 43 0
43 44 0
43 45 1
43 47 4
43 48 0
43 49 0
43 50 0
43 51 0
43 52 0
43 53 1
43 59 4
43 60 1
44 0 0
44 1 0
44 2 0
44 3 9
44 9 4
44 10 0
44 11 0
44 12 0
44 13 0
44 14 0
44 15 0
44 16 0
44 17 1
44 32 12
44 33 8
44 34 8
44 35 9
44 38 6
44 39 3
44 41 4
44 42 0
44 43 0
44 44 0
44 45 0
44 46 2
44 47 0
44 48 0
44 49 0
44 50 8
44 51 0
44 52 0
44 53 0
44 54 2
44 55 2
44 56 2
44 57 2
44 58 2
44 59 0
44 60 0
44 61 2
44 62 2
44 63 2
45 0 0
45 1 0
45 2 1
45 8 6
45 9 0
45 10 0
45 11 0
45 12 0
45 13 0
45 14 0
45 15 0
45 16 0
45 17 1
45 38 12
45 39 9
45 40 6
45 41 0
45 42 0
45 43 0
45 44 0
45 45 0
45 46 8
45 47 0
45 48 0
45 49 1
45 51 4
45 52 0
45 53 0
45 54 0
45 55 0
45 56 0
45 57 0
45 58 0
45 59 0
45 60 0
45 61 0
45 62 0
45 63 0
46 0 0
46 1 0
46 2 9
46 8 4
46 9 0
46 10 0
46 11 0
46 12 0
46 13 0
46 14 0
46 15 0
46 16 0
46 17 0
46 18 3
46 33 6
46 34 3
46 40 4
46 41 0
46 42 0
46 43 0
46 44 0
46 45 1
46 47 12
46 48 0
46 49 1
46 51 4
46 52 8
46 53 0
46 54 0
46 55 0
46 56 0
46 57 0
46 58 0
46 59 0
46 60 0
46 61 0
46 62 0
46 63 0
47 0 0
47 1 1
47 8 4
47 9 0
47 10 0
47 11 0
47 12 0
47 13 0
47 14 8
47 15 8
47 16 8
47 17 0
47 18 0
47 19 2
47 20 3
47 33 12
47 34 9
47 36 6
47 37 3
47 39 6
47 40 0
47 41 0
47 42 0
47 43 0
47 44 0
47 45 0
47 46 3
47 48 4
47 49 0
47 50 2
47 51 1
47 53 12
47 54 0
47 55 0
47 56 0
47 57 0
47 58 0
47 59 0
47 60 0
47 61 0
47 62 0
47 63 0
48 0 0
48 1 1
48 8 4
48 9 0
48 10 0
48 11 0
48 12 0
48 13 9
48 17 12
48 18 0
48 19 0
48 20 1
48 36 12
48 37 9
48 38 6
48 39 0
48 40 0
48 41 0
48 42 0
48 43 0
48 44 0
48 45 0
48 46 0
48 47 2
48 48 0
48 49 0
48 50 8
48 51 0
48 52 3
48 54 12
48 55 0
48 56 0
48 57 0
48 58 0
48 59 0
48 60 0
48 61 0
48 62 0
48 63 0
49 0 0
49 1 9
49 8 4
49 9 0
49 10 0
49 11 0
49 12 9
49 18 12
49 19 8
49 20 9
49 38 4
49 39 0
49 40 0
49 41 0
49 42 0
49 43 0
49 44 0
49 45 0
49 46 0
49 47 0
49 48 0
49 49 1
49 51 4
49 52 0
49 53 3
49 55 12
49 56 0
49 57 0
49 58 0
49 59 0
49 60 0
49 61 0
49 62 0
49 63 0
50 0 1
50 7 6
50 8 0
50 9 0
50 10 8
50 11 9
50 37 6
50 38 0
50 39 0
50 40 0
50 41 0
50 42 0
50 43 0
50 44 0
50 45 0
50 46 0
50 47 0
50 48 0
50 49 0
50 50 3
50 51 4
50 52 0
50 53 0
50 54 3
50 56 12
50 57 8
50 58 0
50 59 0
50 60 0
50 61 0
50 62 0
50 63 0
51 0 9
51 7 4
51 8 0
51 9 9
51 36 6
51 37 0
51 38 0
51 39 0
51 40 0
51 41 0
51 42 8
51 43 0
51 44 0
51 45 0
51 46 8
51 47 0
51 48 0
51 49 0
51 50 8
51 51 0
51 52 0
51 53 0
51 54 0
51 55 3
51 58 4
51 59 0
51 60 0
51 61 0
51 62 8
51 63 8
52 7 4
52 8 1
52 35 6
52 36 0
52 37 0
52 38 0
52 39 0
52 40 0
52 41 9
52 43 4
52 44 0
52 45 1
52 47 12
52 48 8
52 49 1
52 51 4
52 52 0
52 53 0
52 54 0
52 55 1
52 58 12
52 59 0
52 60 0
52 61 9
53 7 4
53 8 9
53 34 6
53 35 0
53 36 0
53 37 0
53 38 0
53 39 0
53 40 9
53 42 6
53 43 0
53 44 0
53 45 0
53 46 3
53 49 4
53 50 2
53 51 0
53 52 0
53 53 0
53 54 0
53 55 9
53 59 12
53 60 1
54 7 5
54 32 6
54 33 2
54 34 0
54 35 0
54 36 0
54 37 8
54 38 0
54 39 1
54 41 6
54 42 0
54 43 0
54 44 0
54 45 0
54 46 0
54 47 2
54 48 2
54 49 0
54 50 0
54 51 0
54 52 0
54 53 0
54 54 1
54 60 13
54 62 6
54 63 2
55 7 13
55 31 6
55 32 0
55 33 0
55 34 0
55 35 0
55 36 9
55 38 4
55 39 0
55 40 2
55 41 0
55 42 0
55 43 0
55 44 0
55 45 0
55 46 0
55 47 0
55 48 0
55 49 0
55 50 0
55 51 0
55 52 0
55 53 0
55 54 1
55 62 4
55 63 0
56 30 6
56 31 0
56 32 0
56 33 0
56 34 0
56 35 1
56 37 6
56 38 0
56 39 0
56 40 0
56 41 0
56 42 0
56 43 0
56 44 0
56 45 0
56 46 0
56 47 0
56 48 0
56 49 0
56 50 0
56 51 0
56 52 0
56 53 0
56 54 1
56 59 6
56 60 2
56 61 2
56 62 0
56 63 0
57 30 4
57 31 0
57 32 0
57 33 0
57 34 0
57 35 0
57 36 2
57 37 0
57 38 0
57 39 0
57 40 0
57 41 0
57 42 0
57 43 0
57 44 0
57 45 0
57 46 0
57 47 0
57 48 0
57 49 0
57 50 0
57 51 0
57 52 0
57 53 0
57 54 1
57 59 4
57 60 0
57 61 0
57 62 0
57 63 0
58 29 6
58 30 0
58 31 0
58 32 0
58 33 0
58 34 0
58 35 0
58 36 8
58 37 0
58 38 0
58 39 0
58 40 0
58 41 0
58 42 0
58 43 0
58 44 0
58 45 0
58 46 0
58 47 0
58 48 0
58 49 0
58 50 0
58 51 0
58 52 0
58 53 0
58 54 1
58 59 4
58 60 0
58 61 0
58 62 0
58 63 0
59 28 6
59 29 0
59 30 0
59 31 0
59 32 0
59 33 0
59 34 0
59 35 1
59 37 4
59 38 0
59 39 0
59 40 0
59 41 8
59 42 8
59 43 0
59 44 0
59 45 0
59 46 0
59 47 0
59 48 0
59 49 0
59 50 0
59 51 0
59 52 0
59 53 0
59 54 1
59 59 4
59 60 0
59 61 0
59 62 0
59 63 0
60 25 6
60 26 2
60 27 2
60 28 0
60 29 0
60 30 0
60 31 0
60 32 0
60 33 0
60 34 0
60 35 0
60 36 10
60 37 0
60 38 0
60 39 0
60 40 0
60 41 11
60 43 4
60 44 0
60 45 0
60 46 0
60 47 0
60 48 0
60 49 0
60 50 0
60 51 0
60 52 0
60 53 0
60 54 1
60 59 4
60 60 0
60 61 0
60 62 0
60 63 0
61 3 6
61 4 3
61 24 6
61 25 0
61 26 0
61 27 0
61 28 0
61 29 0
61 30 8
61 31 0
61 32 0
61 33 0
61 34 0
61 35 9
61 37 4
61 38 0
61 39 0
61 40 1
61 43 4
61 44 0
61 45 0
61 46 0
61 47 0
61 48 0
61 49 0
61 50 0
61 51 0
61 52 0
61 53 0
61 54 1
61 59 4
61 60 0
61 61 0
61 62 0
61 63 0
62 3 12
62 4 9
62 24 4
62 25 0
62 26 0
62 27 0
62 28 0
62 29 1
62 31 4
62 32 0
62 33 0
62 34 1
62 36 6
62 37 0
62 38 0
62 39 0
62 40 0
62 41 2
62 42 2
62 43 0
62 44 0
62 45 0
62 46 0
62 47 0
62 48 0
62 49 0
62 50 0
62 51 0
62 52 0
62 53 0
62 54 1
62 58 7
62 59 4
62 60 0
62 61 0
62 62 0
62 63 0
63 23 6
63 24 0
63 25 0
63 26 0
63 27 0
63 28 0
63 29 0
63 30 2
63 31 0
63 32 0
63 33 0
63 34 1
63 36 4
63 37 0
63 38 0
63 39 0
63 40 0
63 41 0
63 42 0
63 43 0
63 44 0
63 45 0
63 46 0
63 47 0
63 48 0
63 49 0
63 50 0
63 51 0
63 52 0
63 53 0
63 54 1
63 58 4
63 59 0
63 60 0
63 61 0
63 62 0
63 63 0
