0
0 1 1
0 2 15
0 3 15
0 4 15
0 5 15
0 6 15
0 7 15
0 8 15
0 9 4
0 61 9
0 62 15
0 63 15
1 2 3
1 3 15
1 4 15
1 5 15
1 6 15
1 7 15
1 8 15
1 9 4
1 60 9
1 61 15
1 62 15
1 63 15
2 3 3
2 4 15
2 5 15
2 6 15
2 7 15
2 8 15
2 9 12
2 59 1
2 60 15
2 61 15
2 62 15
2 63 15
3 3 1
3 4 15
3 5 15
3 6 15
3 7 15
3 8 15
3 9 15
3 10 12
3 11 8
3 59 1
3 60 15
3 61 15
3 62 15
3 63 15
4 4 2
4 5 3
4 6 15
4 7 15
4 8 15
4 9 15
4 10 15
4 11 15
4 12 12
4 59 9
4 60 15
4 61 15
4 62 15
4 63 15
5 5 1
5 6 15
5 7 15
5 8 15
5 9 15
5 10 15
5 11 15
5 12 15
5 13 12
5 56 8
5 57 8
5 58 9
5 59 15
5 60 15
5 61 15
5 62 15
5 63 15
6 6 3
6 7 15
6 8 15
6 9 15
6 10 15
6 11 15
6 12 15
6 13 15
6 14 4
6 55 9
6 56 15
6 57 15
6 58 15
6 59 15
6 60 15
6 61 15
6 62 15
6 63 15
7 7 3
7 8 15
7 9 15
7 10 15
7 11 15
7 12 15
7 13 15
7 14 12
7 54 9
7 55 15
7 56 15
7 57 15
7 58 15
7 59 15
7 60 15
7 61 15
7 62 15
7 63 15
8 8 3
8 9 15
8 10 15
8 11 15
8 12 15
8 13 15
8 14 15
8 15 12
8 40 1
8 41 12
8 53 1
8 54 15
8 55 15
8 56 15
8 57 15
8 58 15
8 59 15
8 60 15
8 61 15
8 62 15
8 63 15
9 9 3
9 10 15
9 11 15
9 12 15
9 13 15
9 14 15
9 15 15
9 16 12
9 40 1
9 41 15
9 42 4
9 53 1
9 54 15
9 55 15
9 56 15
9 57 15
9 58 15
9 59 15
9 60 15
9 61 15
9 62 15
9 63 15
10 10 2
10 11 3
10 12 15
10 13 15
10 14 15
10 15 15
10 16 15
10 17 12
10 39 8
10 41 2
10 53 1
10 54 15
10 55 15
10 56 15
10 57 15
10 58 15
10 59 15
10 60 15
10 61 15
10 62 15
10 63 15
11 12 3
11 13 15
11 14 15
11 15 15
11 16 15
11 17 15
11 18 12
11 20 8
11 21 8
11 22 8
11 23 8
11 38 1
11 39 15
11 40 4
11 41 1
11 42 4
11 53 9
11 54 15
11 55 15
11 56 15
11 57 15
11 58 15
11 59 15
11 60 15
11 61 15
11 62 15
11 63 15
12 12 1
12 13 15
12 14 15
12 15 15
12 16 15
12 17 15
12 18 15
12 19 13
12 20 15
12 21 15
12 22 15
12 23 15
12 24 12
12 25 8
12 39 11
12 40 4
12 41 1
12 42 4
12 52 1
12 53 15
12 54 15
12 55 15
12 56 15
12 57 15
12 58 15
12 59 15
12 60 15
12 61 15
12 62 15
12 63 15
13 13 3
13 14 15
13 15 15
13 16 15
13 17 15
13 18 15
13 19 15
13 20 15
13 21 15
13 22 15
13 23 15
13 24 15
13 25 15
13 26 12
13 38 1
13 39 15
13 40 4
13 41 1
13 42 4
13 52 1
13 53 15
13 54 15
13 55 15
13 56 15
13 57 15
13 58 15
13 59 15
13 60 15
13 61 15
13 62 15
13 63 15
14 14 3
14 15 15
14 16 15
14 17 15
14 18 15
14 19 15
14 20 15
14 21 15
14 22 15
14 23 15
14 24 15
14 25 15
14 26 15
14 27 4
14 39 2
14 52 9
14 53 15
14 54 15
14 55 15
14 56 15
14 57 15
14 58 15
14 59 15
14 60 15
14 61 15
14 62 15
14 63 15
15 15 3
15 16 15
15 17 15
15 18 15
15 19 15
15 20 15
15 21 15
15 22 15
15 23 15
15 24 15
15 25 15
15 26 15
15 27 12
15 38 1
15 39 4
15 41 8
15 51 9
15 52 15
15 53 15
15 54 15
15 55 15
15 56 15
15 57 15
15 58 15
15 59 15
15 60 15
15 61 15
15 62 15
15 63 15
16 16 3
16 17 15
16 18 15
16 19 15
16 20 15
16 21 15
16 22 15
16 23 15
16 24 15
16 25 15
16 26 15
16 27 15
16 28 12
16 29 8
16 38 1
16 39 4
16 40 1
16 41 15
16 42 4
16 50 1
16 51 15
16 52 15
16 53 15
16 54 15
16 55 15
16 56 15
16 57 15
16 58 15
16 59 15
16 60 15
16 61 15
16 62 15
16 63 15
17 17 2
17 18 3
17 19 15
17 20 6
17 21 2
17 22 3
17 23 15
17 24 15
17 25 15
17 26 15
17 27 15
17 28 15
17 29 15
17 30 12
17 38 1
17 39 4
17 41 2
17 50 9
17 51 15
17 52 15
17 53 15
17 54 15
17 55 15
17 56 15
17 57 15
17 58 15
17 59 15
17 60 15
17 61 15
17 62 15
17 63 15
18 19 2
18 23 3
18 24 15
18 25 15
18 26 15
18 27 15
18 28 15
18 29 15
18 30 15
18 31 12
18 32 8
18 38 1
18 39 4
18 40 1
18 41 4
18 49 9
18 50 15
18 51 15
18 52 15
18 53 15
18 54 15
18 55 15
18 56 15
18 57 15
18 58 15
18 59 15
18 60 15
18 61 15
18 62 15
18 63 15
19 24 3
19 25 15
19 26 15
19 27 15
19 28 15
19 29 15
19 30 15
19 31 15
19 32 15
19 33 12
19 38 1
19 39 4
19 40 1
19 41 4
19 47 8
19 48 9
19 49 15
19 50 15
19 51 15
19 52 15
19 53 15
19 54 15
19 55 15
19 56 15
19 57 15
19 58 15
19 59 15
19 60 15
19 61 15
19 62 15
19 63 15
20 25 3
20 26 15
20 27 15
20 28 15
20 29 15
20 30 15
20 31 15
20 32 15
20 33 15
20 34 12
20 38 1
20 39 4
20 40 1
20 41 4
20 44 8
20 45 8
20 46 9
20 47 15
20 48 15
20 49 15
20 50 15
20 51 15
20 52 15
20 53 15
20 54 15
20 55 15
20 56 15
20 57 15
20 58 15
20 59 15
20 60 15
20 61 15
20 62 15
20 63 15
21 26 3
21 27 15
21 28 15
21 29 15
21 30 15
21 31 15
21 32 15
21 33 15
21 34 15
21 35 12
21 36 8
21 37 8
21 38 9
21 39 4
21 40 1
21 41 12
21 42 8
21 43 9
21 44 15
21 45 15
21 46 15
21 47 15
21 48 15
21 49 15
21 50 15
21 51 15
21 52 15
21 53 15
21 54 15
21 55 15
21 56 15
21 57 15
21 58 15
21 59 15
21 60 15
21 61 15
21 62 15
21 63 15
22 27 3
22 28 15
22 29 15
22 30 15
22 31 15
22 32 15
22 33 15
22 34 15
22 35 15
22 36 15
22 37 15
22 38 15
22 39 4
22 40 1
22 41 15
22 42 15
22 43 15
22 44 15
22 45 15
22 46 15
22 47 15
22 48 15
22 49 15
22 50 15
22 51 15
22 52 15
22 53 15
22 54 15
22 55 15
22 56 15
22 57 15
22 58 15
22 59 15
22 60 15
22 61 15
22 62 15
22 63 15
23 28 3
23 29 15
23 30 15
23 31 15
23 32 15
23 33 15
23 34 15
23 35 15
23 36 15
23 37 15
23 38 15
23 39 4
23 40 1
23 41 7
23 42 15
23 43 15
23 44 15
23 45 15
23 46 15
23 47 15
23 48 15
23 49 15
23 50 15
23 51 15
23 52 15
23 53 15
23 54 15
23 55 15
23 56 15
23 57 15
23 58 15
23 59 15
23 60 15
23 61 15
23 62 15
23 63 15
24 29 2
24 30 2
24 31 2
24 32 2
24 33 2
24 34 2
24 35 2
24 36 2
24 37 2
24 38 3
24 39 4
24 40 1
24 41 4
24 42 2
24 43 2
24 44 2
24 45 3
24 46 15
24 47 15
24 48 15
24 49 15
24 50 15
24 51 15
24 52 15
24 53 15
24 54 15
24 55 15
24 56 15
24 57 15
24 58 15
24 59 15
24 60 15
24 61 15
24 62 15
24 63 15
25 38 1
25 39 4
25 40 1
25 41 4
25 46 2
25 47 3
25 48 15
25 49 15
25 50 15
25 51 15
25 52 15
25 53 15
25 54 15
25 55 15
25 56 15
25 57 15
25 58 15
25 59 15
25 60 15
25 61 15
25 62 15
25 63 15
26 38 1
26 39 4
26 40 1
26 41 4
26 48 2
26 49 3
26 50 15
26 51 15
26 52 15
26 53 15
26 54 15
26 55 15
26 56 15
26 57 15
26 58 15
26 59 15
26 60 15
26 61 15
26 62 15
26 63 15
27 38 1
27 39 4
27 50 2
27 51 2
27 52 3
27 53 15
27 54 15
27 55 15
27 56 15
27 57 15
27 58 15
27 59 15
27 60 15
27 61 15
27 62 15
27 63 15
28 38 9
28 39 4
28 40 1
28 41 4
28 52 1
28 53 15
28 54 15
28 55 15
28 56 15
28 57 15
28 58 15
28 59 15
28 60 15
28 61 15
28 62 15
28 63 15
29 37 1
29 38 15
29 39 4
29 40 1
29 41 4
29 52 1
29 53 15
29 54 15
29 55 15
29 56 15
29 57 15
29 58 15
29 59 15
29 60 15
29 61 15
29 62 15
29 63 15
30 38 2
30 53 3
30 54 15
30 55 15
30 56 15
30 57 15
30 58 15
30 59 15
30 60 15
30 61 15
30 62 15
30 63 15
31 54 3
31 55 15
31 56 15
31 57 15
31 58 15
31 59 15
31 60 15
31 61 15
31 62 15
31 63 15
32 38 9
32 39 4
32 55 3
32 56 15
32 57 15
32 58 15
32 59 15
32 60 15
32 61 15
32 62 15
32 63 15
33 37 1
33 38 15
33 39 4
33 41 1
33 42 4
33 55 1
33 56 15
33 57 15
33 58 15
33 59 15
33 60 15
33 61 15
33 62 15
33 63 15
34 38 2
34 41 1
34 42 4
34 56 3
34 57 15
34 58 15
34 59 15
34 60 15
34 61 15
34 62 15
34 63 15
35 56 1
35 57 15
35 58 15
35 59 15
35 60 15
35 61 15
35 62 15
35 63 15
36 4 8
36 5 8
36 6 8
36 7 8
36 57 3
36 58 15
36 59 15
36 60 15
36 61 15
36 62 15
36 63 15
37 4 2
37 5 2
37 6 2
37 7 2
37 42 1
37 43 4
37 58 3
37 59 15
37 60 15
37 61 15
37 62 15
37 63 15
38 25 8
38 42 1
38 43 4
38 58 1
38 59 15
38 60 15
38 61 15
38 62 15
38 63 15
39 25 2
39 58 1
39 59 15
39 60 15
39 61 15
39 62 15
39 63 15
40 16 8
40 17 8
40 18 8
40 19 8
40 22 8
40 24 8
40 25 8
40 26 8
40 58 1
40 59 15
40 60 15
40 61 15
40 62 15
40 63 15
41 1 8
41 2 8
41 3 8
41 16 2
41 17 2
41 18 2
41 19 2
41 20 8
41 21 9
41 22 15
41 23 4
41 24 2
41 25 3
41 26 15
41 27 12
41 43 1
41 44 4
41 59 3
41 60 15
41 61 15
41 62 15
41 63 15
42 0 1
42 1 6
42 2 2
42 3 3
42 4 4
42 19 1
42 20 15
42 21 6
42 22 2
42 26 2
42 27 2
42 40 1
42 41 4
42 59 1
42 60 15
42 61 15
42 62 15
42 63 15
43 0 1
43 1 4
43 4 8
43 20 2
43 28 1
43 29 4
43 40 1
43 41 4
43 43 1
43 44 4
43 60 3
43 61 15
43 62 15
43 63 15
44 0 1
44 1 12
44 2 8
44 3 9
44 4 15
44 5 12
44 6 8
44 7 8
44 8 8
44 9 8
44 28 1
44 29 5
44 30 4
44 40 1
44 41 4
44 61 3
44 62 15
44 63 15
45 0 1
45 1 6
45 2 2
45 3 3
45 4 6
45 5 2
45 6 3
45 7 6
45 8 2
45 9 3
45 10 4
45 28 1
45 29 5
45 30 4
45 40 1
45 41 4
45 62 2
45 63 2
46 0 1
46 1 4
46 3 1
46 4 12
46 6 1
46 7 12
46 9 1
46 10 4
46 28 1
46 29 5
46 30 4
46 40 1
46 41 4
47 0 1
47 1 12
47 2 8
47 3 1
47 4 15
47 5 4
47 6 9
47 7 15
47 8 4
47 9 8
47 28 1
47 29 5
47 30 4
47 40 1
47 41 12
48 0 1
48 1 6
48 2 2
48 4 2
48 6 2
48 7 2
48 9 3
48 10 4
48 26 8
48 40 1
48 41 15
48 42 4
49 0 1
49 1 12
49 2 8
49 3 8
49 4 8
49 6 8
49 7 8
49 9 1
49 10 12
49 25 1
49 26 15
49 27 4
49 41 2
50 1 2
50 2 2
50 3 2
50 4 2
50 6 3
50 7 15
50 8 4
50 9 1
50 10 15
50 11 4
50 19 8
50 26 2
51 7 3
51 8 4
51 10 3
51 11 4
51 18 1
51 19 15
51 20 12
51 21 8
51 22 8
51 23 8
51 24 8
51 53 8
52 0 1
52 1 4
52 7 1
52 8 4
52 19 2
52 20 2
52 21 2
52 22 2
52 23 2
52 24 2
52 52 9
52 53 15
52 54 4
52 59 8
52 60 8
52 61 8
52 62 8
52 63 8
53 0 1
53 1 4
53 52 2
53 53 2
53 59 2
53 60 2
53 61 2
53 62 2
53 63 2
54 0 1
54 1 4
54 7 1
54 8 4
54 10 9
54 11 4
54 33 8
54 34 8
54 35 8
54 36 8
54 37 8
54 48 8
54 49 8
54 50 8
54 51 8
54 52 8
54 53 8
54 54 8
54 55 8
54 61 8
54 62 8
54 63 8
55 0 1
55 1 4
55 7 1
55 8 4
55 9 1
55 10 15
55 11 4
55 28 8
55 30 8
55 33 2
55 34 2
55 35 2
55 36 2
55 37 2
55 43 8
55 44 8
55 45 8
55 48 2
55 49 2
55 50 2
55 51 2
55 52 2
55 53 2
55 54 2
55 55 2
55 58 8
55 59 8
55 60 1
55 61 15
55 62 6
55 63 2
56 0 1
56 1 4
56 4 8
56 5 8
56 6 8
56 7 9
56 8 4
56 9 9
56 10 6
56 27 1
56 28 15
56 29 4
56 30 2
56 43 2
56 44 2
56 45 2
56 58 2
56 59 2
56 61 2
57 0 1
57 1 4
57 3 1
57 4 15
57 5 6
57 6 3
57 7 15
57 8 4
57 9 3
57 10 4
57 28 2
58 0 1
58 1 4
58 3 1
58 4 6
58 7 2
58 9 1
58 10 4
59 0 1
59 1 12
59 2 8
59 3 9
59 4 12
59 5 8
59 6 1
59 7 4
59 8 8
59 9 9
59 10 4
60 0 1
60 1 15
60 2 6
60 3 2
60 4 3
60 5 15
60 6 4
60 8 2
60 9 2
61 0 1
61 1 6
61 5 2
62 0 1
62 1 12
62 5 8
63 0 1
63 1 15
63 2 12
63 3 8
63 4 9
63 5 15
63 6 4
