0
0 0 15
0 1 15
0 2 12
0 21 8
0 22 8
0 23 8
0 24 8
0 25 8
0 26 8
0 27 8
0 28 8
0 29 8
0 30 8
0 31 8
0 51 1
0 52 6
0 53 2
0 54 2
0 55 2
0 56 2
0 57 2
0 58 2
0 59 2
0 60 2
0 61 3
0 62 15
0 63 12
1 0 15
1 1 15
1 2 15
1 3 12
1 12 8
1 13 8
1 14 8
1 15 8
1 16 8
1 17 8
1 20 1
1 21 6
1 22 2
1 23 2
1 24 2
1 25 2
1 26 2
1 27 2
1 28 2
1 29 2
1 30 2
1 31 3
1 32 4
1 51 1
1 52 4
1 54 8
1 55 8
1 58 8
1 59 8
1 60 8
1 62 3
1 63 15
2 0 15
2 1 15
2 2 15
2 3 15
2 4 4
2 10 1
2 11 4
2 12 2
2 13 2
2 14 2
2 15 2
2 16 2
2 17 2
2 20 1
2 21 4
2 31 1
2 32 4
2 51 9
2 52 5
2 53 4
2 54 2
2 55 2
2 58 2
2 59 2
2 60 3
2 61 4
2 63 3
3 0 15
3 1 15
3 2 15
3 3 15
3 4 12
3 10 1
3 11 4
3 17 1
3 18 4
3 20 1
3 21 4
3 31 1
3 32 4
3 50 1
3 51 15
3 52 5
3 53 4
3 60 1
3 61 4
3 63 1
4 0 15
4 1 15
4 2 15
4 3 15
4 4 15
4 5 12
4 10 1
4 11 4
4 17 1
4 18 4
4 20 1
4 21 4
4 31 1
4 32 4
4 50 1
4 51 6
4 60 1
4 61 4
4 63 1
5 0 15
5 1 15
5 2 15
5 3 15
5 4 15
5 5 15
5 6 12
5 10 1
5 11 4
5 17 1
5 18 4
5 20 1
5 21 4
5 31 1
5 32 4
5 50 1
5 51 4
5 52 1
5 53 4
5 60 1
5 61 4
6 0 15
6 1 15
6 2 15
6 3 15
6 4 15
6 5 15
6 6 15
6 7 12
6 10 1
6 11 4
6 17 1
6 18 4
6 20 1
6 21 4
6 50 1
6 51 4
6 52 1
6 53 4
6 60 1
6 61 4
6 63 9
7 0 15
7 1 15
7 2 15
7 3 15
7 4 15
7 5 15
7 6 15
7 7 15
7 8 4
7 10 1
7 11 4
7 17 1
7 18 4
7 20 1
7 21 4
7 50 1
7 51 4
7 52 1
7 53 4
7 60 1
7 61 4
7 62 1
7 63 15
8 0 15
8 1 15
8 2 15
8 3 15
8 4 15
8 5 15
8 6 15
8 7 15
8 8 4
8 10 1
8 11 4
8 17 1
8 18 4
8 20 1
8 21 4
8 25 8
8 26 8
8 27 8
8 28 8
8 29 8
8 30 8
8 31 9
8 32 4
8 50 1
8 51 12
8 52 1
8 53 4
8 60 1
8 61 4
8 62 1
8 63 6
9 0 15
9 1 15
9 2 15
9 3 15
9 4 15
9 5 15
9 6 15
9 7 15
9 8 12
9 10 1
9 11 4
9 17 1
9 18 4
9 20 1
9 21 4
9 24 1
9 25 15
9 26 6
9 27 2
9 28 2
9 29 2
9 30 2
9 31 3
9 32 4
9 50 1
9 51 15
9 52 5
9 53 4
9 60 1
9 61 4
9 62 1
9 63 4
10 0 15
10 1 15
10 2 15
10 3 15
10 4 15
10 5 15
10 6 15
10 7 15
10 8 15
10 9 4
10 10 1
10 11 4
10 17 1
10 18 4
10 20 1
10 21 4
10 25 2
10 31 1
10 32 4
10 44 8
10 45 8
10 46 8
10 47 8
10 48 8
10 49 8
10 51 3
10 52 5
10 53 4
10 60 1
10 61 4
10 62 1
10 63 4
11 0 15
11 1 15
11 2 15
11 3 15
11 4 15
11 5 15
11 6 15
11 7 15
11 8 15
11 9 4
11 10 1
11 11 4
11 12 8
11 13 8
11 14 8
11 15 8
11 16 8
11 17 1
11 18 4
11 20 1
11 21 4
11 24 1
11 25 4
11 31 1
11 32 4
11 44 2
11 45 2
11 46 2
11 47 2
11 48 2
11 49 3
11 50 4
11 51 1
11 52 5
11 53 4
12 0 15
12 1 15
12 2 15
12 3 15
12 4 15
12 5 15
12 6 15
12 7 15
12 8 15
12 9 4
12 12 2
12 13 2
12 14 2
12 15 2
12 16 2
12 21 8
12 22 8
12 23 8
12 24 9
12 25 12
12 30 8
12 31 9
12 32 4
12 42 1
12 43 4
12 49 1
12 50 4
12 51 1
12 52 4
12 60 1
12 61 4
12 63 8
13 0 15
13 1 15
13 2 15
13 3 15
13 4 15
13 5 15
13 6 15
13 7 15
13 8 15
13 9 4
13 21 2
13 22 2
13 23 2
13 24 2
13 25 2
13 30 2
13 31 2
13 49 1
13 50 4
13 51 1
13 52 5
13 53 4
13 60 1
13 61 4
13 62 1
13 63 15
14 0 15
14 1 15
14 2 15
14 3 15
14 4 15
14 5 15
14 6 15
14 7 15
14 8 6
14 42 1
14 43 4
14 49 1
14 50 4
14 51 1
14 52 5
14 53 4
14 60 1
14 61 4
14 63 3
15 0 15
15 1 15
15 2 15
15 3 15
15 4 15
15 5 15
15 6 15
15 7 6
15 21 8
15 22 8
15 23 8
15 24 8
15 25 8
15 26 8
15 27 8
15 49 1
15 50 4
15 51 1
15 52 5
15 53 12
15 55 8
15 58 8
15 59 8
15 60 9
15 61 4
15 63 9
16 0 15
16 1 15
16 2 15
16 3 15
16 4 15
16 5 6
16 6 2
16 20 1
16 21 6
16 22 2
16 23 2
16 24 2
16 25 2
16 26 2
16 27 3
16 28 12
16 49 1
16 50 4
16 51 1
16 52 4
16 53 2
16 55 2
16 58 2
16 59 2
16 60 2
16 62 1
16 63 15
17 0 15
17 1 15
17 2 15
17 3 15
17 4 6
17 20 1
17 21 12
17 22 8
17 27 1
17 28 15
17 29 12
17 30 8
17 31 8
17 32 8
17 44 8
17 45 8
17 46 8
17 47 8
17 48 8
17 49 9
17 50 4
17 51 1
17 52 4
17 63 2
18 0 15
18 1 15
18 2 15
18 3 6
18 21 3
18 22 15
18 23 4
18 28 2
18 29 2
18 30 2
18 31 2
18 32 3
18 33 4
18 44 2
18 45 2
18 46 2
18 47 2
18 48 2
18 49 2
18 51 1
18 52 4
18 62 1
18 63 4
19 0 15
19 1 15
19 2 15
19 3 4
19 22 11
19 23 4
19 32 1
19 33 4
19 51 1
19 52 4
19 62 1
19 63 12
20 0 15
20 1 15
20 2 6
20 21 9
20 22 15
20 23 12
20 32 1
20 33 4
20 40 8
20 41 8
20 42 8
20 43 8
20 51 1
20 52 4
20 62 1
20 63 15
21 0 15
21 1 15
21 2 4
21 20 1
21 21 6
21 22 10
21 23 2
21 36 1
21 37 4
21 40 2
21 41 2
21 42 2
21 43 3
21 44 4
21 46 8
21 47 8
21 48 8
21 49 8
21 51 9
21 52 4
21 63 3
22 0 15
22 1 15
22 2 12
22 20 1
22 21 4
22 22 3
22 23 4
22 36 1
22 37 4
22 43 1
22 44 4
22 45 1
22 46 6
22 47 2
22 48 2
22 49 3
22 50 5
22 51 15
22 52 4
22 63 1
23 0 15
23 1 15
23 2 15
23 3 4
23 20 1
23 21 12
23 22 9
23 23 13
23 24 4
23 27 1
23 28 12
23 29 8
23 30 8
23 31 8
23 32 9
23 33 4
23 36 1
23 37 4
23 43 1
23 44 4
23 45 1
23 46 4
23 49 1
23 50 5
23 51 6
23 63 1
24 0 15
24 1 15
24 2 15
24 3 12
24 21 2
24 22 3
24 23 15
24 24 4
24 27 1
24 28 15
24 29 6
24 30 2
24 31 2
24 32 2
24 36 1
24 37 4
24 43 1
24 44 4
24 45 1
24 46 4
24 49 1
24 50 5
24 51 4
24 63 1
25 0 15
25 1 15
25 2 15
25 3 15
25 4 12
25 23 3
25 24 4
25 27 1
25 28 6
25 43 1
25 44 4
25 45 1
25 46 4
25 49 1
25 50 5
25 51 12
25 63 9
26 0 15
26 1 15
26 2 15
26 3 15
26 4 15
26 5 4
26 24 8
26 25 8
26 26 8
26 27 9
26 28 4
26 36 1
26 37 4
26 43 1
26 44 4
26 45 1
26 46 4
26 49 1
26 50 5
26 51 15
26 52 4
26 62 1
26 63 15
27 0 15
27 1 15
27 2 15
27 3 15
27 4 15
27 5 12
27 24 2
27 25 2
27 26 2
27 27 2
27 36 1
27 37 4
27 43 1
27 44 4
27 45 1
27 46 4
27 48 8
27 49 8
27 51 3
27 52 4
27 62 1
27 63 6
28 0 15
28 1 15
28 2 15
28 3 15
28 4 15
28 5 15
28 6 4
28 36 1
28 37 4
28 39 8
28 43 1
28 44 4
28 48 2
28 49 2
28 51 1
28 52 12
28 55 8
28 58 8
28 59 8
28 62 9
28 63 4
29 0 15
29 1 15
29 2 15
29 3 15
29 4 15
29 5 15
29 6 12
29 39 2
29 51 1
29 52 15
29 53 12
29 54 9
29 55 15
29 56 4
29 58 3
29 59 15
29 60 12
29 61 9
29 62 15
29 63 4
30 0 15
30 1 15
30 2 15
30 3 15
30 4 15
30 5 15
30 6 15
30 7 12
30 23 8
30 24 8
30 25 8
30 28 8
30 31 8
30 52 2
30 53 2
30 54 2
30 55 2
30 59 2
30 60 2
30 61 2
30 62 2
31 0 15
31 1 15
31 2 15
31 3 15
31 4 15
31 5 15
31 6 15
31 7 15
31 8 12
31 22 9
31 23 6
31 24 2
31 25 3
31 26 12
31 28 2
31 30 1
31 31 15
31 32 4
32 0 15
32 1 15
32 2 15
32 3 15
32 4 15
32 5 15
32 6 15
32 7 15
32 8 15
32 9 4
32 21 1
32 22 15
32 23 4
32 25 1
32 26 15
32 27 12
32 28 8
32 29 8
32 31 2
33 0 15
33 1 15
33 2 15
33 3 15
33 4 15
33 5 15
33 6 15
33 7 15
33 8 15
33 9 12
33 21 1
33 22 6
33 26 2
33 27 2
33 28 2
33 29 3
33 30 4
34 0 15
34 1 15
34 2 15
34 3 15
34 4 15
34 5 15
34 6 15
34 7 15
34 8 15
34 9 15
34 10 4
34 21 1
34 22 4
34 29 1
34 30 12
35 0 15
35 1 15
35 2 15
35 3 15
35 4 15
35 5 15
35 6 15
35 7 15
35 8 15
35 9 15
35 10 12
35 21 1
35 22 4
35 29 1
35 30 15
35 31 12
35 32 8
36 0 15
36 1 15
36 2 15
36 3 15
36 4 15
36 5 15
36 6 15
36 7 15
36 8 15
36 9 15
36 10 15
36 11 4
36 21 1
36 22 4
36 30 2
36 31 2
36 32 11
36 33 4
37 0 15
37 1 15
37 2 15
37 3 15
37 4 15
37 5 15
37 6 15
37 7 15
37 8 15
37 9 15
37 10 15
37 11 12
37 21 1
37 22 4
37 32 2
38 0 15
38 1 15
38 2 15
38 3 15
38 4 15
38 5 15
38 6 15
38 7 15
38 8 15
38 9 15
38 10 15
38 11 15
38 12 4
38 21 1
38 22 4
38 32 8
39 0 15
39 1 15
39 2 15
39 3 15
39 4 15
39 5 15
39 6 15
39 7 15
39 8 15
39 9 15
39 10 15
39 11 15
39 12 4
39 21 1
39 22 4
39 30 8
39 31 8
39 32 11
39 33 4
40 0 15
40 1 15
40 2 15
40 3 15
40 4 15
40 5 15
40 6 15
40 7 15
40 8 15
40 9 15
40 10 15
40 11 15
40 12 4
40 21 1
40 22 4
40 29 1
40 30 15
40 31 6
40 32 2
41 0 15
41 1 15
41 2 15
41 3 15
41 4 15
41 5 15
41 6 15
41 7 15
41 8 15
41 9 15
41 10 15
41 11 15
41 12 4
41 21 1
41 22 4
41 29 1
41 30 6
41 35 1
41 36 4
42 0 15
42 1 15
42 2 15
42 3 15
42 4 15
42 5 15
42 6 15
42 7 15
42 8 15
42 9 15
42 10 15
42 11 15
42 12 4
42 21 1
42 22 12
42 23 8
42 25 9
42 26 12
42 27 8
42 28 8
42 29 9
42 30 4
42 32 1
42 33 4
42 47 8
42 48 8
42 49 8
42 50 8
42 51 8
42 52 8
42 53 8
42 54 8
42 55 8
43 0 15
43 1 15
43 2 15
43 3 15
43 4 15
43 5 15
43 6 15
43 7 15
43 8 15
43 9 15
43 10 15
43 11 15
43 12 4
43 22 2
43 23 2
43 25 2
43 26 2
43 27 2
43 28 2
43 29 2
43 46 1
43 47 15
43 48 15
43 49 15
43 50 15
43 51 15
43 52 15
43 53 15
43 54 15
43 55 15
43 56 4
44 0 15
44 1 15
44 2 15
44 3 15
44 4 15
44 5 15
44 6 15
44 7 15
44 8 15
44 9 15
44 10 15
44 11 15
44 12 4
44 44 8
44 45 8
44 46 9
44 47 15
44 48 6
44 49 2
44 50 2
44 51 2
44 52 3
44 53 6
44 54 3
44 55 15
44 56 4
45 0 15
45 1 15
45 2 15
45 3 15
45 4 15
45 5 15
45 6 15
45 7 15
45 8 15
45 9 15
45 10 15
45 11 6
45 43 1
45 44 15
45 45 15
45 46 15
45 47 15
45 48 4
45 52 1
45 53 4
45 54 1
45 55 15
45 56 4
46 0 3
46 1 15
46 2 15
46 3 15
46 4 7
46 5 15
46 6 15
46 7 15
46 8 15
46 9 15
46 10 6
46 16 8
46 18 8
46 19 8
46 26 8
46 27 8
46 43 1
46 44 15
46 45 15
46 46 15
46 47 15
46 48 4
46 54 1
46 55 15
46 56 4
47 1 2
47 2 2
47 3 2
47 5 2
47 6 2
47 7 2
47 8 2
47 9 2
47 16 2
47 18 2
47 19 2
47 20 1
47 21 4
47 24 8
47 26 2
47 27 2
47 43 1
47 44 15
47 45 15
47 46 15
47 47 15
47 48 4
47 52 1
47 53 12
47 54 9
47 55 15
47 56 4
48 13 1
48 14 4
48 23 1
48 24 15
48 25 4
48 43 1
48 44 15
48 45 15
48 46 15
48 47 14
48 52 1
48 53 6
48 54 3
48 55 15
48 56 4
49 13 1
49 14 4
49 24 2
49 44 11
49 45 15
49 46 15
49 47 15
49 48 4
49 52 1
49 53 4
49 54 1
49 55 15
49 56 4
50 13 1
50 14 4
50 43 1
50 44 15
50 45 15
50 46 15
50 47 15
50 48 4
50 54 1
50 55 14
51 13 1
51 14 12
51 15 8
51 16 8
51 18 8
51 44 2
51 45 2
51 46 3
51 47 15
51 48 12
51 49 8
51 50 8
51 51 8
51 52 9
51 53 12
51 54 9
51 55 15
51 56 4
52 0 8
52 1 8
52 2 8
52 3 8
52 14 2
52 15 2
52 16 2
52 18 2
52 47 3
52 48 15
52 49 15
52 50 15
52 51 15
52 52 15
52 53 15
52 54 15
52 55 15
52 56 4
53 0 2
53 1 2
53 2 2
53 3 2
53 48 2
53 49 2
53 50 2
53 51 2
53 52 2
53 53 2
53 54 2
53 55 2
56 36 1
56 37 4
57 25 8
57 26 8
57 27 8
57 28 8
58 24 9
58 25 15
58 26 6
58 27 3
58 28 15
58 29 12
59 23 9
59 24 15
59 25 6
59 28 3
59 29 15
59 30 4
60 4 8
60 5 8
60 6 8
60 7 8
60 8 8
60 9 8
60 10 8
60 11 8
60 12 8
60 13 8
60 14 8
60 15 8
60 16 8
60 17 8
60 18 8
60 19 8
60 20 8
60 21 8
60 22 9
60 23 15
60 24 6
60 29 3
60 30 4
61 3 9
61 4 15
61 5 6
61 6 3
61 7 6
61 8 2
61 9 2
61 10 2
61 11 2
61 12 2
61 13 2
61 14 2
61 15 3
61 16 6
61 17 2
61 18 2
61 19 2
61 20 2
61 21 2
61 22 2
61 23 3
61 24 4
61 29 9
61 30 4
61 36 1
61 37 4
62 2 9
62 3 15
62 4 6
62 6 1
62 7 4
62 28 9
62 29 15
62 30 4
62 36 1
62 37 4
63 1 1
63 2 15
63 3 6
63 6 1
63 7 4
63 15 1
63 16 4
63 23 1
63 24 4
63 27 1
63 28 15
63 29 6
63 36 1
63 37 4
