15
0 0 0
0 1 0
0 2 0
0 3 0
0 4 0
0 5 9
1 0 0
1 1 0
1 2 0
1 3 0
1 4 9
2 0 0
2 1 0
2 2 8
2 3 9
3 0 0
3 1 9
4 0 1
5 0 9
49 32 6
49 33 2
49 34 3
50 31 6
50 32 0
50 33 0
50 34 0
50 35 2
50 36 2
50 37 2
50 38 3
50 43 6
50 44 2
50 45 2
50 46 2
50 47 2
50 48 2
50 49 3
51 8 6
51 9 3
51 31 4
51 32 0
51 33 0
51 34 0
51 35 0
51 36 0
51 37 0
51 38 0
51 39 3
51 42 6
51 43 0
51 44 0
51 45 0
51 46 0
51 47 0
51 48 0
51 49 0
51 50 3
52 8 4
52 9 0
52 10 2
52 11 2
52 12 2
52 13 2
52 14 2
52 15 2
52 16 2
52 17 3
52 31 4
52 32 0
52 33 0
52 34 0
52 35 0
52 36 0
52 37 0
52 38 0
52 39 0
52 40 2
52 41 2
52 42 0
52 43 0
52 44 0
52 45 0
52 46 0
52 47 0
52 48 0
52 49 0
52 50 0
52 51 2
52 52 2
52 53 2
52 54 2
52 55 2
52 56 3
53 5 6
53 6 3
53 8 4
53 9 0
53 10 0
53 11 0
53 12 0
53 13 0
53 14 0
53 15 0
53 16 0
53 17 0
53 18 3
53 31 4
53 32 0
53 33 0
53 34 0
53 35 0
53 36 0
53 37 0
53 38 0
53 39 0
53 40 0
53 41 0
53 42 0
53 43 0
53 44 0
53 45 0
53 46 0
53 47 0
53 48 0
53 49 0
53 50 0
53 51 0
53 52 0
53 53 0
53 54 0
53 55 0
53 56 0
53 57 2
53 58 3
54 5 12
54 6 0
54 7 2
54 8 0
54 9 0
54 10 0
54 11 0
54 12 0
54 13 0
54 14 0
54 15 0
54 16 0
54 17 0
54 18 0
54 19 2
54 20 2
54 21 2
54 22 3
54 30 6
54 31 0
54 32 0
54 33 0
54 34 0
54 35 0
54 36 0
54 37 0
54 38 0
54 39 0
54 40 0
54 41 0
54 42 0
54 43 0
54 44 0
54 45 8
54 46 8
54 47 8
54 48 8
54 49 8
54 50 8
54 51 8
54 52 0
54 53 0
54 54 0
54 55 0
54 56 0
54 57 0
54 58 0
54 59 3
55 1 6
55 2 3
55 6 4
55 7 0
55 8 0
55 9 0
55 10 0
55 11 0
55 12 0
55 13 0
55 14 0
55 15 0
55 16 0
55 17 0
55 18 0
55 19 0
55 20 0
55 21 0
55 22 0
55 23 2
55 24 3
55 30 4
55 31 0
55 32 0
55 33 0
55 34 0
55 35 0
55 36 0
55 37 0
55 38 0
55 39 0
55 40 0
55 41 0
55 42 0
55 43 0
55 44 1
55 46 6
55 47 2
55 48 2
55 49 2
55 50 3
55 52 4
55 53 0
55 54 0
55 55 0
55 56 0
55 57 0
55 58 0
55 59 1
56 1 12
56 2 9
56 4 6
56 5 2
56 6 0
56 7 0
56 8 0
56 9 0
56 10 0
56 11 0
56 12 0
56 13 0
56 14 0
56 15 0
56 16 0
56 17 0
56 18 0
56 19 0
56 20 0
56 21 0
56 22 0
56 23 0
56 24 0
56 25 3
56 30 4
56 31 0
56 32 0
56 33 0
56 34 0
56 35 0
56 36 0
56 37 0
56 38 0
56 39 0
56 40 0
56 41 0
56 42 0
56 43 0
56 44 1
56 45 6
56 46 0
56 47 0
56 48 0
56 49 0
56 50 0
56 51 3
56 52 4
56 53 8
56 54 0
56 55 8
56 56 0
56 57 0
56 58 0
56 59 1
57 4 4
57 5 0
57 6 0
57 7 0
57 8 0
57 9 0
57 10 0
57 11 0
57 12 0
57 13 0
57 14 0
57 15 0
57 16 0
57 17 0
57 18 0
57 19 0
57 20 0
57 21 0
57 22 0
57 23 0
57 24 0
57 25 0
57 26 2
57 27 3
57 29 6
57 30 0
57 31 0
57 32 0
57 33 0
57 34 0
57 35 0
57 36 0
57 37 0
57 38 0
57 39 0
57 40 0
57 41 0
57 42 0
57 43 0
57 44 1
57 45 4
57 46 0
57 47 0
57 48 0
57 49 0
57 50 0
57 51 1
57 52 5
57 53 6
57 54 0
57 55 2
57 56 1
57 57 4
57 58 0
57 59 9
58 3 6
58 4 0
58 5 0
58 6 0
58 7 0
58 8 0
58 9 0
58 10 0
58 11 0
58 12 0
58 13 0
58 14 0
58 15 0
58 16 0
58 17 0
58 18 0
58 19 0
58 20 0
58 21 0
58 22 0
58 23 0
58 24 0
58 25 0
58 26 0
58 27 0
58 28 2
58 29 0
58 30 0
58 31 0
58 32 0
58 33 0
58 34 0
58 35 0
58 36 0
58 37 0
58 38 0
58 39 0
58 40 0
58 41 0
58 42 0
58 43 0
58 44 1
58 45 4
58 46 0
58 47 0
58 48 0
58 49 0
58 50 0
58 51 1
58 52 5
58 53 4
58 54 0
58 55 0
58 56 1
58 57 4
58 58 1
59 3 4
59 4 0
59 5 0
59 6 0
59 7 0
59 8 0
59 9 0
59 10 0
59 11 0
59 12 0
59 13 0
59 14 0
59 15 0
59 16 0
59 17 0
59 18 0
59 19 0
59 20 0
59 21 0
59 22 0
59 23 0
59 24 0
59 25 0
59 26 0
59 27 0
59 28 0
59 29 0
59 30 0
59 31 0
59 32 0
59 33 0
59 34 0
59 35 0
59 36 0
59 37 0
59 38 0
59 39 0
59 40 0
59 41 0
59 42 0
59 43 0
59 44 1
59 45 4
59 46 0
59 47 0
59 48 0
59 49 0
59 50 0
59 51 1
59 52 5
59 53 4
59 54 0
59 55 0
59 56 1
59 57 4
59 58 0
59 59 3
60 2 6
60 3 0
60 4 0
60 5 0
60 6 0
60 7 0
60 8 0
60 9 0
60 10 0
60 11 0
60 12 0
60 13 0
60 14 0
60 15 0
60 16 0
60 17 0
60 18 0
60 19 0
60 20 0
60 21 0
60 22 0
60 23 0
60 24 0
60 25 0
60 26 0
60 27 0
60 28 0
60 29 0
60 30 0
60 31 0
60 32 0
60 33 0
60 34 0
60 35 0
60 36 0
60 37 0
60 38 0
60 39 0
60 40 0
60 41 0
60 42 0
60 43 0
60 44 1
60 45 12
60 46 0
60 47 0
60 48 0
60 49 0
60 50 0
60 51 9
60 52 4
60 53 0
60 54 8
60 55 0
60 56 8
60 57 0
60 58 0
60 59 0
60 60 3
61 2 4
61 3 0
61 4 0
61 5 0
61 6 0
61 7 0
61 8 0
61 9 0
61 10 0
61 11 0
61 12 0
61 13 0
61 14 0
61 15 0
61 16 0
61 17 0
61 18 0
61 19 0
61 20 0
61 21 0
61 22 0
61 23 0
61 24 0
61 25 0
61 26 0
61 27 0
61 28 0
61 29 0
61 30 0
61 31 0
61 32 0
61 33 0
61 34 0
61 35 0
61 36 0
61 37 0
61 38 0
61 39 0
61 40 0
61 41 0
61 42 0
61 43 0
61 44 1
61 46 4
61 47 0
61 48 0
61 49 8
61 50 9
61 52 4
61 53 0
61 54 2
61 55 0
61 56 2
61 57 0
61 58 0
61 59 0
61 60 1
62 2 4
62 3 0
62 4 0
62 5 0
62 6 0
62 7 0
62 8 0
62 9 0
62 10 0
62 11 0
62 12 0
62 13 0
62 14 0
62 15 0
62 16 0
62 17 8
62 18 0
62 19 0
62 20 0
62 21 0
62 22 0
62 23 0
62 24 0
62 25 0
62 26 0
62 27 0
62 28 0
62 29 0
62 30 0
62 31 0
62 32 0
62 33 0
62 34 0
62 35 0
62 36 0
62 37 0
62 38 0
62 39 0
62 40 0
62 41 0
62 42 0
62 43 0
62 44 0
62 45 2
62 46 0
62 47 0
62 48 0
62 49 2
62 50 2
62 51 2
62 52 0
62 53 0
62 54 0
62 55 0
62 56 0
62 57 0
62 58 0
62 59 0
62 60 0
62 61 3
63 2 4
63 3 0
63 4 0
63 5 0
63 6 0
63 7 0
63 8 0
63 9 0
63 10 0
63 11 0
63 12 0
63 13 0
63 14 0
63 15 0
63 16 1
63 18 5
63 19 4
63 20 0
63 21 0
63 22 0
63 23 0
63 24 0
63 25 0
63 26 0
63 27 0
63 28 0
63 29 0
63 30 0
63 31 0
63 32 0
63 33 0
63 34 0
63 35 8
63 36 8
63 37 8
63 38 8
63 39 0
63 40 0
63 41 0
63 42 0
63 43 0
63 44 0
63 45 0
63 46 0
63 47 0
63 48 0
63 49 0
63 50 0
63 51 0
63 52 0
63 53 0
63 54 0
63 55 0
63 56 0
63 57 0
63 58 0
63 59 0
63 60 0
63 61 0
63 62 3
