15
9 38 6
9 39 10
9 40 10
9 41 3
9 48 6
9 49 2
9 50 10
9 51 10
9 52 10
9 53 2
9 54 2
9 55 3
10 37 6
10 38 9
10 41 4
10 42 2
10 43 2
10 44 2
10 45 2
10 46 2
10 47 2
10 48 0
10 49 0
10 50 2
10 51 2
10 52 2
10 53 0
10 54 0
10 55 1
11 36 6
11 37 1
11 39 6
11 40 2
11 41 0
11 42 0
11 43 0
11 44 8
11 45 8
11 46 8
11 47 0
11 48 0
11 49 0
11 50 0
11 51 0
11 52 0
11 53 0
11 54 1
11 55 5
12 35 6
12 36 0
12 37 0
12 38 2
12 39 0
12 40 0
12 41 1
12 42 4
12 43 1
12 47 4
12 48 1
12 49 4
12 50 0
12 51 0
12 52 0
12 53 0
12 54 1
12 55 5
13 35 4
13 36 0
13 37 0
13 38 0
13 39 0
13 40 0
13 41 1
13 42 4
13 43 1
13 47 4
13 48 1
13 49 4
13 50 0
13 51 0
13 52 0
13 53 0
13 54 1
13 55 5
14 35 5
14 36 12
14 37 0
14 38 0
14 39 0
14 40 0
14 41 9
14 42 4
14 43 1
14 47 4
14 48 0
14 49 0
14 50 0
14 51 0
14 52 0
14 53 0
14 54 1
14 55 5
15 35 5
15 37 4
15 38 0
15 39 0
15 40 9
15 42 4
15 43 1
15 47 12
15 48 0
15 49 0
15 50 0
15 51 0
15 52 0
15 53 8
15 54 0
15 55 1
16 35 4
16 36 2
16 37 0
16 38 0
16 39 0
16 40 2
16 41 2
16 42 0
16 43 1
16 48 4
16 49 0
16 50 0
16 51 0
16 52 0
16 53 2
16 54 0
16 55 9
17 35 5
17 36 4
17 37 0
17 38 0
17 39 0
17 40 0
17 41 0
17 42 0
17 43 1
17 48 4
17 49 0
17 50 0
17 51 0
17 52 0
17 53 0
17 54 1
18 35 5
18 36 4
18 37 0
18 38 8
18 39 8
18 40 8
18 41 8
18 42 0
18 43 1
18 48 4
18 49 0
18 50 8
18 51 8
18 52 8
18 53 0
18 54 1
19 35 5
19 36 4
19 37 1
19 42 4
19 43 1
19 48 4
19 49 1
19 53 4
19 54 1
20 35 5
20 36 4
20 37 1
20 42 4
20 43 1
20 48 4
20 49 1
20 53 4
20 54 1
21 35 5
21 36 4
21 37 1
21 42 4
21 43 1
21 48 4
21 49 1
21 53 4
21 54 1
22 35 5
22 36 4
22 37 1
22 42 4
22 43 1
22 48 4
22 49 1
22 53 4
22 54 1
23 35 13
23 36 4
23 37 1
23 42 4
23 43 1
23 48 4
23 49 1
23 53 4
23 54 1
24 36 4
24 37 1
24 42 4
24 43 0
24 44 2
24 45 2
24 46 2
24 47 2
24 48 0
24 49 1
24 53 4
24 54 1
25 36 4
25 37 1
25 42 4
25 43 0
25 44 8
25 45 8
25 46 8
25 47 8
25 48 0
25 49 1
25 53 4
25 54 1
26 36 4
26 37 1
26 42 4
26 43 1
26 48 4
26 49 1
26 53 4
26 54 1
27 36 4
27 37 1
27 42 4
27 43 1
27 48 4
27 49 1
27 53 4
27 54 1
28 36 4
28 37 1
28 42 4
28 43 9
28 48 4
28 49 1
28 53 4
28 54 1
29 36 4
29 37 0
29 38 2
29 39 2
29 40 2
29 41 2
29 42 1
29 48 4
29 49 0
29 50 2
29 51 2
29 52 2
29 53 0
29 54 1
30 36 12
30 37 0
30 38 0
30 39 0
30 40 0
30 41 0
30 42 1
30 48 4
30 49 0
30 50 0
30 51 0
30 52 0
30 53 0
30 54 1
31 37 12
31 38 0
31 39 0
31 40 0
31 41 0
31 42 1
31 48 4
31 49 0
31 50 0
31 51 0
31 52 0
31 53 0
31 54 9
32 38 12
32 39 0
32 40 0
32 41 0
32 42 1
32 48 4
32 49 0
32 50 0
32 51 0
32 52 0
32 53 1
33 39 4
33 40 0
33 41 0
33 42 1
33 48 4
33 49 0
33 50 0
33 51 0
33 52 0
33 53 1
34 39 12
34 40 0
34 41 0
34 42 9
34 48 12
34 49 0
34 50 0
34 51 0
34 52 0
34 53 1
35 40 12
35 41 9
35 49 12
35 50 8
35 51 8
35 52 0
35 53 1
36 7 6
36 8 3
36 52 4
36 53 1
37 5 6
37 6 2
37 7 0
37 8 0
37 9 2
37 10 3
37 52 4
37 53 1
38 3 6
38 4 2
38 5 0
38 6 0
38 7 0
38 8 0
38 9 0
38 10 1
38 52 4
38 53 1
39 2 6
39 3 0
39 4 0
39 5 0
39 6 0
39 7 0
39 8 0
39 9 0
39 10 9
39 52 4
39 53 1
40 2 4
40 3 0
40 4 0
40 5 0
40 6 0
40 7 0
40 8 0
40 9 1
40 46 6
40 47 2
40 48 2
40 49 2
40 50 2
40 51 2
40 52 0
40 53 1
41 1 14
41 2 0
41 3 0
41 4 0
41 5 0
41 6 0
41 7 0
41 8 0
41 9 9
41 11 6
41 12 2
41 13 3
41 45 6
41 46 0
41 47 0
41 48 0
41 49 0
41 50 0
41 51 0
41 52 0
41 53 9
42 2 4
42 3 0
42 4 0
42 5 0
42 6 0
42 7 0
42 8 9
42 11 4
42 12 0
42 13 1
42 45 12
42 46 8
42 47 8
42 48 8
42 49 8
42 50 8
42 51 8
42 52 9
43 2 12
43 3 0
43 4 0
43 5 0
43 6 0
43 7 1
43 10 6
43 11 0
43 12 0
43 13 0
43 14 3
44 3 12
44 4 0
44 5 0
44 6 0
44 7 1
44 10 12
44 11 0
44 12 0
44 13 0
44 14 1
45 4 12
45 5 0
45 6 0
45 7 1
45 11 12
45 12 0
45 13 8
45 14 9
46 5 4
46 6 0
46 7 0
46 8 3
46 12 13
47 5 4
47 6 0
47 7 0
47 8 0
47 9 3
48 5 4
48 6 0
48 7 0
48 8 0
48 9 1
49 5 12
49 6 8
49 7 0
49 8 0
49 9 9
50 7 12
50 8 9
61 59 7
62 38 6
62 39 2
62 40 2
62 41 3
62 54 6
62 55 2
62 56 2
62 57 2
62 58 2
62 59 0
62 60 2
62 61 2
62 62 3
63 35 6
63 36 2
63 37 2
63 38 0
63 39 0
63 40 0
63 41 0
63 42 3
63 52 6
63 53 2
63 54 0
63 55 0
63 56 0
63 57 0
63 58 0
63 59 0
63 60 0
63 61 0
63 62 0
63 63 2
