0
0 0 1
0 1 15
0 2 15
0 3 15
0 4 15
0 5 15
0 6 15
0 7 15
0 8 15
0 9 15
0 10 15
0 11 15
0 12 15
0 13 15
0 14 15
0 15 15
0 16 15
0 17 15
0 18 15
0 19 15
0 20 15
0 21 15
0 22 15
0 23 15
0 24 12
0 30 1
0 31 15
0 32 15
0 33 15
0 34 15
0 35 4
0 36 1
0 37 15
0 38 15
0 39 4
0 42 1
0 43 15
0 44 15
0 45 15
0 46 15
0 47 15
0 48 15
0 49 15
0 50 15
0 51 15
0 52 15
0 53 15
0 54 15
0 55 15
0 56 15
0 57 15
0 58 15
0 59 15
0 60 15
0 61 15
0 62 15
0 63 15
1 1 3
1 2 15
1 3 15
1 4 15
1 5 15
1 6 15
1 7 15
1 8 15
1 9 15
1 10 15
1 11 15
1 12 15
1 13 15
1 14 15
1 15 15
1 16 15
1 17 15
1 18 15
1 19 15
1 20 15
1 21 15
1 22 15
1 23 15
1 24 15
1 25 12
1 31 3
1 32 15
1 33 15
1 34 6
1 36 1
1 37 15
1 38 15
1 39 4
1 42 1
1 43 15
1 44 15
1 45 15
1 46 15
1 47 6
1 48 3
1 49 15
1 50 15
1 51 6
1 52 2
1 53 2
1 54 2
1 55 2
1 56 2
1 57 2
1 58 3
1 59 15
1 60 15
1 61 15
1 62 15
1 63 15
2 2 3
2 3 15
2 4 15
2 5 15
2 6 15
2 7 15
2 8 15
2 9 15
2 10 15
2 11 15
2 12 15
2 13 15
2 14 15
2 15 15
2 16 15
2 17 15
2 18 15
2 19 6
2 20 2
2 21 2
2 22 3
2 23 15
2 24 15
2 25 15
2 26 12
2 27 8
2 28 8
2 32 3
2 33 15
2 34 12
2 36 1
2 37 15
2 38 15
2 39 4
2 42 1
2 43 15
2 44 15
2 45 6
2 46 2
2 48 1
2 49 15
2 50 15
2 51 4
2 56 8
2 57 8
2 58 9
2 59 15
2 60 15
2 61 15
2 62 15
2 63 15
3 2 1
3 3 15
3 4 15
3 5 15
3 6 15
3 7 15
3 8 6
3 9 2
3 10 2
3 11 3
3 12 15
3 13 15
3 14 15
3 15 15
3 16 15
3 17 15
3 18 6
3 23 3
3 24 15
3 25 15
3 26 15
3 27 15
3 28 15
3 29 12
3 30 8
3 33 3
3 34 15
3 35 4
3 37 3
3 38 15
3 39 12
3 42 1
3 43 15
3 44 15
3 45 4
3 48 1
3 49 15
3 50 6
3 55 9
3 56 15
3 57 15
3 58 15
3 59 15
3 60 15
3 61 15
3 62 6
3 63 2
4 3 2
4 4 3
4 5 15
4 6 15
4 7 6
4 12 3
4 13 15
4 14 15
4 15 15
4 16 15
4 17 15
4 18 4
4 23 1
4 24 15
4 25 15
4 26 15
4 27 15
4 28 15
4 29 15
4 30 15
4 31 4
4 32 8
4 33 9
4 34 15
4 35 4
4 38 3
4 39 15
4 40 4
4 42 1
4 43 15
4 44 15
4 45 4
4 48 1
4 49 15
4 50 4
4 51 8
4 52 8
4 53 8
4 54 9
4 55 15
4 56 15
4 57 15
4 58 15
4 59 15
4 60 15
4 61 6
5 5 2
5 6 2
5 13 3
5 14 15
5 15 15
5 16 15
5 17 6
5 24 3
5 25 15
5 26 15
5 27 15
5 28 15
5 29 6
5 30 2
5 31 1
5 32 15
5 33 15
5 34 15
5 35 4
5 38 1
5 39 15
5 40 4
5 42 1
5 43 15
5 44 15
5 45 4
5 47 8
5 48 9
5 49 15
5 50 13
5 51 15
5 52 15
5 53 15
5 54 15
5 55 15
5 56 15
5 57 15
5 58 15
5 59 15
5 60 6
6 14 3
6 15 15
6 16 6
6 25 3
6 26 15
6 27 15
6 28 6
6 32 3
6 33 15
6 34 15
6 35 12
6 39 2
6 42 1
6 43 15
6 44 6
6 46 9
6 47 15
6 48 15
6 49 15
6 50 15
6 51 15
6 52 15
6 53 6
6 54 2
6 55 2
6 56 2
6 57 2
6 58 2
6 59 2
7 15 2
7 26 2
7 27 2
7 33 3
7 34 15
7 35 15
7 36 4
7 43 2
7 44 8
7 45 9
7 46 15
7 47 15
7 48 15
7 49 15
7 50 15
7 51 15
7 52 6
8 34 3
8 35 15
8 36 12
8 39 8
8 43 1
8 44 15
8 45 15
8 46 15
8 47 15
8 48 15
8 49 15
8 50 15
8 51 6
9 35 3
9 36 15
9 37 12
9 38 9
9 39 15
9 40 4
9 43 9
9 44 15
9 45 15
9 46 15
9 47 6
9 48 2
9 49 2
9 50 2
10 36 3
10 37 15
10 38 15
10 39 15
10 40 12
10 41 8
10 42 9
10 43 15
10 44 15
10 45 15
10 46 6
11 37 3
11 38 15
11 39 15
11 40 15
11 41 15
11 42 15
11 43 15
11 44 6
11 45 2
12 37 1
12 38 15
12 39 15
12 40 15
12 41 15
12 42 15
12 43 15
12 44 4
13 37 1
13 38 15
13 39 15
13 40 15
13 41 15
13 42 15
13 43 6
14 37 1
14 38 15
14 39 15
14 40 15
14 41 15
14 42 15
14 43 4
15 37 1
15 38 15
15 39 15
15 40 15
15 41 15
15 42 6
16 38 3
16 39 15
16 40 15
16 41 15
16 42 4
17 38 1
17 39 15
17 40 15
17 41 15
17 42 4
18 39 3
18 40 15
18 41 15
18 42 12
19 39 1
19 40 15
19 41 15
19 42 15
19 43 12
20 39 1
20 40 15
20 41 15
20 42 15
20 43 15
20 44 12
21 40 2
21 41 3
21 42 15
21 43 15
21 44 15
21 45 12
22 42 3
22 43 15
22 44 15
22 45 15
22 46 4
23 43 3
23 44 15
23 45 15
23 46 4
24 43 1
24 44 15
24 45 6
25 13 8
25 14 8
25 15 8
25 44 2
26 13 2
26 14 2
26 15 2
29 12 8
30 11 1
30 12 15
30 13 4
30 51 8
30 52 8
31 12 2
31 28 8
31 50 9
31 51 15
31 52 15
31 53 4
32 27 9
32 28 15
32 29 4
32 49 1
32 50 15
32 51 15
32 52 15
32 53 12
32 54 8
33 26 1
33 27 15
33 28 6
33 49 1
33 50 15
33 51 15
33 52 15
33 53 15
33 54 15
33 55 12
34 26 1
34 27 6
34 50 3
34 51 15
34 52 15
34 53 15
34 54 15
34 55 15
34 56 4
35 15 8
35 16 8
35 17 8
35 18 8
35 19 8
35 26 1
35 27 4
35 50 1
35 51 15
35 52 15
35 53 15
35 54 15
35 55 15
35 56 4
36 14 1
36 15 15
36 16 6
36 17 2
36 18 3
36 19 15
36 20 4
36 50 1
36 51 15
36 52 15
36 53 15
36 54 15
36 55 15
36 56 12
37 15 2
37 19 3
37 20 4
37 51 3
37 52 15
37 53 15
37 54 15
37 55 15
37 56 15
37 57 4
38 14 1
38 15 4
38 19 1
38 20 4
38 51 1
38 52 15
38 53 15
38 54 15
38 55 15
38 56 15
38 57 4
39 14 1
39 15 12
39 19 9
39 20 4
39 51 1
39 52 15
39 53 15
39 54 15
39 55 15
39 56 15
39 57 4
40 14 1
40 15 15
40 16 4
40 18 9
40 19 15
40 20 4
40 25 1
40 26 12
40 51 1
40 52 15
40 53 15
40 54 15
40 55 15
40 56 15
40 57 4
41 15 2
41 18 2
41 19 2
41 25 1
41 26 15
41 27 12
41 28 8
41 51 1
41 52 15
41 53 15
41 54 15
41 55 15
41 56 15
41 57 4
42 26 2
42 27 3
42 28 15
42 29 4
42 52 3
42 53 15
42 54 15
42 55 15
42 56 15
42 57 4
43 28 2
43 52 9
43 53 15
43 54 15
43 55 15
43 56 15
43 57 12
44 51 9
44 52 15
44 53 15
44 54 15
44 55 15
44 56 15
44 57 15
44 58 12
45 14 8
45 15 8
45 16 8
45 50 1
45 51 15
45 52 15
45 53 15
45 54 15
45 55 15
45 56 15
45 57 15
45 58 15
45 59 12
46 14 2
46 15 3
46 16 15
46 17 4
46 50 1
46 51 15
46 52 15
46 53 15
46 54 15
46 55 15
46 56 15
46 57 15
46 58 15
46 59 15
46 60 12
47 16 2
47 50 9
47 51 15
47 52 15
47 53 15
47 54 15
47 55 15
47 56 15
47 57 15
47 58 15
47 59 15
47 60 15
47 61 4
48 49 9
48 50 15
48 51 15
48 52 15
48 53 15
48 54 15
48 55 15
48 56 15
48 57 15
48 58 15
48 59 15
48 60 15
48 61 12
49 11 1
49 12 4
49 48 9
49 49 15
49 50 15
49 51 15
49 52 15
49 53 15
49 54 15
49 55 15
49 56 15
49 57 15
49 58 15
49 59 15
49 60 15
49 61 15
49 62 4
50 47 1
50 48 15
50 49 15
50 50 15
50 51 15
50 52 15
50 53 15
50 54 15
50 55 15
50 56 15
50 57 15
50 58 15
50 59 15
50 60 15
50 61 15
50 62 4
51 47 1
51 48 15
51 49 15
51 50 15
51 51 15
51 52 15
51 53 15
51 54 15
51 55 15
51 56 15
51 57 15
51 58 15
51 59 15
51 60 15
51 61 15
51 62 4
52 47 1
52 48 15
52 49 15
52 50 15
52 51 15
52 52 15
52 53 15
52 54 15
52 55 15
52 56 15
52 57 15
52 58 15
52 59 15
52 60 15
52 61 14
53 48 3
53 49 15
53 50 15
53 51 15
53 52 15
53 53 15
53 54 15
53 55 15
53 56 15
53 57 15
53 58 15
53 59 15
53 60 15
53 61 15
53 62 4
54 49 3
54 50 15
54 51 15
54 52 15
54 53 15
54 54 15
54 55 15
54 56 15
54 57 15
54 58 15
54 59 15
54 60 15
54 61 6
55 49 1
55 50 15
55 51 15
55 52 15
55 53 15
55 54 15
55 55 15
55 56 15
55 57 15
55 58 15
55 59 15
55 60 6
56 50 3
56 51 15
56 52 15
56 53 15
56 54 15
56 55 15
56 56 15
56 57 15
56 58 6
56 59 2
57 51 3
57 52 15
57 53 15
57 54 15
57 55 15
57 56 15
57 57 6
58 52 2
58 53 3
58 54 15
58 55 15
58 56 6
59 54 2
59 55 2
