0
0 4 1
0 5 15
0 6 15
0 7 15
0 8 15
0 9 4
0 13 8
0 22 9
0 23 15
0 24 15
0 25 12
0 60 1
0 61 15
0 62 15
0 63 15
1 0 8
1 1 8
1 4 1
1 5 15
1 6 15
1 7 15
1 8 15
1 9 12
1 10 8
1 12 9
1 13 15
1 14 12
1 18 8
1 19 8
1 20 8
1 21 9
1 22 15
1 23 15
1 24 15
1 25 15
1 26 12
1 60 1
1 61 15
1 62 15
1 63 15
2 0 15
2 1 15
2 2 12
2 4 1
2 5 15
2 6 15
2 7 15
2 8 15
2 9 15
2 10 15
2 11 5
2 12 15
2 13 15
2 14 15
2 15 4
2 17 1
2 18 15
2 19 15
2 20 15
2 21 15
2 22 15
2 23 15
2 24 15
2 25 15
2 26 15
2 27 4
2 60 9
2 61 15
2 62 15
2 63 15
3 0 15
3 1 15
3 2 15
3 3 12
3 4 9
3 5 15
3 6 15
3 7 15
3 8 6
3 9 2
3 10 2
3 12 3
3 13 15
3 14 6
3 18 2
3 19 2
3 20 2
3 21 3
3 22 15
3 23 15
3 24 15
3 25 15
3 26 15
3 27 4
3 59 1
3 60 15
3 61 15
3 62 15
3 63 15
4 0 3
4 1 15
4 2 15
4 3 15
4 4 15
4 5 15
4 6 6
4 7 2
4 13 2
4 21 8
4 22 10
4 23 2
4 24 3
4 25 15
4 26 6
4 59 1
4 60 15
4 61 15
4 62 15
4 63 15
5 1 2
5 2 2
5 3 2
5 4 2
5 5 2
5 20 9
5 21 15
5 22 6
5 25 2
5 59 1
5 60 15
5 61 15
5 62 15
5 63 15
6 20 2
6 21 10
6 23 9
6 24 4
6 59 1
6 60 15
6 61 15
6 62 15
6 63 15
7 20 1
7 21 15
7 22 13
7 23 15
7 24 4
7 25 8
7 59 1
7 60 15
7 61 15
7 62 15
7 63 15
8 21 2
8 22 2
8 23 2
8 24 1
8 25 15
8 26 4
8 60 11
8 61 15
8 62 15
8 63 15
9 24 1
9 25 15
9 26 4
9 59 1
9 60 15
9 61 15
9 62 15
9 63 15
10 25 2
10 59 9
10 60 15
10 61 15
10 62 15
10 63 15
11 47 8
11 49 8
11 58 1
11 59 15
11 60 15
11 61 15
11 62 15
11 63 15
12 46 1
12 47 15
12 48 5
12 49 15
12 50 4
12 59 3
12 60 15
12 61 15
12 62 15
12 63 15
13 0 8
13 1 8
13 2 8
13 3 8
13 47 2
13 49 2
13 59 1
13 60 15
13 61 15
13 62 15
13 63 15
14 0 2
14 1 2
14 2 3
14 3 15
14 4 4
14 60 3
14 61 15
14 62 15
14 63 15
15 3 3
15 4 4
15 60 1
15 61 15
15 62 15
15 63 15
16 60 1
16 61 15
16 62 15
16 63 15
17 3 8
17 60 1
17 61 15
17 62 15
17 63 15
18 0 8
18 1 8
18 2 9
18 3 15
18 4 4
18 16 8
18 17 8
18 18 8
18 19 8
18 61 3
18 62 15
18 63 15
19 0 2
19 1 2
19 2 2
19 3 2
19 15 9
19 16 15
19 17 15
19 18 15
19 19 15
19 20 12
19 61 1
19 62 15
19 63 15
20 14 9
20 15 15
20 16 15
20 17 15
20 18 15
20 19 15
20 20 15
20 21 12
20 61 1
20 62 15
20 63 15
21 13 9
21 14 15
21 15 15
21 16 15
21 17 15
21 18 15
21 19 15
21 20 15
21 21 15
21 22 12
21 61 1
21 62 15
21 63 15
22 12 1
22 13 15
22 14 15
22 15 15
22 16 15
22 17 15
22 18 15
22 19 15
22 20 15
22 21 15
22 22 15
22 23 4
22 61 1
22 62 15
22 63 15
23 12 9
23 13 15
23 14 15
23 15 15
23 16 15
23 17 15
23 18 15
23 19 15
23 20 15
23 21 15
23 22 15
23 23 12
23 61 1
23 62 15
23 63 15
24 11 9
24 12 15
24 13 15
24 14 15
24 15 15
24 16 15
24 17 15
24 18 15
24 19 15
24 20 15
24 21 15
24 22 15
24 23 15
24 24 12
24 61 1
24 62 15
24 63 15
25 10 1
25 11 15
25 12 15
25 13 15
25 14 15
25 15 15
25 16 15
25 17 15
25 18 15
25 19 15
25 20 15
25 21 15
25 22 15
25 23 15
25 24 15
25 25 12
25 61 1
25 62 15
25 63 15
26 10 1
26 11 15
26 12 15
26 13 15
26 14 15
26 15 15
26 16 15
26 17 15
26 18 15
26 19 15
26 20 15
26 21 15
26 22 15
26 23 15
26 24 15
26 25 15
26 26 4
26 61 9
26 62 15
26 63 15
27 10 9
27 11 15
27 12 15
27 13 15
27 14 15
27 15 15
27 16 15
27 17 15
27 18 15
27 19 15
27 20 15
27 21 15
27 22 15
27 23 15
27 24 15
27 25 15
27 26 4
27 60 1
27 61 15
27 62 15
27 63 15
28 9 1
28 10 15
28 11 15
28 12 15
28 13 15
28 14 15
28 15 15
28 16 15
28 17 15
28 18 15
28 19 15
28 20 15
28 21 15
28 22 15
28 23 15
28 24 15
28 25 15
28 26 12
28 60 1
28 61 15
28 62 15
28 63 15
29 9 1
29 10 15
29 11 15
29 12 15
29 13 15
29 14 15
29 15 15
29 16 15
29 17 15
29 18 15
29 19 15
29 20 15
29 21 15
29 22 15
29 23 15
29 24 15
29 25 15
29 26 15
29 27 4
29 60 1
29 61 15
29 62 15
29 63 15
30 9 1
30 10 15
30 11 15
30 12 15
30 13 15
30 14 15
30 15 15
30 16 15
30 17 15
30 18 15
30 19 15
30 20 15
30 21 15
30 22 15
30 23 15
30 24 15
30 25 15
30 26 15
30 27 4
30 60 1
30 61 15
30 62 15
30 63 15
31 9 1
31 10 15
31 11 15
31 12 15
31 13 15
31 14 15
31 15 15
31 16 15
31 17 15
31 18 15
31 19 15
31 20 15
31 21 15
31 22 15
31 23 15
31 24 15
31 25 15
31 26 15
31 27 4
31 61 3
31 62 15
31 63 15
32 9 1
32 10 15
32 11 15
32 12 15
32 13 15
32 14 15
32 15 15
32 16 15
32 17 15
32 18 15
32 19 15
32 20 15
32 21 15
32 22 15
32 23 15
32 24 15
32 25 15
32 26 15
32 27 4
32 61 1
32 62 15
32 63 15
33 9 1
33 10 15
33 11 15
33 12 15
33 13 15
33 14 15
33 15 15
33 16 15
33 17 15
33 18 15
33 19 15
33 20 15
33 21 15
33 22 15
33 23 15
33 24 15
33 25 15
33 26 15
33 27 12
33 61 1
33 62 15
33 63 15
34 2 8
34 9 1
34 10 15
34 11 15
34 12 15
34 13 15
34 14 15
34 15 15
34 16 15
34 17 15
34 18 15
34 19 15
34 20 15
34 21 15
34 22 15
34 23 15
34 24 15
34 25 15
34 26 15
34 27 15
34 28 4
34 61 1
34 62 15
34 63 15
35 1 1
35 2 15
35 3 12
35 9 1
35 10 15
35 11 15
35 12 15
35 13 15
35 14 15
35 15 15
35 16 15
35 17 15
35 18 15
35 19 15
35 20 15
35 21 15
35 22 15
35 23 15
35 24 15
35 25 15
35 26 15
35 27 6
35 61 9
35 62 15
35 63 15
36 2 3
36 3 15
36 4 12
36 9 1
36 10 15
36 11 15
36 12 15
36 13 15
36 14 15
36 15 15
36 16 15
36 17 15
36 18 15
36 19 15
36 20 15
36 21 15
36 22 15
36 23 15
36 24 15
36 25 15
36 26 15
36 27 4
36 60 1
36 61 15
36 62 15
36 63 15
37 3 3
37 4 15
37 5 12
37 10 3
37 11 15
37 12 15
37 13 15
37 14 15
37 15 15
37 16 15
37 17 15
37 18 15
37 19 15
37 20 15
37 21 15
37 22 15
37 23 15
37 24 15
37 25 15
37 26 15
37 27 4
37 60 1
37 61 15
37 62 15
37 63 15
38 4 3
38 5 15
38 6 4
38 7 8
38 8 8
38 10 9
38 11 15
38 12 15
38 13 15
38 14 15
38 15 15
38 16 15
38 17 15
38 18 15
38 19 15
38 20 15
38 21 15
38 22 15
38 23 15
38 24 15
38 25 15
38 26 15
38 27 4
38 60 1
38 61 15
38 62 15
38 63 15
39 5 2
39 6 1
39 7 15
39 8 15
39 9 5
39 10 15
39 11 15
39 12 15
39 13 15
39 14 15
39 15 15
39 16 15
39 17 15
39 18 15
39 19 15
39 20 15
39 21 15
39 22 15
39 23 15
39 24 15
39 25 15
39 26 6
39 60 9
39 61 15
39 62 15
39 63 15
40 7 2
40 8 2
40 10 2
40 11 2
40 12 3
40 13 15
40 14 15
40 15 15
40 16 15
40 17 15
40 18 15
40 19 15
40 20 15
40 21 15
40 22 15
40 23 15
40 24 15
40 25 15
40 26 4
40 59 1
40 60 15
40 61 15
40 62 15
40 63 15
41 13 3
41 14 15
41 15 15
41 16 15
41 17 15
41 18 15
41 19 15
41 20 15
41 21 15
41 22 15
41 23 15
41 24 15
41 25 15
41 26 4
41 59 1
41 60 15
41 61 15
41 62 15
41 63 15
42 14 3
42 15 15
42 16 15
42 17 15
42 18 15
42 19 15
42 20 15
42 21 15
42 22 15
42 23 15
42 24 15
42 25 15
42 26 4
42 59 1
42 60 15
42 61 15
42 62 15
42 63 15
43 15 3
43 16 15
43 17 15
43 18 15
43 19 15
43 20 15
43 21 15
43 22 15
43 23 15
43 24 15
43 25 6
43 60 3
43 61 15
43 62 15
43 63 15
44 16 3
44 17 15
44 18 15
44 19 15
44 20 15
44 21 15
44 22 15
44 23 15
44 24 15
44 25 4
44 60 1
44 61 15
44 62 15
44 63 15
45 17 2
45 18 3
45 19 15
45 20 15
45 21 15
45 22 15
45 23 15
45 24 15
45 25 4
45 60 1
45 61 15
45 62 15
45 63 15
46 18 1
46 19 15
46 20 15
46 21 15
46 22 15
46 23 15
46 24 15
46 25 4
46 61 3
46 62 15
46 63 15
47 19 3
47 20 15
47 21 15
47 22 15
47 23 15
47 24 15
47 25 4
47 61 9
47 62 15
47 63 15
48 19 1
48 20 15
48 21 15
48 22 15
48 23 15
48 24 15
48 25 4
48 60 1
48 61 15
48 62 15
48 63 15
49 20 3
49 21 15
49 22 15
49 23 15
49 24 6
49 61 3
49 62 15
49 63 15
50 20 1
50 21 15
50 22 15
50 23 15
50 24 4
50 47 8
50 48 8
50 62 3
50 63 15
51 20 1
51 21 15
51 22 15
51 23 15
51 24 4
51 46 9
51 47 15
51 48 15
51 49 12
51 50 8
51 51 8
51 62 9
51 63 15
52 21 3
52 22 15
52 23 15
52 24 12
52 45 1
52 46 15
52 47 15
52 48 15
52 49 15
52 50 15
52 51 15
52 52 12
52 53 8
52 61 1
52 62 15
52 63 15
53 21 1
53 22 15
53 23 15
53 24 15
53 25 12
53 45 1
53 46 15
53 47 15
53 48 15
53 49 15
53 50 15
53 51 15
53 52 15
53 53 15
53 54 4
53 62 3
53 63 15
54 21 9
54 22 15
54 23 15
54 24 15
54 25 15
54 26 4
54 45 1
54 46 15
54 47 15
54 48 15
54 49 15
54 50 15
54 51 15
54 52 15
54 53 15
54 54 12
54 62 1
54 63 15
55 20 9
55 21 15
55 22 15
55 23 15
55 24 15
55 25 15
55 26 4
55 46 3
55 47 15
55 48 15
55 49 15
55 50 15
55 51 15
55 52 15
55 53 15
55 54 15
55 55 4
55 62 1
55 63 15
56 19 9
56 20 15
56 21 15
56 22 15
56 23 15
56 24 15
56 25 15
56 26 12
56 47 3
56 48 15
56 49 15
56 50 15
56 51 15
56 52 15
56 53 15
56 54 15
56 55 4
56 62 1
56 63 15
57 1 8
57 2 8
57 3 8
57 4 8
57 5 8
57 6 8
57 9 8
57 10 8
57 18 1
57 19 15
57 20 15
57 21 15
57 22 15
57 23 15
57 24 15
57 25 15
57 26 15
57 27 12
57 48 3
57 49 15
57 50 15
57 51 15
57 52 15
57 53 15
57 54 15
57 55 12
57 62 1
57 63 15
58 0 9
58 1 15
58 2 15
58 3 15
58 4 15
58 5 15
58 6 15
58 7 12
58 8 9
58 9 15
58 10 15
58 11 12
58 12 8
58 18 9
58 19 15
58 20 15
58 21 15
58 22 15
58 23 15
58 24 15
58 25 15
58 26 15
58 27 15
58 28 4
58 48 9
58 49 15
58 50 15
58 51 15
58 52 15
58 53 15
58 54 15
58 55 15
58 56 12
58 61 8
58 62 9
58 63 15
59 0 15
59 1 15
59 2 15
59 3 15
59 4 15
59 5 15
59 6 15
59 7 15
59 8 15
59 9 15
59 10 15
59 11 15
59 12 15
59 13 12
59 14 8
59 15 8
59 16 8
59 17 9
59 18 15
59 19 15
59 20 15
59 21 15
59 22 15
59 23 15
59 24 15
59 25 15
59 26 15
59 27 15
59 28 12
59 29 8
59 30 8
59 47 1
59 48 15
59 49 15
59 50 15
59 51 15
59 52 15
59 53 15
59 54 15
59 55 15
59 56 15
59 57 12
59 58 8
59 59 8
59 60 9
59 61 15
59 62 15
59 63 15
60 0 15
60 1 15
60 2 15
60 3 15
60 4 15
60 5 15
60 6 15
60 7 15
60 8 15
60 9 15
60 10 15
60 11 15
60 12 15
60 13 15
60 14 15
60 15 15
60 16 15
60 17 15
60 18 15
60 19 15
60 20 15
60 21 15
60 22 15
60 23 15
60 24 15
60 25 15
60 26 15
60 27 15
60 28 15
60 29 15
60 30 15
60 31 12
60 32 8
60 33 8
60 47 8
60 48 2
60 49 3
60 50 15
60 51 15
60 52 15
60 53 15
60 54 15
60 55 15
60 56 15
60 57 15
60 58 15
60 59 15
60 60 15
60 61 15
60 62 15
60 63 15
61 0 15
61 1 15
61 2 15
61 3 15
61 4 15
61 5 15
61 6 15
61 7 15
61 8 15
61 9 15
61 10 15
61 11 15
61 12 15
61 13 15
61 14 15
61 15 15
61 16 15
61 17 15
61 18 15
61 19 15
61 20 15
61 21 15
61 22 15
61 23 15
61 24 15
61 25 15
61 26 15
61 27 15
61 28 15
61 29 15
61 30 15
61 31 15
61 32 15
61 33 15
61 34 12
61 35 8
61 36 8
61 37 8
61 38 8
61 39 8
61 40 8
61 41 8
61 42 8
61 43 8
61 44 8
61 45 8
61 46 9
61 47 15
61 48 12
61 49 9
61 50 15
61 51 15
61 52 15
61 53 15
61 54 15
61 55 15
61 56 15
61 57 15
61 58 15
61 59 15
61 60 15
61 61 15
61 62 15
61 63 15
62 0 15
62 1 15
62 2 15
62 3 15
62 4 15
62 5 15
62 6 15
62 7 15
62 8 15
62 9 15
62 10 15
62 11 15
62 12 15
62 13 15
62 14 15
62 15 15
62 16 15
62 17 15
62 18 15
62 19 15
62 20 15
62 21 15
62 22 15
62 23 15
62 24 15
62 25 15
62 26 15
62 27 15
62 28 15
62 29 15
62 30 15
62 31 15
62 32 15
62 33 15
62 34 15
62 35 15
62 36 15
62 37 15
62 38 15
62 39 15
62 40 15
62 41 15
62 42 15
62 43 15
62 44 15
62 45 15
62 46 15
62 47 15
62 48 15
62 49 15
62 50 15
62 51 15
62 52 15
62 53 15
62 54 15
62 55 15
62 56 15
62 57 15
62 58 15
62 59 15
62 60 15
62 61 15
62 62 15
62 63 15
63 0 15
63 1 15
63 2 15
63 3 15
63 4 15
63 5 15
63 6 15
63 7 15
63 8 15
63 9 15
63 10 15
63 11 15
63 12 15
63 13 15
63 14 15
63 15 15
63 16 15
63 17 15
63 18 15
63 19 15
63 20 15
63 21 15
63 22 15
63 23 15
63 24 15
63 25 15
63 26 15
63 27 15
63 28 15
63 29 15
63 30 15
63 31 15
63 32 15
63 33 15
63 34 15
63 35 15
63 36 15
63 37 15
63 38 15
63 39 15
63 40 15
63 41 15
63 42 15
63 43 15
63 44 15
63 45 15
63 46 15
63 47 15
63 48 15
63 49 15
63 50 15
63 51 15
63 52 15
63 53 15
63 54 15
63 55 15
63 56 15
63 57 15
63 58 15
63 59 15
63 60 15
63 61 15
63 62 15
63 63 15
