0
0 0 15
0 1 15
0 2 15
0 3 15
0 4 4
0 12 1
0 13 4
0 24 1
0 25 6
0 26 3
0 27 15
0 28 4
0 41 1
0 42 15
0 43 4
0 49 1
0 50 4
1 0 15
1 1 15
1 2 15
1 3 15
1 4 4
1 12 1
1 13 4
1 15 8
1 21 1
1 22 4
1 24 9
1 25 4
1 26 8
1 27 2
1 41 1
1 42 15
1 43 4
1 49 1
1 50 4
1 63 8
2 0 15
2 1 15
2 2 15
2 3 15
2 4 4
2 12 1
2 13 4
2 14 1
2 15 15
2 16 12
2 17 8
2 18 8
2 19 8
2 20 8
2 21 1
2 22 4
2 23 9
2 24 15
2 25 4
2 26 2
2 41 1
2 42 15
2 43 4
2 49 1
2 50 4
2 59 8
2 60 8
2 61 8
2 62 9
2 63 15
3 0 15
3 1 15
3 2 15
3 3 15
3 4 4
3 12 1
3 13 4
3 15 2
3 16 2
3 17 2
3 18 2
3 19 2
3 20 2
3 21 9
3 22 13
3 23 15
3 24 6
3 29 8
3 30 8
3 31 8
3 32 8
3 42 3
3 43 12
3 49 9
3 50 4
3 58 9
3 59 15
3 60 15
3 61 15
3 62 15
3 63 15
4 0 15
4 1 15
4 2 15
4 3 15
4 4 4
4 12 1
4 13 4
4 18 8
4 19 8
4 20 9
4 21 15
4 22 15
4 23 6
4 28 1
4 29 15
4 30 6
4 31 3
4 32 15
4 33 4
4 42 1
4 43 15
4 44 12
4 45 8
4 46 8
4 47 8
4 48 9
4 49 15
4 50 4
4 57 9
4 58 15
4 59 6
4 60 2
4 61 2
4 62 2
4 63 2
5 0 15
5 1 15
5 2 15
5 3 6
5 12 1
5 13 12
5 17 1
5 18 15
5 19 6
5 20 10
5 21 10
5 22 10
5 23 8
5 28 1
5 29 6
5 32 3
5 33 4
5 43 2
5 44 2
5 45 2
5 46 2
5 47 2
5 48 2
5 49 2
5 56 9
5 57 15
5 58 6
6 0 15
6 1 15
6 2 15
6 3 4
6 12 1
6 13 15
6 14 12
6 15 8
6 16 8
6 17 9
6 18 6
6 19 1
6 20 15
6 21 6
6 22 3
6 23 15
6 24 4
6 28 1
6 29 12
6 32 9
6 33 4
6 43 8
6 44 8
6 45 8
6 46 8
6 47 8
6 48 8
6 49 8
6 50 8
6 51 8
6 55 1
6 56 15
6 57 15
6 58 4
7 0 15
7 1 15
7 2 15
7 3 4
7 13 2
7 14 2
7 15 2
7 16 2
7 17 2
7 19 1
7 20 6
7 23 2
7 28 1
7 29 15
7 30 12
7 31 9
7 32 15
7 33 4
7 42 1
7 43 15
7 44 6
7 45 2
7 46 2
7 47 2
7 48 2
7 49 2
7 50 3
7 51 15
7 52 4
7 55 1
7 56 15
7 57 6
8 0 15
8 1 15
8 2 15
8 3 4
8 19 1
8 20 4
8 29 2
8 30 2
8 31 2
8 32 2
8 42 1
8 43 6
8 51 3
8 52 4
8 55 1
8 56 15
8 57 4
9 0 15
9 1 15
9 2 15
9 3 4
9 13 1
9 14 4
9 19 1
9 20 4
9 41 8
9 42 9
9 43 12
9 51 1
9 52 4
9 55 1
9 56 15
9 57 4
10 0 15
10 1 15
10 2 15
10 3 4
10 13 1
10 14 4
10 40 1
10 41 6
10 42 2
10 43 2
10 51 1
10 52 4
10 56 2
11 0 15
11 1 15
11 2 15
11 3 4
11 11 8
11 12 8
11 13 8
11 14 8
11 15 8
11 51 1
11 52 4
12 0 15
12 1 15
12 2 15
12 3 4
12 10 1
12 11 6
12 12 2
12 13 2
12 14 2
12 15 3
12 16 4
12 51 1
12 52 4
13 0 15
13 1 15
13 2 15
13 3 12
13 10 1
13 11 4
13 15 1
13 16 4
13 18 8
13 19 8
13 20 8
13 21 8
13 22 8
13 51 1
13 52 4
13 59 8
13 63 8
14 0 15
14 1 15
14 2 15
14 3 15
14 4 4
14 10 1
14 11 4
14 15 1
14 16 4
14 17 1
14 18 6
14 19 2
14 20 2
14 21 2
14 22 3
14 23 4
14 25 8
14 26 8
14 27 8
14 28 8
14 34 8
14 35 8
14 36 8
14 37 8
14 51 1
14 52 4
14 58 1
14 59 15
14 60 4
14 62 1
14 63 15
15 0 15
15 1 15
15 2 15
15 3 15
15 4 4
15 10 1
15 11 4
15 17 1
15 18 4
15 22 1
15 23 4
15 24 1
15 25 15
15 26 6
15 27 3
15 28 15
15 29 4
15 33 1
15 34 15
15 35 6
15 36 3
15 37 15
15 38 4
15 40 8
15 41 8
15 42 8
15 43 8
15 51 1
15 52 4
15 58 1
15 59 15
15 60 4
15 62 1
15 63 6
16 0 15
16 1 15
16 2 15
16 3 15
16 4 4
16 10 1
16 11 4
16 17 1
16 18 4
16 22 1
16 23 4
16 24 1
16 25 6
16 28 3
16 29 4
16 33 1
16 34 14
16 37 10
16 39 1
16 40 15
16 41 6
16 42 3
16 43 6
16 51 1
16 52 4
16 59 2
16 62 1
16 63 4
17 0 15
17 1 15
17 2 15
17 3 6
17 10 1
17 11 12
17 12 8
17 13 8
17 14 8
17 15 8
17 17 1
17 18 4
17 20 8
17 21 8
17 22 9
17 23 4
17 24 1
17 25 4
17 28 1
17 29 4
17 33 1
17 34 15
17 35 12
17 36 9
17 37 15
17 38 4
17 40 2
17 42 1
17 43 12
17 51 9
17 52 4
17 59 8
17 62 1
17 63 12
18 0 15
18 1 15
18 2 6
18 11 3
18 12 15
18 13 6
18 14 2
18 15 2
18 17 1
18 18 4
18 19 1
18 20 15
18 21 6
18 22 3
18 23 4
18 24 1
18 25 12
18 28 9
18 29 4
18 34 2
18 35 2
18 36 2
18 37 2
18 42 1
18 43 15
18 44 12
18 45 8
18 46 8
18 47 8
18 48 8
18 49 8
18 50 9
18 51 15
18 52 4
18 58 1
18 59 15
18 60 4
18 62 1
18 63 15
19 0 15
19 1 15
19 2 4
19 12 3
19 13 4
19 15 8
19 16 8
19 17 9
19 18 4
19 20 2
19 22 1
19 23 4
19 24 1
19 25 15
19 26 12
19 27 9
19 28 15
19 29 4
19 36 8
19 37 8
19 38 8
19 39 8
19 43 2
19 44 2
19 45 2
19 46 2
19 47 2
19 48 2
19 49 2
19 50 2
19 51 2
19 58 9
19 59 15
19 60 4
19 63 2
20 0 15
20 1 15
20 2 12
20 12 1
20 13 4
20 15 2
20 16 2
20 17 2
20 19 1
20 20 4
20 22 1
20 23 4
20 25 2
20 26 2
20 27 2
20 28 2
20 35 1
20 36 6
20 37 2
20 38 2
20 39 3
20 40 4
20 45 8
20 46 8
20 47 8
20 48 8
20 49 8
20 57 9
20 58 15
20 59 6
21 0 15
21 1 15
21 2 15
21 3 12
21 12 1
21 13 12
21 15 8
21 16 8
21 18 8
21 19 1
21 20 4
21 22 1
21 23 4
21 35 1
21 36 4
21 39 1
21 40 4
21 44 1
21 45 15
21 46 6
21 47 2
21 48 3
21 49 15
21 50 4
21 56 9
21 57 15
21 58 6
22 0 15
22 1 15
22 2 15
22 3 15
22 4 12
22 12 1
22 13 6
22 15 3
22 16 15
22 17 5
22 18 15
22 19 5
22 20 4
22 22 1
22 23 4
22 31 8
22 32 8
22 35 1
22 36 4
22 39 1
22 40 4
22 44 1
22 45 6
22 49 3
22 50 4
22 55 1
22 56 15
22 57 6
23 0 15
23 1 15
23 2 15
23 3 15
23 4 15
23 5 4
23 12 1
23 13 4
23 15 1
23 16 6
23 17 1
23 18 6
23 19 1
23 20 4
23 22 1
23 23 4
23 30 1
23 31 6
23 32 2
23 33 1
23 34 4
23 35 1
23 36 4
23 39 1
23 40 4
23 44 1
23 45 4
23 49 1
23 50 4
23 55 9
23 56 15
23 57 4
24 0 15
24 1 15
24 2 15
24 3 15
24 4 6
24 12 1
24 13 12
24 14 8
24 15 9
24 16 12
24 17 9
24 18 12
24 19 9
24 20 12
24 21 8
24 22 9
24 23 4
24 30 1
24 31 4
24 33 1
24 34 4
24 35 1
24 36 4
24 39 1
24 40 4
24 49 1
24 50 4
24 54 9
24 55 15
24 56 6
25 0 15
25 1 15
25 2 15
25 3 15
25 4 4
25 13 2
25 14 2
25 15 2
25 16 2
25 17 2
25 18 2
25 19 2
25 20 2
25 21 2
25 22 2
25 30 1
25 31 12
25 32 8
25 33 9
25 34 4
25 35 1
25 36 4
25 37 8
25 38 8
25 39 9
25 40 4
25 44 1
25 45 4
25 49 1
25 50 4
25 53 1
25 54 15
25 55 6
26 0 15
26 1 15
26 2 15
26 3 15
26 4 4
26 20 8
26 21 8
26 22 8
26 23 8
26 24 8
26 25 8
26 26 8
26 30 8
26 31 10
26 32 10
26 33 10
26 34 8
26 37 2
26 38 2
26 39 2
26 44 1
26 45 4
26 49 1
26 50 4
26 53 1
26 54 15
26 55 4
27 0 15
27 1 15
27 2 15
27 3 15
27 4 12
27 19 1
27 20 15
27 21 6
27 22 2
27 23 2
27 24 2
27 25 3
27 26 15
27 27 4
27 29 1
27 30 15
27 31 6
27 32 2
27 33 3
27 34 15
27 35 4
27 44 1
27 45 12
27 49 9
27 50 4
27 53 1
27 54 15
27 55 4
28 0 15
28 1 15
28 2 15
28 3 15
28 4 15
28 5 4
28 19 1
28 20 6
28 26 3
28 27 4
28 29 1
28 30 6
28 34 3
28 35 4
28 44 1
28 45 15
28 46 12
28 47 8
28 48 9
28 49 15
28 50 4
28 53 1
28 54 15
28 55 12
29 0 15
29 1 15
29 2 15
29 3 15
29 4 15
29 5 12
29 19 1
29 20 12
29 26 9
29 27 4
29 29 1
29 30 12
29 34 9
29 35 4
29 45 2
29 46 2
29 47 2
29 48 2
29 49 2
29 54 3
29 55 15
29 56 12
30 0 15
30 1 15
30 2 15
30 3 15
30 4 15
30 5 15
30 6 4
30 19 1
30 20 15
30 21 12
30 22 8
30 23 8
30 24 8
30 25 9
30 26 15
30 27 4
30 29 1
30 30 15
30 31 12
30 32 8
30 33 9
30 34 15
30 35 4
30 55 3
30 56 15
30 57 12
31 0 15
31 1 15
31 2 15
31 3 15
31 4 15
31 5 15
31 6 4
31 20 2
31 21 2
31 22 2
31 23 2
31 24 2
31 25 2
31 26 2
31 30 2
31 31 2
31 32 2
31 33 2
31 34 2
31 56 3
31 57 15
31 58 12
32 0 15
32 1 15
32 2 15
32 3 15
32 4 15
32 5 15
32 6 4
32 20 8
32 21 8
32 22 8
32 23 8
32 35 8
32 36 8
32 37 8
32 38 8
32 57 3
32 58 15
32 59 12
32 60 8
32 61 8
32 62 8
32 63 8
33 0 15
33 1 15
33 2 15
33 3 15
33 4 15
33 5 6
33 19 9
33 20 15
33 21 6
33 22 3
33 23 15
33 24 12
33 34 9
33 35 15
33 36 6
33 37 3
33 38 15
33 39 12
33 58 3
33 59 15
33 60 15
33 61 15
33 62 15
33 63 15
34 0 15
34 1 15
34 2 15
34 3 15
34 4 15
34 5 4
34 14 8
34 18 9
34 19 15
34 20 6
34 23 3
34 24 15
34 25 12
34 26 8
34 27 8
34 28 8
34 30 8
34 31 8
34 32 8
34 33 9
34 34 15
34 35 6
34 38 3
34 39 15
34 40 12
34 59 2
34 60 2
34 61 2
34 62 2
34 63 2
35 0 15
35 1 15
35 2 15
35 3 15
35 4 15
35 5 4
35 13 1
35 14 15
35 15 12
35 17 1
35 18 15
35 19 6
35 24 3
35 25 15
35 26 15
35 27 6
35 28 2
35 30 2
35 31 3
35 32 15
35 33 15
35 34 6
35 39 3
35 40 15
35 41 4
36 0 15
36 1 15
36 2 15
36 3 15
36 4 15
36 5 4
36 14 3
36 15 15
36 16 4
36 17 1
36 18 14
36 25 3
36 26 6
36 32 3
36 33 6
36 40 11
36 41 4
37 0 15
37 1 15
37 2 15
37 3 15
37 4 6
37 15 2
37 17 1
37 18 15
37 19 12
37 25 1
37 26 4
37 32 1
37 33 4
37 39 9
37 40 15
37 41 4
38 0 15
38 1 15
38 2 15
38 3 15
38 4 4
38 15 9
38 16 4
38 18 3
38 19 15
38 20 12
38 25 1
38 26 4
38 38 9
38 39 15
38 40 6
39 0 15
39 1 15
39 2 15
39 3 14
39 14 1
39 15 15
39 16 4
39 19 3
39 20 15
39 21 12
39 25 9
39 26 4
39 32 1
39 33 12
39 37 9
39 38 15
39 39 6
39 41 8
39 42 8
39 43 8
39 44 8
40 0 15
40 1 15
40 2 15
40 3 15
40 4 4
40 15 2
40 20 3
40 21 15
40 22 4
40 24 1
40 25 15
40 26 4
40 32 1
40 33 15
40 34 12
40 36 9
40 37 15
40 38 6
40 40 9
40 41 15
40 42 6
40 43 3
40 44 15
40 45 4
41 0 15
41 1 15
41 2 15
41 3 15
41 4 12
41 16 8
41 17 8
41 18 8
41 19 8
41 21 3
41 22 4
41 25 2
41 33 2
41 34 2
41 36 3
41 37 6
41 39 9
41 40 15
41 41 6
41 44 3
41 45 4
42 0 15
42 1 15
42 2 15
42 3 15
42 4 15
42 5 4
42 15 9
42 16 15
42 17 7
42 18 15
42 19 15
42 20 12
42 21 9
42 22 4
42 36 1
42 37 4
42 38 9
42 39 15
42 40 6
42 44 9
42 45 4
43 0 15
43 1 15
43 2 15
43 3 15
43 4 6
43 14 9
43 15 15
43 16 6
43 18 3
43 19 6
43 20 2
43 21 2
43 30 8
43 36 1
43 37 13
43 38 15
43 39 6
43 41 8
43 42 8
43 43 9
43 44 15
43 45 4
43 50 8
43 51 8
43 52 8
44 0 15
44 1 15
44 2 15
44 3 15
44 4 4
44 13 1
44 14 15
44 15 6
44 18 1
44 19 4
44 27 8
44 29 1
44 30 15
44 31 4
44 37 2
44 38 2
44 40 9
44 41 15
44 42 6
44 43 2
44 44 2
44 49 1
44 50 15
44 51 7
44 52 15
44 53 4
45 0 15
45 1 15
45 2 15
45 3 15
45 4 4
45 13 1
45 14 6
45 18 1
45 19 4
45 26 1
45 27 15
45 28 12
45 29 8
45 30 2
45 39 9
45 40 15
45 41 6
45 49 1
45 50 14
45 52 3
45 53 12
46 0 15
46 1 15
46 2 15
46 3 15
46 4 4
46 13 1
46 14 12
46 18 1
46 19 4
46 26 1
46 27 15
46 28 15
46 29 15
46 30 12
46 38 9
46 39 15
46 40 6
46 49 1
46 50 15
46 51 12
46 52 1
46 53 15
46 54 4
47 0 15
47 1 15
47 2 15
47 3 14
47 13 1
47 14 15
47 15 12
47 18 1
47 19 4
47 27 2
47 28 3
47 29 15
47 30 15
47 31 4
47 37 1
47 38 6
47 39 2
47 49 8
47 50 10
47 51 10
47 53 2
47 54 8
47 55 8
47 56 8
48 0 15
48 1 15
48 2 15
48 3 15
48 4 4
48 14 3
48 15 15
48 16 12
48 18 9
48 19 12
48 20 8
48 21 8
48 29 2
48 30 2
48 37 1
48 38 4
48 48 1
48 49 15
48 50 6
48 51 2
48 54 2
48 55 3
48 56 15
48 57 4
49 0 15
49 1 15
49 2 15
49 3 15
49 4 4
49 15 3
49 16 15
49 17 13
49 18 15
49 19 15
49 20 6
49 21 3
49 22 4
49 37 1
49 38 12
49 48 1
49 49 6
49 56 3
49 57 4
50 0 15
50 1 15
50 2 15
50 3 15
50 4 4
50 16 2
50 17 2
50 18 3
50 19 6
50 21 9
50 22 4
50 37 1
50 38 15
50 39 12
50 48 1
50 49 4
51 0 15
51 1 15
51 2 15
51 3 15
51 4 4
51 20 9
51 21 15
51 22 4
51 38 3
51 39 15
51 40 12
51 48 1
51 49 4
51 56 9
51 57 4
52 0 15
52 1 15
52 2 15
52 3 15
52 4 4
52 19 1
52 20 15
52 21 6
52 39 3
52 40 15
52 41 4
52 48 1
52 49 12
52 52 8
52 53 8
52 54 8
52 55 9
52 56 15
52 57 4
53 0 15
53 1 15
53 2 15
53 3 15
53 4 4
53 19 1
53 20 6
53 40 3
53 41 4
53 48 1
53 49 15
53 50 12
53 51 9
53 52 15
53 53 6
53 54 2
53 55 2
53 56 2
54 0 15
54 1 15
54 2 15
54 3 15
54 4 4
54 19 1
54 20 12
54 40 9
54 41 4
54 49 2
54 50 2
54 51 2
54 52 2
55 0 15
55 1 15
55 2 15
55 3 15
55 4 12
55 19 1
55 20 15
55 21 12
55 28 8
55 29 8
55 30 8
55 31 8
55 32 8
55 39 9
55 40 15
55 41 4
56 0 15
56 1 15
56 2 15
56 3 15
56 4 15
56 5 12
56 20 3
56 21 15
56 22 12
56 27 9
56 28 15
56 29 6
56 30 2
56 31 3
56 32 15
56 33 12
56 38 9
56 39 15
56 40 6
57 0 15
57 1 15
57 2 15
57 3 15
57 4 15
57 5 15
57 6 4
57 21 3
57 22 15
57 23 12
57 24 8
57 25 8
57 26 9
57 27 15
57 28 6
57 32 3
57 33 15
57 34 12
57 35 8
57 36 8
57 37 9
57 38 15
57 39 6
57 44 8
57 46 8
57 47 8
58 0 15
58 1 15
58 2 15
58 3 15
58 4 15
58 5 15
58 6 12
58 7 8
58 22 2
58 23 2
58 24 2
58 25 2
58 26 2
58 27 2
58 33 2
58 34 2
58 35 2
58 36 2
58 37 2
58 38 2
58 42 8
58 43 9
58 44 15
58 45 13
58 46 15
58 47 15
58 48 12
58 49 8
59 0 15
59 1 15
59 2 15
59 3 15
59 4 15
59 5 15
59 6 15
59 7 15
59 8 12
59 37 8
59 38 8
59 39 8
59 40 8
59 41 9
59 42 15
59 43 15
59 44 15
59 45 15
59 46 15
59 47 15
59 48 15
59 49 15
59 50 12
59 51 8
59 52 8
60 0 15
60 1 15
60 2 15
60 3 15
60 4 15
60 5 15
60 6 15
60 7 15
60 8 15
60 9 12
60 35 8
60 36 9
60 37 15
60 38 15
60 39 15
60 40 15
60 41 15
60 42 15
60 43 15
60 44 15
60 45 15
60 46 15
60 47 15
60 48 15
60 49 15
60 50 15
60 51 15
60 52 15
60 53 12
60 63 8
61 0 15
61 1 15
61 2 15
61 3 15
61 4 15
61 5 15
61 6 15
61 7 15
61 8 15
61 9 15
61 10 12
61 11 8
61 12 8
61 13 8
61 14 8
61 15 8
61 16 8
61 17 8
61 18 8
61 27 8
61 28 8
61 29 8
61 30 8
61 31 8
61 32 8
61 33 8
61 34 9
61 35 15
61 36 15
61 37 15
61 38 15
61 39 15
61 40 15
61 41 15
61 42 15
61 43 15
61 44 15
61 45 15
61 46 15
61 47 15
61 48 15
61 49 15
61 50 15
61 51 15
61 52 15
61 53 15
61 54 12
61 55 8
61 59 8
61 60 8
61 61 8
61 62 9
61 63 15
62 0 15
62 1 15
62 2 15
62 3 15
62 4 15
62 5 15
62 6 15
62 7 15
62 8 15
62 9 15
62 10 15
62 11 15
62 12 15
62 13 15
62 14 15
62 15 15
62 16 15
62 17 15
62 18 15
62 19 12
62 20 8
62 21 8
62 22 8
62 23 8
62 24 8
62 25 8
62 26 9
62 27 15
62 28 15
62 29 15
62 30 15
62 31 15
62 32 15
62 33 15
62 34 15
62 35 15
62 36 15
62 37 15
62 38 15
62 39 15
62 40 15
62 41 15
62 42 15
62 43 15
62 44 15
62 45 15
62 46 15
62 47 15
62 48 15
62 49 15
62 50 15
62 51 15
62 52 15
62 53 15
62 54 15
62 55 15
62 56 12
62 57 8
62 58 9
62 59 15
62 60 15
62 61 15
62 62 15
62 63 15
63 0 15
63 1 15
63 2 15
63 3 15
63 4 15
63 5 15
63 6 15
63 7 15
63 8 15
63 9 15
63 10 15
63 11 15
63 12 15
63 13 15
63 14 15
63 15 15
63 16 15
63 17 15
63 18 15
63 19 15
63 20 15
63 21 15
63 22 15
63 23 15
63 24 15
63 25 15
63 26 15
63 27 15
63 28 15
63 29 15
63 30 15
63 31 15
63 32 15
63 33 15
63 34 15
63 35 15
63 36 15
63 37 15
63 38 15
63 39 15
63 40 15
63 41 15
63 42 15
63 43 15
63 44 15
63 45 15
63 46 15
63 47 15
63 48 15
63 49 15
63 50 15
63 51 15
63 52 15
63 53 15
63 54 15
63 55 15
63 56 15
63 57 15
63 58 15
63 59 15
63 60 15
63 61 15
63 62 15
63 63 15
