0
0 0 15
0 1 15
0 2 15
0 3 15
0 4 15
0 5 15
0 6 15
0 7 15
0 8 15
0 9 15
0 10 15
0 11 15
0 12 15
0 13 15
0 14 15
0 15 15
0 16 12
0 30 9
0 31 15
0 32 15
0 33 15
0 34 15
0 35 15
0 36 4
0 38 8
1 0 15
1 1 15
1 2 15
1 3 15
1 4 15
1 5 15
1 6 15
1 7 15
1 8 15
1 9 15
1 10 15
1 11 15
1 12 15
1 13 15
1 14 15
1 15 15
1 16 15
1 17 4
1 29 9
1 30 15
1 31 6
1 32 2
1 33 2
1 34 2
1 35 2
1 37 1
1 38 15
1 39 4
2 0 15
2 1 15
2 2 15
2 3 15
2 4 15
2 5 15
2 6 15
2 7 15
2 8 15
2 9 15
2 10 15
2 11 15
2 12 15
2 13 15
2 14 15
2 15 15
2 16 15
2 17 4
2 28 1
2 29 15
2 30 6
2 38 2
2 41 8
2 54 8
2 62 8
3 0 15
3 1 15
3 2 15
3 3 15
3 4 15
3 5 15
3 6 15
3 7 15
3 8 15
3 9 15
3 10 15
3 11 15
3 12 15
3 13 15
3 14 15
3 15 15
3 16 15
3 17 12
3 29 2
3 36 8
3 40 9
3 41 15
3 42 4
3 51 8
3 53 1
3 54 15
3 55 4
3 61 1
3 62 15
3 63 4
4 0 15
4 1 15
4 2 15
4 3 15
4 4 15
4 5 15
4 6 15
4 7 15
4 8 15
4 9 15
4 10 15
4 11 15
4 12 15
4 13 15
4 14 15
4 15 15
4 16 15
4 17 15
4 18 12
4 35 1
4 36 15
4 37 4
4 40 2
4 41 2
4 50 1
4 51 15
4 52 4
4 54 2
4 61 8
4 62 2
5 0 15
5 1 15
5 2 15
5 3 15
5 4 15
5 5 15
5 6 15
5 7 15
5 8 15
5 9 15
5 10 15
5 11 15
5 12 15
5 13 15
5 14 15
5 15 15
5 16 15
5 17 15
5 18 15
5 19 12
5 36 2
5 51 2
5 60 1
5 61 15
5 62 12
6 0 15
6 1 15
6 2 15
6 3 15
6 4 15
6 5 15
6 6 15
6 7 15
6 8 15
6 9 15
6 10 15
6 11 15
6 12 15
6 13 15
6 14 15
6 15 15
6 16 15
6 17 15
6 18 15
6 19 15
6 20 4
6 50 8
6 61 3
6 62 15
6 63 12
7 0 15
7 1 15
7 2 15
7 3 15
7 4 15
7 5 15
7 6 15
7 7 15
7 8 15
7 9 15
7 10 15
7 11 15
7 12 15
7 13 15
7 14 15
7 15 15
7 16 15
7 17 15
7 18 15
7 19 15
7 20 12
7 49 1
7 50 15
7 51 4
7 62 3
7 63 15
8 0 15
8 1 15
8 2 15
8 3 15
8 4 15
8 5 15
8 6 15
8 7 15
8 8 15
8 9 15
8 10 15
8 11 15
8 12 15
8 13 15
8 14 15
8 15 15
8 16 15
8 17 15
8 18 15
8 19 15
8 20 15
8 21 12
8 32 9
8 33 4
8 49 1
8 50 15
8 51 4
8 63 2
9 0 15
9 1 15
9 2 15
9 3 15
9 4 15
9 5 15
9 6 15
9 7 15
9 8 15
9 9 15
9 10 15
9 11 15
9 12 15
9 13 15
9 14 15
9 15 15
9 16 15
9 17 15
9 18 15
9 19 15
9 20 15
9 21 15
9 22 4
9 28 8
9 31 1
9 32 15
9 33 4
9 50 2
9 60 8
10 0 15
10 1 15
10 2 15
10 3 15
10 4 15
10 5 15
10 6 15
10 7 15
10 8 15
10 9 15
10 10 15
10 11 15
10 12 15
10 13 15
10 14 15
10 15 15
10 16 15
10 17 15
10 18 15
10 19 15
10 20 15
10 21 15
10 22 4
10 27 1
10 28 15
10 29 4
10 31 9
10 32 6
10 59 1
10 60 15
10 61 4
11 0 15
11 1 15
11 2 15
11 3 15
11 4 15
11 5 15
11 6 15
11 7 15
11 8 15
11 9 15
11 10 15
11 11 15
11 12 15
11 13 15
11 14 15
11 15 15
11 16 15
11 17 15
11 18 15
11 19 15
11 20 15
11 21 15
11 22 12
11 27 1
11 28 15
11 29 4
11 30 1
11 31 15
11 32 4
11 59 1
11 60 15
11 61 4
12 0 15
12 1 15
12 2 15
12 3 15
12 4 15
12 5 15
12 6 15
12 7 15
12 8 15
12 9 15
12 10 15
12 11 15
12 12 15
12 13 15
12 14 15
12 15 15
12 16 15
12 17 15
12 18 15
12 19 15
12 20 15
12 21 15
12 22 15
12 23 12
12 27 1
12 28 6
12 31 2
12 60 2
13 0 15
13 1 15
13 2 15
13 3 15
13 4 15
13 5 15
13 6 15
13 7 15
13 8 15
13 9 15
13 10 15
13 11 15
13 12 15
13 13 15
13 14 15
13 15 15
13 16 15
13 17 15
13 18 15
13 19 15
13 20 15
13 21 15
13 22 15
13 23 15
13 24 4
13 54 8
14 0 15
14 1 15
14 2 15
14 3 15
14 4 15
14 5 15
14 6 15
14 7 15
14 8 15
14 9 15
14 10 15
14 11 15
14 12 15
14 13 15
14 14 15
14 15 15
14 16 15
14 17 15
14 18 15
14 19 15
14 20 15
14 21 15
14 22 15
14 23 15
14 24 4
14 27 1
14 28 12
14 53 1
14 54 15
14 55 4
15 0 15
15 1 15
15 2 15
15 3 15
15 4 15
15 5 15
15 6 15
15 7 15
15 8 15
15 9 15
15 10 15
15 11 15
15 12 15
15 13 15
15 14 15
15 15 15
15 16 15
15 17 15
15 18 15
15 19 15
15 20 15
15 21 15
15 22 15
15 23 15
15 24 4
15 27 1
15 28 15
15 29 4
15 53 1
15 54 15
15 55 4
16 0 15
16 1 15
16 2 15
16 3 15
16 4 15
16 5 15
16 6 15
16 7 15
16 8 15
16 9 15
16 10 15
16 11 15
16 12 15
16 13 15
16 14 15
16 15 15
16 16 15
16 17 15
16 18 15
16 19 15
16 20 15
16 21 15
16 22 15
16 23 15
16 24 4
16 28 2
16 54 2
17 0 15
17 1 15
17 2 15
17 3 15
17 4 15
17 5 15
17 6 15
17 7 15
17 8 15
17 9 15
17 10 15
17 11 15
17 12 15
17 13 15
17 14 15
17 15 15
17 16 15
17 17 15
17 18 15
17 19 15
17 20 15
17 21 15
17 22 15
17 23 15
17 24 4
18 0 15
18 1 15
18 2 15
18 3 15
18 4 15
18 5 15
18 6 15
18 7 15
18 8 15
18 9 15
18 10 15
18 11 15
18 12 15
18 13 15
18 14 15
18 15 15
18 16 15
18 17 15
18 18 15
18 19 15
18 20 15
18 21 15
18 22 15
18 23 15
18 24 12
19 0 15
19 1 15
19 2 15
19 3 15
19 4 15
19 5 15
19 6 15
19 7 15
19 8 15
19 9 15
19 10 15
19 11 15
19 12 15
19 13 15
19 14 15
19 15 15
19 16 15
19 17 15
19 18 15
19 19 15
19 20 15
19 21 15
19 22 15
19 23 15
19 24 15
19 25 4
19 49 8
20 0 15
20 1 15
20 2 15
20 3 15
20 4 15
20 5 15
20 6 15
20 7 15
20 8 15
20 9 15
20 10 15
20 11 15
20 12 15
20 13 15
20 14 15
20 15 15
20 16 15
20 17 15
20 18 15
20 19 15
20 20 15
20 21 15
20 22 15
20 23 15
20 24 15
20 25 4
20 31 9
20 32 4
20 48 1
20 49 15
20 50 4
21 0 15
21 1 15
21 2 15
21 3 15
21 4 15
21 5 15
21 6 15
21 7 15
21 8 15
21 9 15
21 10 15
21 11 15
21 12 15
21 13 15
21 14 15
21 15 15
21 16 15
21 17 15
21 18 15
21 19 15
21 20 15
21 21 15
21 22 15
21 23 15
21 24 15
21 25 4
21 28 8
21 30 1
21 31 15
21 32 4
21 48 1
21 49 15
21 50 4
22 0 15
22 1 15
22 2 15
22 3 15
22 4 15
22 5 15
22 6 15
22 7 15
22 8 15
22 9 15
22 10 15
22 11 15
22 12 15
22 13 15
22 14 15
22 15 15
22 16 15
22 17 15
22 18 15
22 19 15
22 20 15
22 21 15
22 22 15
22 23 15
22 24 15
22 25 4
22 27 1
22 28 15
22 29 4
22 31 2
22 49 2
23 0 15
23 1 15
23 2 15
23 3 15
23 4 15
23 5 15
23 6 15
23 7 15
23 8 15
23 9 15
23 10 15
23 11 15
23 12 15
23 13 15
23 14 15
23 15 15
23 16 15
23 17 15
23 18 15
23 19 15
23 20 15
23 21 15
23 22 15
23 23 15
23 24 15
23 25 4
23 27 1
23 28 15
23 29 4
23 58 8
24 0 15
24 1 15
24 2 15
24 3 15
24 4 15
24 5 15
24 6 15
24 7 15
24 8 15
24 9 15
24 10 15
24 11 15
24 12 15
24 13 15
24 14 15
24 15 15
24 16 15
24 17 15
24 18 15
24 19 15
24 20 15
24 21 15
24 22 15
24 23 15
24 24 15
24 25 4
24 27 1
24 28 6
24 57 1
24 58 15
24 59 4
25 0 15
25 1 15
25 2 15
25 3 15
25 4 15
25 5 15
25 6 15
25 7 15
25 8 15
25 9 15
25 10 15
25 11 15
25 12 15
25 13 15
25 14 15
25 15 15
25 16 15
25 17 15
25 18 15
25 19 15
25 20 15
25 21 15
25 22 15
25 23 15
25 24 15
25 25 4
25 31 8
25 57 1
25 58 15
25 59 4
25 63 8
26 0 15
26 1 15
26 2 15
26 3 15
26 4 15
26 5 15
26 6 15
26 7 15
26 8 15
26 9 15
26 10 15
26 11 15
26 12 15
26 13 15
26 14 15
26 15 15
26 16 15
26 17 15
26 18 15
26 19 15
26 20 15
26 21 15
26 22 15
26 23 15
26 24 6
26 27 1
26 28 12
26 30 1
26 31 15
26 32 4
26 58 2
26 62 1
26 63 15
27 0 15
27 1 15
27 2 15
27 3 15
27 4 15
27 5 15
27 6 15
27 7 15
27 8 15
27 9 15
27 10 15
27 11 15
27 12 15
27 13 15
27 14 15
27 15 15
27 16 15
27 17 15
27 18 15
27 19 15
27 20 15
27 21 15
27 22 15
27 23 15
27 24 12
27 27 1
27 28 15
27 29 4
27 31 11
27 32 4
27 51 8
27 62 1
27 63 15
28 0 15
28 1 15
28 2 15
28 3 15
28 4 15
28 5 15
28 6 15
28 7 15
28 8 15
28 9 15
28 10 15
28 11 15
28 12 15
28 13 15
28 14 15
28 15 15
28 16 15
28 17 15
28 18 15
28 19 15
28 20 15
28 21 15
28 22 15
28 23 15
28 24 15
28 25 4
28 27 1
28 28 15
28 29 4
28 30 1
28 31 15
28 32 4
28 50 1
28 51 15
28 52 4
28 63 2
29 0 15
29 1 15
29 2 15
29 3 15
29 4 15
29 5 15
29 6 15
29 7 15
29 8 15
29 9 15
29 10 15
29 11 15
29 12 15
29 13 15
29 14 15
29 15 15
29 16 15
29 17 15
29 18 15
29 19 15
29 20 15
29 21 15
29 22 15
29 23 15
29 24 15
29 25 4
29 27 1
29 28 15
29 29 4
29 31 2
29 50 1
29 51 15
29 52 4
30 0 15
30 1 15
30 2 15
30 3 15
30 4 15
30 5 15
30 6 15
30 7 15
30 8 15
30 9 15
30 10 15
30 11 15
30 12 15
30 13 15
30 14 15
30 15 15
30 16 15
30 17 15
30 18 15
30 19 15
30 20 15
30 21 15
30 22 15
30 23 15
30 24 15
30 25 4
30 28 2
30 51 2
31 0 15
31 1 15
31 2 15
31 3 15
31 4 15
31 5 15
31 6 15
31 7 15
31 8 15
31 9 15
31 10 15
31 11 15
31 12 15
31 13 15
31 14 15
31 15 15
31 16 15
31 17 15
31 18 15
31 19 15
31 20 15
31 21 15
31 22 15
31 23 15
31 24 15
31 25 12
32 0 15
32 1 15
32 2 15
32 3 15
32 4 15
32 5 15
32 6 15
32 7 15
32 8 15
32 9 15
32 10 15
32 11 15
32 12 15
32 13 15
32 14 15
32 15 15
32 16 15
32 17 15
32 18 15
32 19 15
32 20 15
32 21 15
32 22 15
32 23 15
32 24 15
32 25 15
32 26 12
33 0 15
33 1 15
33 2 15
33 3 15
33 4 15
33 5 15
33 6 15
33 7 15
33 8 15
33 9 15
33 10 15
33 11 15
33 12 15
33 13 15
33 14 15
33 15 15
33 16 15
33 17 15
33 18 15
33 19 15
33 20 15
33 21 15
33 22 15
33 23 15
33 24 15
33 25 15
33 26 15
33 27 4
33 31 8
34 0 15
34 1 15
34 2 15
34 3 15
34 4 15
34 5 15
34 6 15
34 7 15
34 8 15
34 9 15
34 10 15
34 11 15
34 12 15
34 13 15
34 14 15
34 15 15
34 16 15
34 17 15
34 18 15
34 19 15
34 20 15
34 21 15
34 22 15
34 23 15
34 24 15
34 25 15
34 26 15
34 27 4
34 30 1
34 31 15
34 32 4
35 0 15
35 1 15
35 2 15
35 3 15
35 4 15
35 5 15
35 6 15
35 7 15
35 8 15
35 9 15
35 10 15
35 11 15
35 12 15
35 13 15
35 14 15
35 15 15
35 16 15
35 17 15
35 18 15
35 19 15
35 20 15
35 21 15
35 22 15
35 23 15
35 24 15
35 25 15
35 26 15
35 27 4
35 31 3
35 32 4
35 61 8
36 0 15
36 1 15
36 2 15
36 3 15
36 4 15
36 5 15
36 6 15
36 7 15
36 8 15
36 9 15
36 10 15
36 11 15
36 12 15
36 13 15
36 14 15
36 15 15
36 16 15
36 17 15
36 18 15
36 19 15
36 20 15
36 21 15
36 22 15
36 23 15
36 24 15
36 25 15
36 26 15
36 27 4
36 31 1
36 32 4
36 49 8
36 60 1
36 61 15
36 62 4
37 0 15
37 1 15
37 2 15
37 3 15
37 4 15
37 5 15
37 6 15
37 7 15
37 8 15
37 9 15
37 10 15
37 11 15
37 12 15
37 13 15
37 14 15
37 15 15
37 16 15
37 17 15
37 18 15
37 19 15
37 20 15
37 21 15
37 22 15
37 23 15
37 24 15
37 25 15
37 26 6
37 48 1
37 49 15
37 50 4
37 60 1
37 61 15
37 62 4
38 0 15
38 1 15
38 2 15
38 3 15
38 4 15
38 5 15
38 6 15
38 7 15
38 8 15
38 9 15
38 10 15
38 11 15
38 12 15
38 13 15
38 14 15
38 15 15
38 16 15
38 17 15
38 18 15
38 19 15
38 20 15
38 21 15
38 22 15
38 23 15
38 24 15
38 25 6
38 48 1
38 49 15
38 50 4
38 61 2
39 0 15
39 1 15
39 2 15
39 3 15
39 4 15
39 5 15
39 6 15
39 7 15
39 8 15
39 9 15
39 10 15
39 11 15
39 12 15
39 13 15
39 14 15
39 15 15
39 16 15
39 17 15
39 18 15
39 19 15
39 20 15
39 21 15
39 22 15
39 23 15
39 24 6
39 32 8
39 49 2
40 0 15
40 1 15
40 2 15
40 3 15
40 4 15
40 5 15
40 6 15
40 7 15
40 8 15
40 9 15
40 10 15
40 11 15
40 12 15
40 13 15
40 14 15
40 15 15
40 16 15
40 17 15
40 18 15
40 19 15
40 20 15
40 21 15
40 22 15
40 23 15
40 24 4
40 31 1
40 32 15
40 33 4
40 54 8
41 0 15
41 1 15
41 2 15
41 3 15
41 4 15
41 5 15
41 6 15
41 7 15
41 8 15
41 9 15
41 10 15
41 11 15
41 12 15
41 13 15
41 14 15
41 15 15
41 16 15
41 17 15
41 18 15
41 19 15
41 20 15
41 21 15
41 22 15
41 23 15
41 24 4
41 32 3
41 33 4
41 53 1
41 54 15
41 55 4
42 0 15
42 1 15
42 2 15
42 3 15
42 4 15
42 5 15
42 6 15
42 7 15
42 8 15
42 9 15
42 10 15
42 11 15
42 12 15
42 13 15
42 14 15
42 15 15
42 16 15
42 17 15
42 18 15
42 19 15
42 20 15
42 21 15
42 22 15
42 23 15
42 24 4
42 32 9
42 33 4
42 53 1
42 54 15
42 55 4
43 0 15
43 1 15
43 2 15
43 3 15
43 4 15
43 5 15
43 6 15
43 7 15
43 8 15
43 9 15
43 10 15
43 11 15
43 12 15
43 13 15
43 14 15
43 15 15
43 16 15
43 17 15
43 18 15
43 19 15
43 20 15
43 21 15
43 22 15
43 23 15
43 24 4
43 31 1
43 32 15
43 33 4
43 54 2
43 60 8
44 0 15
44 1 15
44 2 15
44 3 15
44 4 15
44 5 15
44 6 15
44 7 15
44 8 15
44 9 15
44 10 15
44 11 15
44 12 15
44 13 15
44 14 15
44 15 15
44 16 15
44 17 15
44 18 15
44 19 15
44 20 15
44 21 15
44 22 15
44 23 15
44 24 4
44 28 1
44 29 12
44 32 2
44 59 1
44 60 15
44 61 4
45 0 15
45 1 15
45 2 15
45 3 15
45 4 15
45 5 15
45 6 15
45 7 15
45 8 15
45 9 15
45 10 15
45 11 15
45 12 15
45 13 15
45 14 15
45 15 15
45 16 15
45 17 15
45 18 15
45 19 15
45 20 15
45 21 15
45 22 15
45 23 15
45 24 4
45 28 1
45 29 15
45 30 4
45 59 1
45 60 15
45 61 4
46 0 15
46 1 15
46 2 15
46 3 15
46 4 15
46 5 15
46 6 15
46 7 15
46 8 15
46 9 15
46 10 15
46 11 15
46 12 15
46 13 15
46 14 15
46 15 15
46 16 15
46 17 15
46 18 15
46 19 15
46 20 15
46 21 15
46 22 15
46 23 6
46 28 1
46 29 15
46 30 4
46 60 2
47 0 15
47 1 15
47 2 15
47 3 15
47 4 15
47 5 15
47 6 15
47 7 15
47 8 15
47 9 15
47 10 15
47 11 15
47 12 15
47 13 15
47 14 15
47 15 15
47 16 15
47 17 15
47 18 15
47 19 15
47 20 15
47 21 15
47 22 15
47 23 4
47 28 1
47 29 6
47 32 8
47 50 8
48 0 15
48 1 15
48 2 15
48 3 15
48 4 15
48 5 15
48 6 15
48 7 15
48 8 15
48 9 15
48 10 15
48 11 15
48 12 15
48 13 15
48 14 15
48 15 15
48 16 15
48 17 15
48 18 15
48 19 15
48 20 15
48 21 15
48 22 6
48 31 1
48 32 15
48 33 4
48 49 1
48 50 15
48 51 4
49 0 15
49 1 15
49 2 15
49 3 15
49 4 15
49 5 15
49 6 15
49 7 15
49 8 15
49 9 15
49 10 15
49 11 15
49 12 15
49 13 15
49 14 15
49 15 15
49 16 15
49 17 15
49 18 15
49 19 15
49 20 15
49 21 15
49 22 4
49 32 3
49 33 12
49 49 1
49 50 15
49 51 4
50 0 15
50 1 15
50 2 15
50 3 15
50 4 15
50 5 15
50 6 15
50 7 15
50 8 15
50 9 15
50 10 15
50 11 15
50 12 15
50 13 15
50 14 15
50 15 15
50 16 15
50 17 15
50 18 15
50 19 15
50 20 15
50 21 15
50 22 4
50 28 1
50 29 12
50 32 1
50 33 15
50 34 4
50 50 2
50 59 8
51 0 15
51 1 15
51 2 15
51 3 15
51 4 15
51 5 15
51 6 15
51 7 15
51 8 15
51 9 15
51 10 15
51 11 15
51 12 15
51 13 15
51 14 15
51 15 15
51 16 15
51 17 15
51 18 15
51 19 15
51 20 15
51 21 6
51 28 1
51 29 15
51 30 4
51 33 2
51 58 1
51 59 15
51 60 4
52 0 15
52 1 15
52 2 15
52 3 15
52 4 15
52 5 15
52 6 15
52 7 15
52 8 15
52 9 15
52 10 15
52 11 15
52 12 15
52 13 15
52 14 15
52 15 15
52 16 15
52 17 15
52 18 15
52 19 15
52 20 15
52 21 4
52 28 1
52 29 15
52 30 4
52 58 1
52 59 15
52 60 4
53 0 15
53 1 15
53 2 15
53 3 15
53 4 15
53 5 15
53 6 15
53 7 15
53 8 15
53 9 15
53 10 15
53 11 15
53 12 15
53 13 15
53 14 15
53 15 15
53 16 15
53 17 15
53 18 15
53 19 15
53 20 15
53 21 4
53 28 1
53 29 15
53 30 4
53 34 8
53 59 2
54 0 15
54 1 15
54 2 15
54 3 15
54 4 15
54 5 15
54 6 15
54 7 15
54 8 15
54 9 15
54 10 15
54 11 15
54 12 15
54 13 15
54 14 15
54 15 15
54 16 15
54 17 15
54 18 15
54 19 15
54 20 6
54 29 2
54 33 1
54 34 15
54 35 12
55 0 15
55 1 15
55 2 15
55 3 15
55 4 15
55 5 15
55 6 15
55 7 15
55 8 15
55 9 15
55 10 15
55 11 15
55 12 15
55 13 15
55 14 15
55 15 15
55 16 15
55 17 15
55 18 15
55 19 15
55 20 4
55 34 3
55 35 15
55 36 4
56 0 15
56 1 15
56 2 15
56 3 15
56 4 15
56 5 15
56 6 15
56 7 15
56 8 15
56 9 15
56 10 15
56 11 15
56 12 15
56 13 15
56 14 15
56 15 15
56 16 15
56 17 15
56 18 15
56 19 15
56 20 4
56 29 1
56 30 4
56 35 2
56 36 8
56 48 8
56 54 8
57 0 15
57 1 15
57 2 15
57 3 15
57 4 15
57 5 15
57 6 15
57 7 15
57 8 15
57 9 15
57 10 15
57 11 15
57 12 15
57 13 15
57 14 15
57 15 15
57 16 15
57 17 15
57 18 15
57 19 15
57 20 4
57 35 1
57 36 15
57 37 4
57 47 1
57 48 15
57 49 4
57 53 1
57 54 15
57 55 4
57 60 8
57 61 8
57 62 8
58 0 15
58 1 15
58 2 15
58 3 15
58 4 15
58 5 15
58 6 15
58 7 15
58 8 15
58 9 15
58 10 15
58 11 15
58 12 15
58 13 15
58 14 15
58 15 15
58 16 15
58 17 15
58 18 15
58 19 15
58 20 4
58 36 2
58 38 8
58 47 1
58 48 15
58 49 4
58 53 1
58 54 15
58 55 4
58 56 8
58 59 1
58 60 15
58 61 15
58 62 15
58 63 4
59 0 15
59 1 15
59 2 15
59 3 15
59 4 15
59 5 15
59 6 15
59 7 15
59 8 15
59 9 15
59 10 15
59 11 15
59 12 15
59 13 15
59 14 15
59 15 15
59 16 15
59 17 15
59 18 15
59 19 15
59 20 4
59 30 1
59 31 12
59 37 1
59 38 15
59 39 4
59 48 2
59 54 10
59 55 1
59 56 15
59 57 4
59 60 2
59 61 2
59 62 10
60 0 15
60 1 15
60 2 15
60 3 15
60 4 15
60 5 15
60 6 15
60 7 15
60 8 15
60 9 15
60 10 15
60 11 15
60 12 15
60 13 15
60 14 15
60 15 15
60 16 15
60 17 15
60 18 15
60 19 6
60 30 1
60 31 15
60 32 4
60 38 2
60 53 1
60 54 15
60 55 4
60 56 2
60 60 8
60 61 1
60 62 15
60 63 4
61 0 15
61 1 15
61 2 15
61 3 15
61 4 15
61 5 15
61 6 15
61 7 15
61 8 15
61 9 15
61 10 15
61 11 15
61 12 15
61 13 15
61 14 15
61 15 15
61 16 15
61 17 15
61 18 15
61 19 4
61 31 2
61 33 8
61 40 8
61 42 8
61 54 2
61 59 1
61 60 15
61 61 4
61 62 2
62 0 15
62 1 15
62 2 15
62 3 15
62 4 15
62 5 15
62 6 15
62 7 15
62 8 15
62 9 15
62 10 15
62 11 15
62 12 15
62 13 15
62 14 15
62 15 15
62 16 15
62 17 15
62 18 15
62 19 4
62 32 1
62 33 15
62 34 4
62 38 8
62 39 9
62 40 15
62 41 5
62 42 15
62 43 4
62 49 8
62 50 8
62 51 8
62 60 2
63 0 15
63 1 15
63 2 15
63 3 15
63 4 15
63 5 15
63 6 15
63 7 15
63 8 15
63 9 15
63 10 15
63 11 15
63 12 15
63 13 15
63 14 15
63 15 15
63 16 15
63 17 15
63 18 15
63 19 4
63 33 2
63 38 2
63 39 2
63 40 2
63 42 2
63 49 2
63 50 2
63 51 2
