0
0 0 15
0 1 15
0 2 15
0 3 15
0 4 15
0 5 15
0 6 15
0 7 15
0 8 15
0 9 15
0 10 15
0 11 15
0 12 15
0 13 15
0 14 15
0 15 15
0 16 15
0 17 15
0 18 15
0 19 15
0 20 15
0 21 15
0 22 4
0 34 1
0 35 15
0 36 4
0 40 8
0 41 8
0 42 8
0 48 8
0 49 8
0 50 1
0 51 15
0 52 4
0 53 1
0 54 15
0 55 4
1 0 15
1 1 15
1 2 15
1 3 15
1 4 15
1 5 15
1 6 15
1 7 15
1 8 15
1 9 15
1 10 15
1 11 15
1 12 15
1 13 15
1 14 15
1 15 15
1 16 15
1 17 15
1 18 15
1 19 15
1 20 6
1 21 2
1 27 8
1 35 2
1 39 1
1 40 15
1 41 15
1 42 15
1 43 4
1 45 8
1 46 8
1 47 1
1 48 15
1 49 15
1 50 4
1 51 2
1 54 2
1 55 8
1 56 8
1 57 8
2 0 2
2 1 3
2 2 15
2 3 15
2 4 15
2 5 15
2 6 15
2 7 15
2 8 15
2 9 15
2 10 15
2 11 15
2 12 15
2 13 15
2 14 15
2 15 15
2 16 15
2 17 15
2 18 6
2 19 2
2 26 9
2 27 15
2 28 12
2 29 8
2 35 8
2 37 8
2 38 8
2 40 10
2 41 2
2 42 2
2 44 1
2 45 15
2 46 15
2 47 4
2 48 2
2 49 2
2 54 1
2 55 15
2 56 15
2 57 15
2 58 4
3 1 1
3 2 15
3 3 15
3 4 15
3 5 15
3 6 15
3 7 15
3 8 15
3 9 15
3 10 15
3 11 15
3 12 15
3 13 14
3 14 2
3 15 2
3 16 2
3 17 2
3 25 9
3 26 15
3 27 15
3 28 15
3 29 15
3 30 12
3 32 8
3 33 8
3 34 9
3 35 15
3 36 4
3 37 2
3 38 2
3 39 1
3 40 15
3 41 12
3 42 8
3 44 8
3 45 2
3 46 2
3 49 8
3 51 8
3 54 9
3 55 15
3 56 15
3 57 15
3 58 4
4 2 3
4 3 15
4 4 15
4 5 15
4 6 15
4 7 15
4 8 15
4 9 15
4 10 15
4 11 15
4 12 15
4 13 15
4 14 12
4 15 8
4 16 8
4 23 8
4 24 9
4 25 15
4 26 15
4 27 15
4 28 15
4 29 15
4 30 15
4 31 13
4 32 15
4 33 15
4 34 15
4 35 6
4 40 2
4 41 2
4 42 2
4 43 1
4 44 15
4 45 4
4 48 9
4 49 15
4 50 5
4 51 15
4 52 12
4 53 9
4 54 15
4 55 15
4 56 15
4 57 15
4 58 4
5 2 9
5 3 15
5 4 15
5 5 15
5 6 15
5 7 15
5 8 15
5 9 15
5 10 15
5 11 15
5 12 15
5 13 15
5 14 15
5 15 15
5 16 15
5 17 12
5 18 8
5 19 8
5 20 8
5 21 8
5 22 9
5 23 15
5 24 15
5 25 15
5 26 15
5 27 15
5 28 15
5 29 15
5 30 15
5 31 15
5 32 15
5 33 15
5 34 6
5 44 2
5 47 1
5 48 15
5 49 6
5 51 2
5 52 2
5 53 2
5 54 3
5 55 15
5 56 15
5 57 15
5 58 4
6 1 1
6 2 15
6 3 15
6 4 6
6 5 3
6 6 15
6 7 15
6 8 15
6 9 15
6 10 15
6 11 15
6 12 15
6 13 15
6 14 15
6 15 15
6 16 15
6 17 15
6 18 15
6 19 15
6 20 15
6 21 15
6 22 15
6 23 15
6 24 15
6 25 15
6 26 15
6 27 15
6 28 15
6 29 15
6 30 15
6 31 15
6 32 15
6 33 6
6 39 8
6 41 8
6 48 2
6 54 1
6 55 15
6 56 15
6 57 15
6 58 4
7 2 10
7 3 3
7 4 12
7 5 1
7 6 15
7 7 6
7 8 3
7 9 15
7 10 7
7 11 15
7 12 15
7 13 15
7 14 15
7 15 15
7 16 15
7 17 15
7 18 7
7 19 15
7 20 15
7 21 15
7 22 15
7 23 15
7 24 15
7 25 15
7 26 15
7 27 15
7 28 15
7 29 15
7 30 15
7 31 15
7 32 6
7 33 8
7 36 8
7 38 1
7 39 15
7 40 5
7 41 15
7 42 4
7 54 1
7 55 15
7 56 15
7 57 15
7 58 4
8 1 1
8 2 15
8 3 5
8 4 15
8 5 5
8 6 15
8 7 4
8 9 2
8 10 1
8 11 15
8 12 6
8 13 2
8 14 2
8 15 2
8 16 3
8 17 15
8 18 5
8 19 15
8 20 6
8 21 2
8 22 2
8 23 2
8 24 2
8 25 2
8 26 3
8 27 15
8 28 6
8 29 2
8 30 2
8 31 2
8 32 1
8 33 15
8 34 4
8 35 1
8 36 15
8 37 4
8 39 2
8 41 2
8 54 1
8 55 15
8 56 15
8 57 15
8 58 4
9 0 8
9 2 2
9 4 2
9 6 2
9 11 2
9 17 2
9 19 2
9 26 1
9 27 15
9 28 4
9 32 1
9 33 15
9 34 4
9 35 1
9 36 15
9 37 12
9 41 8
9 52 8
9 54 1
9 55 15
9 56 15
9 57 6
10 0 15
10 1 12
10 2 8
10 5 1
10 6 12
10 23 8
10 24 8
10 27 2
10 29 8
10 30 8
10 33 2
10 36 3
10 37 15
10 38 12
10 40 9
10 41 15
10 42 12
10 51 1
10 52 15
10 53 4
10 54 1
10 55 15
10 56 15
10 57 4
11 0 3
11 1 15
11 2 15
11 3 4
11 5 1
11 6 15
11 7 4
11 11 8
11 12 8
11 22 9
11 23 15
11 24 15
11 25 4
11 28 1
11 29 15
11 30 15
11 31 12
11 37 3
11 38 15
11 39 5
11 40 15
11 41 7
11 42 15
11 43 4
11 46 8
11 51 1
11 52 15
11 53 4
11 54 1
11 55 15
11 56 15
11 57 4
12 0 1
12 1 15
12 2 15
12 3 4
12 6 2
12 9 8
12 10 1
12 11 15
12 12 15
12 13 12
12 21 1
12 22 15
12 23 6
12 24 2
12 28 1
12 29 15
12 30 15
12 31 15
12 32 4
12 36 8
12 38 2
12 40 2
12 42 2
12 45 1
12 46 15
12 47 4
12 52 2
12 54 1
12 55 15
12 56 15
12 57 4
13 0 8
13 1 2
13 2 2
13 4 8
13 8 1
13 9 15
13 10 4
13 11 2
13 12 3
13 13 15
13 14 4
13 17 8
13 22 10
13 24 8
13 29 3
13 30 15
13 31 15
13 32 4
13 35 1
13 36 15
13 37 4
13 41 1
13 42 4
13 46 3
13 47 4
13 54 1
13 55 15
13 56 15
13 57 4
14 0 15
14 1 4
14 3 1
14 4 15
14 5 4
14 8 1
14 9 6
14 13 3
14 14 4
14 16 1
14 17 15
14 18 4
14 19 8
14 20 8
14 21 1
14 22 15
14 23 5
14 24 15
14 25 12
14 30 10
14 31 2
14 35 1
14 36 15
14 37 4
14 42 8
14 46 1
14 47 4
14 54 1
14 55 15
14 56 15
14 57 4
15 0 2
15 3 1
15 4 15
15 5 4
15 8 8
15 16 9
15 17 15
15 18 5
15 19 15
15 20 15
15 21 4
15 22 2
15 24 3
15 25 15
15 26 4
15 29 1
15 30 15
15 31 4
15 36 2
15 41 1
15 42 15
15 43 4
15 44 8
15 45 8
15 47 8
15 48 8
15 54 1
15 55 15
15 56 15
15 57 12
16 3 1
16 4 15
16 5 4
16 7 1
16 8 15
16 9 4
16 14 8
16 15 1
16 16 15
16 17 15
16 18 4
16 19 2
16 20 3
16 21 4
16 24 1
16 25 15
16 26 4
16 29 1
16 30 15
16 31 4
16 41 1
16 42 15
16 43 4
16 44 2
16 45 2
16 46 1
16 47 15
16 48 15
16 49 4
16 53 8
16 54 1
16 55 15
16 56 15
16 57 15
16 58 4
17 4 2
17 7 1
17 8 15
17 9 4
17 13 1
17 14 15
17 15 4
17 16 2
17 17 2
17 25 2
17 30 2
17 42 2
17 46 1
17 47 15
17 48 15
17 49 4
17 52 1
17 53 15
17 54 5
17 55 15
17 56 15
17 57 15
17 58 4
18 7 1
18 8 15
18 9 4
18 13 1
18 14 15
18 15 4
18 20 8
18 47 2
18 48 2
18 52 1
18 53 15
18 54 5
18 55 15
18 56 15
18 57 15
18 58 4
19 7 8
19 8 2
19 12 8
19 14 2
19 18 8
19 19 1
19 20 15
19 21 4
19 48 8
19 50 8
19 51 8
19 53 2
19 54 1
19 55 15
19 56 15
19 57 15
19 58 4
20 6 1
20 7 15
20 8 4
20 10 8
20 11 8
20 12 2
20 16 8
20 17 9
20 18 15
20 19 5
20 20 15
20 21 4
20 47 1
20 48 15
20 49 5
20 50 15
20 51 15
20 52 12
20 54 1
20 55 15
20 56 15
20 57 15
20 58 12
21 6 1
21 7 15
21 8 4
21 10 3
21 11 15
21 12 4
21 15 1
21 16 15
21 17 15
21 18 6
21 20 2
21 47 1
21 48 15
21 49 5
21 50 15
21 51 15
21 52 15
21 53 4
21 55 11
21 56 15
21 57 15
21 58 15
21 59 4
22 7 2
22 10 1
22 11 15
22 12 4
22 16 2
22 17 2
22 19 1
22 20 4
22 45 8
22 46 8
22 48 2
22 50 3
22 51 15
22 52 6
22 54 1
22 55 15
22 56 15
22 57 15
22 58 15
22 59 4
23 9 8
23 11 2
23 18 8
23 44 1
23 45 15
23 46 15
23 47 12
23 51 2
23 55 3
23 56 15
23 57 15
23 58 15
23 59 4
24 8 1
24 9 15
24 10 4
24 16 8
24 17 1
24 18 15
24 19 4
24 44 1
24 45 15
24 46 7
24 47 15
24 48 12
24 50 8
24 56 3
24 57 15
24 58 15
24 59 4
25 0 8
25 9 2
25 15 1
25 16 15
25 17 4
25 18 2
25 45 3
25 46 12
25 47 3
25 48 15
25 49 5
25 50 15
25 51 4
25 52 8
25 56 1
25 57 15
25 58 15
25 59 12
26 0 15
26 1 4
26 4 8
26 16 2
26 45 1
26 46 15
26 47 4
26 48 2
26 49 1
26 50 15
26 51 5
26 52 15
26 53 4
26 54 8
26 57 3
26 58 15
26 59 15
26 60 12
27 0 15
27 1 4
27 2 8
27 3 1
27 4 15
27 5 4
27 45 1
27 46 15
27 47 4
27 50 2
27 52 2
27 53 1
27 54 15
27 55 12
27 57 1
27 58 15
27 59 15
27 60 15
27 61 12
27 62 8
28 0 2
28 1 1
28 2 15
28 3 4
28 4 3
28 5 4
28 23 8
28 31 8
28 32 8
28 34 8
28 35 8
28 46 2
28 51 1
28 52 12
28 54 3
28 55 15
28 56 12
28 58 3
28 59 15
28 60 15
28 61 15
28 62 15
28 63 4
29 2 2
29 22 9
29 23 15
29 24 4
29 30 1
29 31 15
29 32 15
29 33 5
29 34 7
29 35 15
29 36 4
29 42 8
29 44 8
29 46 1
29 47 12
29 51 1
29 52 15
29 53 4
29 55 11
29 56 15
29 57 12
29 58 1
29 59 15
29 60 7
29 61 15
29 62 15
29 63 12
30 21 1
30 22 15
30 23 6
30 31 2
30 32 2
30 35 2
30 41 1
30 42 15
30 43 5
30 44 15
30 45 4
30 46 1
30 47 15
30 48 4
30 52 11
30 53 4
30 54 1
30 55 15
30 56 15
30 57 15
30 58 4
30 59 2
30 61 3
30 62 15
30 63 15
31 3 8
31 4 8
31 22 2
31 23 8
31 37 8
31 38 8
31 41 1
31 42 15
31 43 12
31 44 2
31 45 8
31 47 2
31 51 1
31 52 15
31 53 4
31 54 1
31 55 15
31 56 15
31 57 15
31 58 4
31 61 1
31 62 15
31 63 6
32 2 1
32 3 15
32 4 15
32 5 4
32 22 9
32 23 15
32 24 4
32 28 8
32 36 9
32 37 7
32 38 15
32 39 4
32 42 3
32 43 15
32 44 13
32 45 15
32 46 12
32 52 2
32 55 3
32 56 15
32 57 15
32 58 12
32 62 2
33 3 2
33 4 2
33 21 1
33 22 15
33 23 6
33 27 1
33 28 15
33 29 4
33 30 8
33 31 8
33 35 1
33 36 15
33 37 4
33 38 2
33 39 8
33 40 8
33 43 3
33 44 15
33 45 15
33 46 15
33 47 4
33 56 11
33 57 15
33 58 15
33 59 4
34 3 8
34 4 8
34 22 2
34 28 2
34 30 3
34 31 15
34 32 4
34 33 8
34 36 2
34 38 1
34 39 7
34 40 15
34 41 4
34 44 3
34 45 15
34 46 6
34 54 8
34 55 1
34 56 15
34 57 15
34 58 15
34 59 12
35 2 1
35 3 15
35 4 15
35 5 4
35 31 2
35 32 1
35 33 15
35 34 4
35 35 8
35 37 1
35 38 4
35 40 2
35 45 3
35 46 12
35 47 1
35 48 4
35 53 1
35 54 15
35 55 4
35 56 3
35 57 15
35 58 15
35 59 15
35 60 12
35 61 8
35 62 8
36 3 2
36 4 2
36 25 8
36 26 8
36 27 8
36 28 8
36 33 2
36 34 1
36 35 15
36 36 4
36 45 1
36 46 15
36 47 4
36 54 2
36 57 3
36 58 15
36 59 7
36 60 15
36 61 15
36 62 15
36 63 4
37 5 8
37 16 8
37 23 8
37 24 1
37 25 15
37 26 15
37 27 15
37 28 15
37 29 4
37 34 1
37 35 15
37 36 4
37 38 1
37 39 4
37 43 8
37 45 8
37 46 2
37 47 8
37 58 3
37 59 12
37 60 2
37 61 3
37 62 15
37 63 4
38 4 1
38 5 15
38 6 12
38 15 1
38 16 15
38 17 4
38 22 9
38 23 15
38 24 4
38 25 2
38 26 2
38 27 2
38 28 2
38 34 1
38 35 15
38 36 4
38 41 8
38 42 9
38 43 15
38 44 5
38 45 15
38 46 5
38 47 15
38 48 12
38 58 1
38 59 15
38 60 12
38 61 9
38 62 15
38 63 12
39 2 1
39 3 12
39 5 3
39 6 15
39 7 12
39 15 1
39 16 15
39 17 4
39 21 1
39 22 15
39 23 6
39 29 1
39 30 4
39 35 3
39 36 4
39 40 9
39 41 7
39 42 15
39 43 14
39 45 10
39 47 3
39 48 15
39 49 12
39 59 3
39 60 15
39 61 15
39 62 7
39 63 15
40 2 1
40 3 15
40 4 4
40 6 3
40 7 15
40 8 4
40 16 2
40 22 2
40 37 8
40 39 1
40 40 15
40 41 4
40 42 3
40 43 15
40 44 5
40 45 15
40 46 4
40 48 3
40 49 15
40 50 4
40 60 2
40 61 2
40 63 2
41 3 2
41 6 8
41 7 2
41 10 8
41 12 8
41 17 8
41 36 1
41 37 15
41 38 4
41 40 3
41 41 4
41 43 2
41 45 2
41 49 2
42 5 1
42 6 15
42 7 4
42 9 1
42 10 15
42 11 5
42 12 15
42 13 4
42 16 1
42 17 15
42 18 4
42 19 8
42 36 1
42 37 15
42 38 4
43 6 3
43 7 12
43 10 2
43 11 1
43 12 15
43 13 4
43 17 10
43 18 9
43 19 15
43 20 4
43 25 8
43 29 1
43 30 4
43 36 1
43 37 15
43 38 4
44 6 1
44 7 15
44 8 4
44 10 1
44 11 4
44 12 2
44 16 1
44 17 15
44 18 15
44 19 6
44 24 1
44 25 15
44 26 4
44 37 2
44 39 8
44 57 8
45 6 9
45 7 6
45 17 2
45 18 2
45 25 2
45 38 1
45 39 15
45 40 4
45 42 1
45 43 12
45 56 1
45 57 15
45 58 4
46 5 9
46 6 15
46 7 4
46 39 2
46 41 8
46 42 1
46 43 15
46 44 12
46 56 9
46 57 6
47 4 1
47 5 15
47 6 6
47 8 8
47 25 8
47 30 8
47 40 1
47 41 15
47 42 12
47 43 3
47 44 15
47 45 12
47 53 8
47 55 1
47 56 15
47 57 4
48 3 8
48 5 2
48 7 1
48 8 15
48 9 4
48 24 1
48 25 15
48 26 4
48 29 1
48 30 15
48 31 4
48 41 3
48 42 15
48 43 12
48 44 3
48 45 15
48 46 4
48 52 1
48 53 15
48 54 4
48 56 2
48 60 1
48 61 4
49 2 1
49 3 15
49 4 4
49 7 1
49 8 15
49 9 4
49 15 8
49 24 1
49 25 15
49 26 4
49 29 1
49 30 15
49 31 4
49 42 3
49 43 15
49 44 4
49 45 2
49 53 2
49 62 1
49 63 4
50 2 1
50 3 15
50 4 4
50 6 8
50 8 2
50 14 1
50 15 15
50 16 4
50 25 2
50 26 8
50 30 2
50 39 8
50 40 8
50 41 8
50 43 2
50 45 8
50 59 1
50 60 4
51 3 2
51 5 1
51 6 15
51 7 12
51 8 1
51 9 4
51 11 8
51 14 1
51 15 15
51 16 4
51 21 8
51 25 1
51 26 15
51 27 12
51 35 8
51 38 9
51 39 15
51 40 15
51 41 15
51 42 4
51 43 8
51 44 1
51 45 15
51 46 4
51 58 8
51 61 9
51 62 4
52 5 8
52 6 3
52 7 15
52 8 4
52 10 1
52 11 15
52 12 4
52 15 2
52 20 1
52 21 15
52 22 4
52 26 3
52 27 15
52 28 12
52 34 1
52 35 15
52 36 4
52 37 1
52 38 15
52 39 15
52 40 6
52 41 2
52 42 1
52 43 15
52 44 5
52 45 15
52 46 4
52 57 1
52 58 15
52 59 4
52 60 9
52 61 15
52 62 4
53 4 1
53 5 15
53 6 4
53 7 2
53 11 2
53 12 8
53 13 8
53 18 8
53 19 8
53 21 2
53 27 3
53 28 15
53 29 4
53 35 2
53 38 2
53 39 2
53 41 8
53 43 2
53 44 1
53 45 15
53 46 4
53 54 8
53 56 8
53 57 8
53 58 10
53 59 1
53 60 15
53 61 6
54 4 1
54 5 15
54 6 4
54 7 8
54 11 1
54 12 15
54 13 15
54 14 12
54 15 8
54 16 8
54 17 1
54 18 15
54 19 15
54 20 4
54 28 3
54 29 12
54 34 1
54 35 4
54 38 8
54 40 1
54 41 15
54 42 4
54 45 10
54 53 1
54 54 15
54 55 5
54 56 15
54 57 15
54 58 15
54 59 4
54 60 2
55 3 8
55 4 8
55 5 2
55 6 1
55 7 15
55 8 4
55 12 3
55 13 15
55 14 15
55 15 15
55 16 15
55 17 4
55 18 2
55 19 2
55 28 1
55 29 15
55 30 12
55 33 8
55 36 8
55 37 9
55 38 15
55 39 4
55 41 2
55 44 9
55 45 15
55 46 4
55 48 8
55 54 2
55 56 2
55 57 2
55 58 2
56 2 9
56 3 15
56 4 15
56 5 4
56 7 10
56 8 8
56 9 8
56 12 8
56 13 10
56 14 10
56 15 10
56 16 10
56 17 8
56 18 8
56 19 8
56 28 9
56 29 15
56 30 15
56 31 4
56 32 1
56 33 15
56 34 4
56 35 1
56 36 15
56 37 15
56 38 6
56 42 8
56 43 9
56 44 15
56 45 6
56 47 1
56 48 15
56 49 4
57 0 8
57 1 9
57 2 15
57 3 15
57 4 6
57 5 8
57 6 9
57 7 15
57 8 15
57 9 15
57 10 12
57 11 9
57 12 15
57 13 15
57 14 15
57 15 15
57 16 15
57 17 15
57 18 15
57 19 15
57 20 12
57 21 8
57 27 1
57 28 15
57 29 15
57 30 15
57 31 12
57 32 1
57 33 15
57 34 4
57 36 2
57 37 2
57 40 8
57 41 1
57 42 15
57 43 15
57 44 15
57 45 12
57 47 1
57 48 15
57 49 12
57 50 8
57 51 8
57 52 8
57 53 8
57 54 8
57 55 8
57 56 8
57 57 8
58 0 15
58 1 15
58 2 6
58 3 10
58 4 9
58 5 15
58 6 15
58 7 15
58 8 15
58 9 15
58 10 15
58 11 15
58 12 15
58 13 15
58 14 15
58 15 15
58 16 15
58 17 15
58 18 15
58 19 15
58 20 15
58 21 15
58 22 12
58 27 1
58 28 15
58 29 15
58 30 15
58 31 15
58 32 12
58 33 2
58 39 1
58 40 15
58 41 13
58 42 15
58 43 15
58 44 15
58 45 15
58 46 4
58 47 9
58 48 15
58 49 15
58 50 15
58 51 15
58 52 15
58 53 15
58 54 15
58 55 15
58 56 15
58 57 15
58 58 12
58 59 8
58 60 8
58 61 8
59 0 15
59 1 6
59 2 1
59 3 15
59 4 15
59 5 15
59 6 15
59 7 15
59 8 15
59 9 7
59 10 15
59 11 15
59 12 15
59 13 15
59 14 15
59 15 15
59 16 15
59 17 15
59 18 15
59 19 15
59 20 15
59 21 15
59 22 15
59 23 12
59 25 8
59 26 8
59 27 1
59 28 15
59 29 15
59 30 15
59 31 15
59 32 15
59 33 4
59 36 8
59 37 8
59 38 8
59 39 1
59 40 15
59 41 15
59 42 15
59 43 15
59 44 15
59 45 15
59 46 13
59 47 15
59 48 15
59 49 15
59 50 15
59 51 15
59 52 15
59 53 15
59 54 15
59 55 15
59 56 15
59 57 15
59 58 15
59 59 15
59 60 15
59 61 15
59 62 12
60 0 2
60 2 9
60 3 15
60 4 15
60 5 15
60 6 15
60 7 15
60 8 15
60 9 12
60 10 11
60 11 15
60 12 15
60 13 15
60 14 15
60 15 15
60 16 7
60 17 15
60 18 15
60 19 15
60 20 15
60 21 15
60 22 15
60 23 15
60 24 13
60 25 15
60 26 15
60 27 13
60 28 15
60 29 15
60 30 15
60 31 15
60 32 15
60 33 12
60 34 8
60 35 1
60 36 15
60 37 15
60 38 15
60 39 13
60 40 15
60 41 15
60 42 15
60 43 15
60 44 15
60 45 15
60 46 15
60 47 15
60 48 15
60 49 15
60 50 15
60 51 15
60 52 15
60 53 15
60 54 15
60 55 15
60 56 15
60 57 15
60 58 15
60 59 15
60 60 15
60 61 15
60 62 15
60 63 4
61 0 8
61 1 9
61 2 15
61 3 15
61 4 15
61 5 15
61 6 15
61 7 15
61 8 15
61 9 15
61 10 15
61 11 15
61 12 15
61 13 15
61 14 15
61 15 15
61 16 13
61 17 15
61 18 15
61 19 15
61 20 15
61 21 15
61 22 15
61 23 15
61 24 15
61 25 15
61 26 15
61 27 15
61 28 15
61 29 15
61 30 15
61 31 15
61 32 15
61 33 15
61 34 15
61 35 4
61 36 3
61 37 15
61 38 15
61 39 15
61 40 15
61 41 15
61 42 15
61 43 6
61 44 2
61 45 2
61 46 3
61 47 15
61 48 15
61 49 15
61 50 15
61 51 15
61 52 15
61 53 15
61 54 15
61 55 15
61 56 6
61 57 2
61 58 2
61 59 3
61 60 15
61 61 6
61 62 2
62 0 15
62 1 15
62 2 15
62 3 15
62 4 15
62 5 15
62 6 15
62 7 15
62 8 15
62 9 15
62 10 15
62 11 15
62 12 15
62 13 15
62 14 15
62 15 15
62 16 15
62 17 15
62 18 15
62 19 15
62 20 15
62 21 15
62 22 15
62 23 15
62 24 15
62 25 15
62 26 15
62 27 15
62 28 15
62 29 14
62 30 3
62 31 15
62 32 6
62 33 2
62 34 2
62 37 2
62 38 2
62 39 2
62 40 2
62 41 2
62 42 2
62 47 2
62 48 2
62 49 2
62 50 2
62 51 2
62 52 2
62 53 2
62 54 2
62 55 2
62 60 2
63 0 15
63 1 15
63 2 15
63 3 15
63 4 15
63 5 15
63 6 15
63 7 15
63 8 15
63 9 15
63 10 15
63 11 15
63 12 15
63 13 15
63 14 15
63 15 15
63 16 15
63 17 15
63 18 15
63 19 15
63 20 15
63 21 15
63 22 15
63 23 15
63 24 15
63 25 15
63 26 15
63 27 15
63 28 15
63 29 15
63 30 4
63 31 2
