0
4 9 8
4 10 8
5 8 9
5 9 15
5 10 15
5 11 4
5 58 8
5 60 8
6 7 1
6 8 15
6 9 15
6 10 6
6 13 8
6 14 8
6 15 8
6 16 8
6 17 8
6 27 8
6 28 8
6 29 8
6 54 8
6 55 8
6 56 8
6 57 9
6 58 15
6 59 5
6 60 15
6 61 4
7 7 1
7 8 15
7 9 15
7 10 4
7 12 9
7 13 15
7 14 15
7 15 15
7 16 15
7 17 15
7 18 12
7 19 8
7 26 9
7 27 15
7 28 15
7 29 15
7 30 12
7 31 8
7 53 9
7 54 15
7 55 6
7 56 2
7 57 2
7 58 2
7 59 9
7 60 6
8 7 1
8 8 15
8 9 6
8 11 1
8 12 15
8 13 15
8 14 15
8 15 15
8 16 15
8 17 15
8 18 15
8 19 15
8 20 12
8 25 9
8 26 15
8 27 15
8 28 15
8 29 15
8 30 15
8 31 15
8 32 12
8 53 2
8 54 2
8 58 1
8 59 15
8 60 4
9 7 1
9 8 15
9 9 4
9 11 1
9 12 15
9 13 15
9 14 15
9 15 15
9 16 15
9 17 15
9 18 15
9 19 15
9 20 15
9 21 12
9 24 9
9 25 15
9 26 15
9 27 15
9 28 15
9 29 15
9 30 15
9 31 15
9 32 15
9 33 4
9 52 8
9 53 8
9 54 8
9 59 2
10 8 2
10 11 1
10 12 15
10 13 15
10 14 15
10 15 15
10 16 6
10 17 3
10 18 15
10 19 15
10 20 15
10 21 15
10 22 12
10 23 9
10 24 15
10 25 15
10 26 15
10 27 15
10 28 15
10 29 15
10 30 15
10 31 15
10 32 15
10 33 12
10 51 9
10 52 15
10 53 6
10 54 2
11 11 1
11 12 15
11 13 15
11 14 15
11 15 6
11 17 1
11 18 15
11 19 15
11 20 15
11 21 15
11 22 15
11 23 15
11 24 15
11 25 15
11 26 15
11 27 15
11 28 15
11 29 15
11 30 15
11 31 15
11 32 15
11 33 15
11 34 4
11 50 1
11 51 15
11 52 6
12 11 1
12 12 15
12 13 15
12 14 15
12 15 4
12 18 11
12 19 15
12 20 15
12 21 15
12 22 15
12 23 15
12 24 15
12 25 15
12 26 15
12 27 15
12 28 15
12 29 15
12 30 15
12 31 15
12 32 15
12 33 15
12 34 12
12 50 1
12 51 6
13 11 1
13 12 15
13 13 15
13 14 15
13 15 12
13 17 1
13 18 15
13 19 15
13 20 15
13 21 15
13 22 15
13 23 15
13 24 15
13 25 15
13 26 15
13 27 15
13 28 15
13 29 15
13 30 15
13 31 15
13 32 15
13 33 15
13 34 15
13 35 4
13 50 1
13 51 4
14 12 3
14 13 15
14 14 15
14 15 15
14 16 12
14 17 9
14 18 15
14 19 15
14 20 15
14 21 15
14 22 15
14 23 15
14 24 15
14 25 15
14 26 15
14 27 15
14 28 15
14 29 15
14 30 15
14 31 15
14 32 15
14 33 15
14 34 15
14 35 4
14 50 1
14 51 4
15 12 1
15 13 15
15 14 15
15 15 15
15 16 15
15 17 15
15 18 15
15 19 15
15 20 15
15 21 15
15 22 15
15 23 15
15 24 15
15 25 15
15 26 15
15 27 15
15 28 15
15 29 15
15 30 15
15 31 15
15 32 15
15 33 15
15 34 6
15 50 1
15 51 4
16 13 3
16 14 15
16 15 15
16 16 15
16 17 15
16 18 15
16 19 15
16 20 15
16 21 15
16 22 15
16 23 15
16 24 15
16 25 15
16 26 15
16 27 15
16 28 15
16 29 15
16 30 15
16 31 15
16 32 15
16 33 15
16 34 4
16 35 1
16 36 4
17 14 11
17 15 15
17 16 15
17 17 15
17 18 15
17 19 15
17 20 15
17 21 15
17 22 15
17 23 15
17 24 15
17 25 15
17 26 15
17 27 15
17 28 15
17 29 15
17 30 15
17 31 15
17 32 15
17 33 15
17 34 4
17 35 1
17 36 4
18 10 8
18 11 8
18 12 8
18 13 1
18 14 15
18 15 15
18 16 15
18 17 15
18 18 15
18 19 15
18 20 15
18 21 15
18 22 15
18 23 15
18 24 15
18 25 15
18 26 15
18 27 15
18 28 15
18 29 15
18 30 15
18 31 15
18 32 6
18 33 2
18 35 9
18 36 4
19 9 9
19 10 15
19 11 15
19 12 15
19 13 4
19 14 3
19 15 15
19 16 15
19 17 15
19 18 15
19 19 6
19 20 3
19 21 15
19 22 15
19 23 15
19 24 15
19 25 6
19 26 2
19 27 3
19 28 15
19 29 15
19 30 15
19 31 6
19 34 1
19 35 15
19 36 4
19 53 1
19 54 4
20 8 1
20 9 15
20 10 15
20 11 15
20 12 15
20 13 4
20 14 9
20 15 15
20 16 15
20 17 15
20 18 15
20 19 4
20 21 3
20 22 15
20 23 15
20 24 15
20 25 4
20 28 11
20 29 15
20 30 15
20 31 12
20 34 1
20 35 6
20 53 1
20 54 4
21 8 1
21 9 15
21 10 15
21 11 15
21 12 15
21 13 5
21 14 15
21 15 15
21 16 15
21 17 15
21 18 15
21 19 4
21 21 9
21 22 15
21 23 15
21 24 15
21 25 12
21 26 8
21 27 9
21 28 15
21 29 15
21 30 15
21 31 15
21 32 4
21 34 1
21 35 12
21 53 1
21 54 4
22 8 1
22 9 15
22 10 15
22 11 15
22 12 6
22 13 9
22 14 15
22 15 15
22 16 15
22 17 15
22 18 15
22 19 12
22 20 9
22 21 15
22 22 15
22 23 15
22 24 15
22 25 15
22 26 15
22 27 15
22 28 15
22 29 15
22 30 15
22 31 15
22 32 12
22 34 1
22 35 15
22 36 4
22 53 1
22 54 4
23 9 3
23 10 6
23 11 2
23 12 9
23 13 15
23 14 15
23 15 15
23 16 15
23 17 15
23 18 15
23 19 15
23 20 15
23 21 15
23 22 15
23 23 15
23 24 15
23 25 15
23 26 15
23 27 15
23 28 15
23 29 15
23 30 15
23 31 15
23 32 15
23 33 4
23 35 3
23 36 4
23 53 1
23 54 4
24 11 9
24 12 15
24 13 15
24 14 15
24 15 15
24 16 15
24 17 15
24 18 15
24 19 15
24 20 15
24 21 15
24 22 15
24 23 15
24 24 15
24 25 15
24 26 15
24 27 15
24 28 15
24 29 15
24 30 15
24 31 15
24 32 15
24 33 4
24 41 8
24 42 8
24 43 8
24 53 1
24 54 4
25 10 1
25 11 15
25 12 15
25 13 15
25 14 15
25 15 15
25 16 15
25 17 15
25 18 15
25 19 6
25 20 3
25 21 15
25 22 15
25 23 15
25 24 15
25 25 15
25 26 15
25 27 15
25 28 15
25 29 15
25 30 15
25 31 15
25 32 15
25 33 4
25 40 1
25 41 15
25 42 6
25 43 2
25 53 9
25 54 4
26 11 11
26 12 15
26 13 15
26 14 15
26 15 15
26 16 15
26 17 15
26 18 6
26 21 3
26 22 15
26 23 15
26 24 15
26 25 15
26 26 15
26 27 15
26 28 15
26 29 15
26 30 15
26 31 15
26 32 6
26 40 1
26 41 6
26 49 8
26 50 8
26 51 8
26 52 9
26 53 15
26 54 4
27 10 9
27 11 15
27 12 15
27 13 15
27 14 15
27 15 15
27 16 15
27 17 6
27 21 8
27 22 11
27 23 15
27 24 15
27 25 15
27 26 15
27 27 15
27 28 15
27 29 15
27 30 15
27 31 15
27 32 4
27 34 9
27 35 4
27 40 1
27 41 4
27 49 2
27 50 2
27 51 2
27 52 2
27 53 2
28 9 9
28 10 15
28 11 15
28 12 15
28 13 15
28 14 15
28 15 15
28 16 15
28 17 4
28 20 9
28 21 15
28 22 15
28 23 15
28 24 15
28 25 15
28 26 15
28 27 15
28 28 15
28 29 15
28 30 15
28 31 6
28 33 9
28 34 15
28 35 4
28 40 1
28 41 4
29 1 8
29 2 8
29 3 8
29 8 1
29 9 15
29 10 15
29 11 15
29 12 15
29 13 15
29 14 15
29 15 15
29 16 6
29 19 9
29 20 15
29 21 15
29 22 15
29 23 15
29 24 15
29 25 15
29 26 15
29 27 15
29 28 15
29 29 15
29 30 6
29 32 9
29 33 15
29 34 6
29 40 9
29 41 4
30 0 1
30 1 15
30 2 15
30 3 15
30 4 12
30 8 1
30 9 15
30 10 15
30 11 15
30 12 15
30 13 15
30 14 15
30 15 6
30 18 1
30 19 15
30 20 15
30 21 15
30 22 15
30 23 15
30 24 15
30 25 15
30 26 15
30 27 15
30 28 15
30 29 6
30 31 9
30 32 15
30 33 6
30 39 1
30 40 15
30 41 4
31 0 9
31 1 15
31 2 15
31 3 15
31 4 15
31 5 12
31 8 1
31 9 15
31 10 15
31 11 15
31 12 15
31 13 15
31 14 15
31 15 4
31 18 1
31 19 15
31 20 15
31 21 15
31 22 15
31 23 15
31 24 15
31 25 15
31 26 15
31 27 15
31 28 6
31 30 9
31 31 15
31 32 6
31 39 1
31 40 6
32 0 15
32 1 15
32 2 15
32 3 15
32 4 15
32 5 15
32 6 4
32 8 1
32 9 15
32 10 15
32 11 15
32 12 15
32 13 15
32 14 15
32 15 4
32 18 1
32 19 15
32 20 15
32 21 15
32 22 15
32 23 15
32 24 15
32 25 15
32 26 15
32 27 6
32 29 9
32 30 15
32 31 6
33 0 15
33 1 15
33 2 15
33 3 15
33 4 15
33 5 15
33 6 12
33 8 1
33 9 15
33 10 15
33 11 15
33 12 15
33 13 15
33 14 15
33 15 12
33 19 11
33 20 15
33 21 15
33 22 15
33 23 15
33 24 15
33 25 15
33 26 6
33 28 8
33 29 2
33 30 2
34 0 15
34 1 15
34 2 15
34 3 15
34 4 15
34 5 15
34 6 15
34 7 4
34 9 3
34 10 15
34 11 15
34 12 15
34 13 15
34 14 15
34 15 15
34 16 12
34 17 8
34 18 9
34 19 15
34 20 15
34 21 15
34 22 15
34 23 15
34 24 15
34 25 6
34 27 9
34 28 15
34 29 4
35 0 15
35 1 15
35 2 15
35 3 15
35 4 15
35 5 15
35 6 15
35 7 12
35 10 3
35 11 15
35 12 15
35 13 15
35 14 15
35 15 15
35 16 15
35 17 15
35 18 15
35 19 15
35 20 15
35 21 15
35 22 15
35 23 15
35 24 15
35 25 4
35 26 1
35 27 15
35 28 6
36 0 15
36 1 15
36 2 15
36 3 15
36 4 15
36 5 15
36 6 15
36 7 15
36 8 4
36 10 1
36 11 15
36 12 15
36 13 15
36 14 15
36 15 15
36 16 15
36 17 15
36 18 15
36 19 15
36 20 15
36 21 15
36 22 15
36 23 15
36 24 15
36 25 4
36 26 1
36 27 15
36 28 4
37 0 3
37 1 15
37 2 15
37 3 15
37 4 15
37 5 15
37 6 15
37 7 15
37 8 4
37 10 1
37 11 15
37 12 15
37 13 15
37 14 15
37 15 15
37 16 15
37 17 15
37 18 15
37 19 15
37 20 15
37 21 15
37 22 15
37 23 15
37 24 15
37 25 12
37 26 1
37 27 15
37 28 4
38 0 1
38 1 15
38 2 15
38 3 15
38 4 15
38 5 15
38 6 15
38 7 15
38 8 4
38 10 9
38 11 15
38 12 15
38 13 15
38 14 15
38 15 15
38 16 15
38 17 15
38 18 15
38 19 15
38 20 15
38 21 15
38 22 15
38 23 15
38 24 15
38 25 15
38 26 4
38 27 2
39 0 1
39 1 15
39 2 7
39 3 15
39 4 15
39 5 15
39 6 15
39 7 6
39 9 1
39 10 15
39 11 15
39 12 15
39 13 15
39 14 15
39 15 15
39 16 15
39 17 15
39 18 15
39 19 15
39 20 15
39 21 15
39 22 15
39 23 15
39 24 15
39 25 15
39 26 4
39 27 1
39 28 4
39 42 8
39 43 8
40 1 3
40 2 5
40 3 15
40 4 15
40 5 15
40 6 15
40 7 4
40 9 1
40 10 15
40 11 15
40 12 15
40 13 15
40 14 15
40 15 15
40 16 6
40 17 2
40 18 3
40 19 15
40 20 15
40 21 15
40 22 15
40 23 15
40 24 15
40 25 15
40 26 4
40 27 1
40 28 4
40 42 2
40 43 2
41 1 1
41 2 5
41 3 15
41 4 15
41 5 15
41 6 15
41 7 4
41 9 1
41 10 15
41 11 15
41 12 15
41 13 15
41 14 15
41 15 15
41 16 4
41 19 11
41 20 15
41 21 15
41 22 15
41 23 15
41 24 15
41 25 6
41 27 1
41 28 4
41 40 1
41 41 4
41 44 1
41 45 4
42 1 1
42 2 4
42 3 3
42 4 15
42 5 15
42 6 15
42 7 4
42 9 1
42 10 15
42 11 15
42 12 15
42 13 15
42 14 15
42 15 15
42 16 12
42 17 8
42 18 9
42 19 15
42 20 15
42 21 15
42 22 15
42 23 15
42 24 15
42 25 4
42 27 1
42 28 4
42 40 1
42 41 4
42 44 1
42 45 4
43 1 1
43 2 4
43 4 3
43 5 15
43 6 15
43 7 12
43 9 1
43 10 15
43 11 15
43 12 15
43 13 15
43 14 15
43 15 15
43 16 15
43 17 15
43 18 15
43 19 15
43 20 15
43 21 15
43 22 15
43 23 15
43 24 15
43 25 4
43 27 1
43 28 4
43 40 1
43 41 4
43 44 1
43 45 4
44 4 9
44 5 15
44 6 15
44 7 15
44 8 4
44 10 3
44 11 15
44 12 15
44 13 15
44 14 15
44 15 15
44 16 15
44 17 15
44 18 15
44 19 15
44 20 15
44 21 15
44 22 15
44 23 14
44 24 2
44 27 9
44 28 4
44 47 8
44 48 8
44 49 8
44 50 8
44 51 8
44 52 8
45 1 8
45 3 1
45 4 15
45 5 15
45 6 15
45 7 15
45 8 4
45 11 3
45 12 15
45 13 15
45 14 15
45 15 15
45 16 15
45 17 15
45 18 15
45 19 15
45 20 15
45 21 15
45 22 15
45 23 6
45 26 9
45 27 15
45 28 4
45 47 2
45 48 2
45 49 2
45 50 2
45 51 2
45 52 2
46 0 1
46 1 15
46 2 4
46 3 9
46 4 15
46 5 15
46 6 15
46 7 15
46 8 4
46 11 1
46 12 15
46 13 15
46 14 15
46 15 15
46 16 15
46 17 15
46 18 15
46 19 15
46 20 15
46 21 6
46 22 2
46 25 1
46 26 15
46 27 6
46 33 8
46 34 8
46 45 1
46 46 4
46 53 1
46 54 4
47 0 1
47 1 15
47 2 5
47 3 15
47 4 15
47 5 15
47 6 15
47 7 15
47 8 4
47 12 2
47 13 3
47 14 15
47 15 15
47 16 15
47 17 15
47 18 15
47 19 6
47 20 2
47 26 2
47 33 2
47 34 2
47 53 1
47 54 4
48 1 2
48 2 1
48 3 15
48 4 15
48 5 15
48 6 15
48 7 15
48 8 4
48 14 2
48 15 3
48 16 15
48 17 14
48 18 2
48 31 1
48 32 4
48 53 1
48 54 4
49 0 1
49 1 4
49 2 1
49 3 15
49 4 15
49 5 15
49 6 15
49 7 6
49 15 1
49 16 15
49 17 6
49 31 1
49 32 4
49 45 1
49 46 4
49 53 1
49 54 4
50 0 9
50 1 4
50 2 9
50 3 15
50 4 15
50 5 15
50 6 15
50 7 4
50 15 9
50 16 6
50 33 8
50 34 8
50 47 8
50 48 8
50 49 8
50 50 8
50 51 8
50 52 8
51 0 15
51 1 5
51 2 15
51 3 15
51 4 15
51 5 15
51 6 15
51 7 12
51 14 1
51 15 15
51 16 4
51 33 2
51 34 2
51 47 2
51 48 2
51 49 2
51 50 2
51 51 2
51 52 2
52 0 2
52 1 9
52 2 15
52 3 15
52 4 15
52 5 15
52 6 15
52 7 15
52 8 12
52 14 1
52 15 6
52 37 8
52 40 8
53 0 9
53 1 15
53 2 15
53 3 15
53 4 15
53 5 15
53 6 15
53 7 15
53 8 15
53 9 4
53 14 1
53 15 12
53 37 2
53 40 2
54 0 15
54 1 15
54 2 15
54 3 15
54 4 15
54 5 15
54 6 15
54 7 15
54 8 15
54 9 4
54 14 1
54 15 15
54 16 12
54 35 1
54 36 4
54 41 1
54 42 4
55 0 15
55 1 15
55 2 15
55 3 15
55 4 15
55 5 15
55 6 15
55 7 14
55 8 10
55 9 8
55 15 3
55 16 15
55 17 12
55 31 8
55 32 8
55 33 8
55 34 8
55 35 1
55 36 4
55 41 1
55 42 4
56 0 15
56 1 15
56 2 15
56 3 15
56 4 15
56 5 15
56 6 15
56 7 15
56 8 15
56 9 15
56 10 4
56 16 3
56 17 15
56 18 4
56 27 8
56 31 2
56 32 2
56 33 3
56 34 15
56 35 5
56 36 4
56 41 1
56 42 5
56 43 4
56 46 1
56 47 4
57 0 3
57 1 15
57 2 15
57 3 15
57 4 15
57 5 15
57 6 15
57 7 15
57 8 15
57 9 6
57 17 2
57 23 8
57 24 8
57 25 8
57 26 9
57 27 15
57 28 4
57 34 3
57 35 5
57 36 4
57 41 1
57 42 5
57 43 4
57 46 1
57 47 4
58 0 1
58 1 15
58 2 15
58 3 15
58 4 15
58 5 15
58 6 15
58 7 15
58 8 15
58 9 4
58 22 9
58 23 15
58 24 6
58 25 2
58 26 2
58 27 2
58 34 1
58 35 5
58 36 4
58 41 1
58 42 5
58 43 4
58 46 1
58 47 4
59 1 3
59 2 15
59 3 15
59 4 15
59 5 15
59 6 15
59 7 15
59 8 15
59 9 12
59 21 1
59 22 15
59 23 6
59 34 1
59 35 5
59 36 4
59 41 1
59 42 5
59 43 4
59 46 1
59 47 4
60 1 1
60 2 15
60 3 15
60 4 15
60 5 15
60 6 15
60 7 15
60 8 15
60 9 15
60 10 4
60 21 1
60 22 14
60 28 1
60 29 4
60 32 1
60 33 4
60 34 9
60 35 4
60 37 8
60 38 8
60 39 8
60 40 8
60 44 8
60 45 8
61 2 2
61 3 3
61 4 15
61 5 15
61 6 15
61 7 15
61 8 15
61 9 14
61 21 1
61 22 15
61 23 12
61 24 8
61 25 8
61 26 8
61 27 8
61 28 8
61 30 8
61 31 8
61 33 9
61 34 15
61 35 4
61 37 2
61 38 2
61 39 2
61 40 2
61 44 2
61 45 2
62 4 2
62 5 2
62 6 2
62 7 3
62 8 15
62 9 15
62 10 4
62 22 2
62 23 2
62 24 2
62 25 2
62 26 2
62 27 3
62 28 15
62 29 12
62 30 10
62 31 10
62 32 9
62 33 15
62 34 6
63 8 2
63 9 2
63 28 2
63 29 2
63 30 2
63 31 2
63 32 2
63 33 2
