0
0 7 2
0 15 1
0 16 15
0 17 6
0 18 2
0 19 2
0 20 2
0 21 2
0 22 2
0 23 2
0 24 2
0 25 2
0 26 3
0 27 15
0 28 4
0 36 1
0 37 4
1 15 1
1 16 6
1 26 1
1 27 6
1 36 1
1 37 4
2 15 1
2 16 4
2 26 1
2 27 4
2 36 1
2 37 4
3 15 1
3 16 4
3 26 1
3 27 4
3 36 1
3 37 4
4 15 1
4 16 4
4 26 1
4 27 4
4 36 1
4 37 4
7 15 1
7 16 4
7 26 1
7 27 4
7 36 1
7 37 4
8 15 1
8 16 4
8 26 1
8 27 4
8 36 1
8 37 4
9 15 1
9 16 4
9 26 1
9 27 4
9 36 1
9 37 4
10 15 1
10 16 4
10 26 1
10 27 4
10 36 1
10 37 4
11 15 1
11 16 12
11 26 1
11 27 12
11 36 1
11 37 4
12 2 8
12 15 1
12 16 15
12 17 12
12 18 8
12 19 8
12 20 8
12 21 8
12 22 8
12 23 8
12 24 8
12 25 8
12 26 9
12 27 15
12 28 12
12 36 1
12 37 4
13 1 1
13 2 15
13 3 4
13 15 1
13 16 6
13 17 2
13 18 2
13 19 2
13 20 2
13 21 2
13 22 2
13 23 3
13 24 6
13 25 2
13 26 2
13 27 3
13 28 15
13 29 12
13 36 1
13 37 4
14 2 2
14 4 8
14 28 3
14 29 15
14 30 4
14 36 1
14 37 4
15 3 1
15 4 15
15 5 12
15 6 8
15 7 8
15 8 8
15 9 8
15 10 8
15 11 8
15 12 8
15 13 8
15 14 8
15 15 9
15 16 12
15 17 8
15 18 8
15 19 8
15 20 8
15 21 8
15 22 8
15 23 9
15 24 4
15 29 3
15 30 4
15 36 1
15 37 4
16 4 2
16 5 2
16 6 2
16 7 2
16 8 2
16 9 2
16 10 2
16 11 2
16 12 2
16 13 2
16 14 2
16 15 2
16 16 2
16 17 2
16 18 2
16 19 2
16 20 2
16 21 2
16 22 3
16 23 15
16 24 12
16 29 9
16 30 4
16 36 1
16 37 4
17 23 3
17 24 15
17 25 12
17 28 9
17 29 15
17 30 4
17 36 1
17 37 4
18 24 3
18 25 15
18 26 12
18 27 9
18 28 15
18 29 6
18 36 1
18 37 4
19 25 2
19 26 2
19 27 2
19 28 2
19 36 1
19 37 4
20 36 1
20 37 4
21 15 8
21 16 8
21 17 8
21 18 8
21 19 8
21 20 8
21 21 8
21 22 8
21 23 8
21 24 8
21 25 8
21 26 8
21 27 8
21 28 8
21 29 8
21 30 8
21 31 8
21 32 8
21 33 8
21 34 8
21 35 8
21 36 9
21 37 4
22 15 2
22 16 2
22 17 2
22 18 2
22 19 2
22 20 2
22 21 2
22 22 2
22 23 2
22 24 2
22 25 2
22 26 2
22 27 2
22 28 2
22 29 2
22 30 2
22 31 2
22 32 2
22 33 2
22 34 2
22 35 2
22 36 2
48 12 8
48 13 8
48 14 8
48 15 8
49 11 9
49 12 15
49 13 15
49 14 15
49 15 15
49 16 12
49 17 8
50 9 8
50 10 9
50 11 15
50 12 15
50 13 15
50 14 15
50 15 15
50 16 15
50 17 15
50 18 4
50 61 1
50 62 4
51 8 1
51 9 15
51 10 15
51 11 15
51 12 15
51 13 15
51 14 15
51 15 15
51 16 15
51 17 15
51 18 12
52 8 9
52 9 15
52 10 15
52 11 15
52 12 6
52 13 11
52 14 15
52 15 15
52 16 15
52 17 15
52 18 15
52 19 4
53 7 9
53 8 15
53 9 15
53 10 6
53 11 2
53 12 1
53 13 15
53 14 7
53 15 15
53 16 15
53 17 15
53 18 15
53 19 4
53 57 1
53 58 4
54 6 1
54 7 15
54 8 15
54 9 15
54 10 12
54 12 1
54 13 15
54 14 4
54 15 11
54 16 15
54 17 15
54 18 6
54 50 1
54 51 4
54 53 9
54 54 4
54 57 1
54 58 12
54 60 1
54 61 4
55 6 1
55 7 15
55 8 15
55 9 15
55 10 15
55 11 4
55 12 8
55 13 10
55 14 9
55 15 15
55 16 15
55 17 6
55 50 1
55 51 4
55 52 1
55 53 15
55 54 4
55 57 1
55 58 15
55 59 4
55 60 1
55 61 4
56 6 1
56 7 15
56 8 15
56 9 15
56 10 15
56 11 13
56 12 15
56 13 15
56 14 15
56 15 15
56 16 6
56 50 1
56 51 4
56 52 1
56 53 6
56 58 3
56 59 4
56 60 1
56 61 4
57 6 9
57 7 15
57 8 15
57 9 15
57 10 15
57 11 15
57 12 15
57 13 15
57 14 15
57 15 15
57 16 4
57 50 1
57 51 4
57 52 1
57 53 4
57 54 1
57 55 4
57 56 1
57 57 4
57 58 1
57 59 4
57 60 1
57 61 4
58 5 1
58 6 15
58 7 15
58 8 15
58 9 15
58 10 15
58 11 15
58 12 15
58 13 15
58 14 15
58 15 6
58 50 1
58 51 4
58 52 1
58 53 4
58 54 1
58 55 4
58 56 1
58 57 4
58 58 1
58 59 4
58 60 1
58 61 4
59 5 9
59 6 15
59 7 15
59 8 15
59 9 15
59 10 15
59 11 15
59 12 15
59 13 15
59 14 6
59 50 1
59 51 4
59 52 1
59 53 4
59 58 1
59 59 4
59 60 1
59 61 4
60 4 1
60 5 15
60 6 15
60 7 15
60 8 15
60 9 15
60 10 15
60 11 15
60 12 15
60 13 15
60 14 4
60 50 1
60 51 4
60 52 1
60 53 4
60 58 1
60 59 4
60 60 1
60 61 4
60 63 1
61 5 3
61 6 15
61 7 15
61 8 15
61 9 15
61 10 15
61 11 15
61 12 15
61 13 15
61 14 4
61 50 1
61 51 4
61 52 1
61 53 4
61 54 1
61 55 4
61 56 1
61 57 4
61 58 1
61 59 4
61 60 1
61 61 4
61 63 1
62 5 1
62 6 15
62 7 15
62 8 15
62 9 15
62 10 15
62 11 15
62 12 15
62 13 6
62 51 8
62 52 1
62 53 4
62 54 1
62 55 4
62 56 1
62 57 4
62 58 1
62 59 4
62 63 1
63 5 1
63 6 15
63 7 15
63 8 15
63 9 15
63 10 15
63 11 15
63 12 15
63 13 4
63 51 2
63 63 1
