0
0 0 15
0 1 15
0 2 4
0 15 1
0 16 15
0 17 4
0 18 3
0 19 15
0 20 12
0 34 9
0 35 4
0 40 1
0 41 4
0 45 1
0 46 4
0 48 1
0 49 4
0 62 1
0 63 15
1 0 15
1 1 15
1 2 12
1 16 2
1 19 3
1 20 15
1 21 4
1 29 1
1 30 4
1 34 3
1 35 4
1 40 1
1 41 4
1 45 1
1 46 4
1 48 1
1 49 4
1 62 9
1 63 15
2 0 15
2 1 15
2 2 15
2 3 4
2 14 1
2 15 4
2 20 3
2 21 4
2 29 1
2 30 4
2 34 1
2 35 4
2 40 1
2 41 4
2 48 1
2 49 4
2 61 9
2 62 15
2 63 15
3 0 15
3 1 15
3 2 15
3 3 12
3 11 8
3 12 8
3 13 8
3 14 9
3 15 4
3 22 8
3 23 8
3 34 1
3 35 4
3 40 1
3 41 4
3 45 1
3 46 4
3 60 9
3 61 15
3 62 15
3 63 15
4 0 15
4 1 15
4 2 15
4 3 15
4 4 4
4 11 2
4 12 2
4 13 2
4 14 2
4 21 1
4 22 15
4 23 15
4 24 12
4 29 1
4 30 4
4 40 1
4 41 4
4 45 1
4 46 4
4 59 9
4 60 15
4 61 15
4 62 15
4 63 15
5 0 15
5 1 15
5 2 15
5 3 15
5 4 12
5 14 8
5 20 1
5 21 5
5 22 15
5 23 15
5 24 15
5 25 4
5 29 1
5 30 4
5 34 1
5 35 12
5 40 1
5 41 4
5 48 1
5 49 4
5 58 1
5 59 15
5 60 15
5 61 15
5 62 15
5 63 15
6 0 15
6 1 15
6 2 15
6 3 15
6 4 15
6 5 12
6 14 11
6 15 12
6 20 9
6 21 4
6 22 3
6 23 15
6 24 15
6 25 12
6 29 1
6 30 4
6 34 1
6 35 15
6 36 12
6 48 1
6 49 4
6 58 1
6 59 15
6 60 15
6 61 15
6 62 15
6 63 15
7 0 15
7 1 15
7 2 15
7 3 15
7 4 15
7 5 15
7 6 12
7 14 3
7 15 15
7 16 12
7 19 9
7 20 15
7 21 4
7 23 3
7 24 15
7 25 15
7 26 12
7 35 2
7 36 2
7 45 1
7 46 4
7 48 1
7 49 4
7 58 1
7 59 15
7 60 15
7 61 15
7 62 15
7 63 15
8 0 15
8 1 15
8 2 15
8 3 15
8 4 15
8 5 15
8 6 15
8 7 12
8 15 3
8 16 15
8 17 4
8 18 1
8 19 15
8 20 6
8 23 1
8 24 15
8 25 15
8 26 15
8 27 12
8 28 8
8 45 9
8 46 4
8 48 1
8 49 12
8 58 9
8 59 15
8 60 15
8 61 15
8 62 15
8 63 15
9 0 15
9 1 15
9 2 15
9 3 15
9 4 15
9 5 15
9 6 15
9 7 15
9 8 4
9 16 3
9 17 4
9 18 1
9 19 6
9 23 1
9 24 15
9 25 15
9 26 15
9 27 15
9 28 15
9 29 4
9 39 8
9 40 8
9 41 8
9 42 8
9 43 8
9 44 9
9 45 15
9 46 4
9 48 1
9 49 15
9 50 12
9 51 8
9 52 8
9 53 8
9 54 8
9 57 9
9 58 15
9 59 15
9 60 15
9 61 15
9 62 15
9 63 15
10 0 15
10 1 15
10 2 15
10 3 15
10 4 15
10 5 15
10 6 15
10 7 6
10 24 3
10 25 15
10 26 15
10 27 15
10 28 15
10 29 12
10 36 1
10 37 4
10 39 2
10 40 2
10 41 2
10 42 2
10 43 2
10 44 2
10 45 2
10 49 2
10 50 2
10 51 2
10 52 2
10 53 2
10 54 2
10 56 1
10 57 15
10 58 15
10 59 15
10 60 15
10 61 15
10 62 15
10 63 15
11 0 15
11 1 15
11 2 15
11 3 15
11 4 15
11 5 6
11 6 2
11 25 3
11 26 15
11 27 15
11 28 15
11 29 15
11 30 4
11 36 1
11 37 12
11 57 3
11 58 15
11 59 15
11 60 15
11 61 15
11 62 15
11 63 15
12 0 15
12 1 15
12 2 15
12 3 15
12 4 6
12 25 1
12 26 15
12 27 15
12 28 15
12 29 15
12 30 12
12 36 1
12 37 15
12 38 12
12 39 8
12 40 8
12 41 8
12 42 8
12 43 8
12 44 8
12 45 8
12 49 8
12 50 8
12 51 8
12 52 8
12 53 8
12 54 8
12 57 1
12 58 15
12 59 15
12 60 15
12 61 15
12 62 15
12 63 15
13 0 15
13 1 15
13 2 15
13 3 6
13 25 1
13 26 15
13 27 15
13 28 15
13 29 15
13 30 15
13 31 4
13 37 3
13 38 15
13 39 6
13 40 2
13 41 2
13 42 2
13 43 2
13 44 3
13 45 15
13 46 4
13 48 1
13 49 15
13 50 6
13 51 2
13 52 2
13 53 2
13 54 2
13 57 1
13 58 15
13 59 15
13 60 15
13 61 15
13 62 15
13 63 15
14 0 15
14 1 15
14 2 15
14 3 4
14 26 3
14 27 15
14 28 15
14 29 15
14 30 15
14 31 4
14 37 1
14 38 6
14 45 2
14 48 1
14 49 6
14 57 1
14 58 15
14 59 15
14 60 15
14 61 15
14 62 15
14 63 15
15 0 15
15 1 15
15 2 6
15 27 3
15 28 15
15 29 15
15 30 15
15 31 12
15 37 1
15 38 4
15 48 1
15 49 4
15 57 1
15 58 15
15 59 15
15 60 15
15 61 15
15 62 15
15 63 15
16 0 15
16 1 15
16 2 4
16 27 1
16 28 15
16 29 15
16 30 15
16 31 15
16 32 4
16 37 1
16 38 4
16 45 8
16 48 1
16 49 4
16 57 1
16 58 15
16 59 15
16 60 15
16 61 15
16 62 15
16 63 15
17 0 15
17 1 6
17 28 3
17 29 15
17 30 15
17 31 15
17 32 12
17 37 1
17 38 4
17 39 1
17 40 4
17 42 8
17 43 8
17 44 9
17 45 15
17 46 5
17 47 4
17 48 1
17 49 4
17 54 8
17 57 1
17 58 15
17 59 15
17 60 15
17 61 15
17 62 15
17 63 15
18 0 15
18 1 4
18 28 1
18 29 15
18 30 15
18 31 15
18 32 15
18 33 12
18 37 1
18 38 12
18 41 9
18 42 6
18 43 2
18 44 2
18 45 2
18 46 1
18 47 4
18 48 1
18 49 4
18 53 9
18 54 15
18 55 4
18 57 1
18 58 15
18 59 15
18 60 15
18 61 15
18 62 15
18 63 15
19 0 2
19 28 1
19 29 15
19 30 15
19 31 15
19 32 15
19 33 15
19 34 4
19 37 1
19 38 15
19 39 12
19 40 9
19 41 15
19 42 4
19 46 9
19 47 4
19 48 1
19 49 4
19 52 1
19 53 15
19 54 15
19 55 4
19 57 1
19 58 15
19 59 15
19 60 15
19 61 15
19 62 15
19 63 15
20 28 1
20 29 15
20 30 15
20 31 15
20 32 15
20 33 15
20 34 4
20 38 2
20 39 2
20 40 2
20 41 2
20 43 8
20 44 8
20 45 9
20 46 15
20 47 4
20 48 1
20 49 4
20 53 3
20 54 15
20 55 4
20 57 1
20 58 15
20 59 15
20 60 15
20 61 15
20 62 15
20 63 15
21 28 1
21 29 15
21 30 15
21 31 15
21 32 15
21 33 15
21 34 12
21 43 2
21 44 2
21 45 2
21 46 2
21 48 9
21 49 4
21 54 2
21 57 1
21 58 15
21 59 15
21 60 15
21 61 15
21 62 15
21 63 15
22 29 3
22 30 15
22 31 15
22 32 15
22 33 15
22 34 15
22 35 12
22 41 1
22 42 4
22 44 8
22 45 8
22 46 8
22 47 9
22 48 15
22 49 4
22 57 1
22 58 15
22 59 15
22 60 15
22 61 15
22 62 15
22 63 15
23 29 1
23 30 15
23 31 15
23 32 15
23 33 15
23 34 15
23 35 15
23 36 4
23 41 1
23 42 4
23 43 1
23 44 15
23 45 6
23 46 2
23 47 2
23 48 2
23 57 1
23 58 15
23 59 15
23 60 15
23 61 15
23 62 15
23 63 15
24 30 3
24 31 15
24 32 15
24 33 15
24 34 15
24 35 15
24 36 4
24 39 8
24 40 8
24 41 9
24 42 4
24 43 1
24 44 14
24 45 8
24 46 8
24 57 1
24 58 15
24 59 15
24 60 15
24 61 15
24 62 15
24 63 15
25 31 3
25 32 15
25 33 15
25 34 15
25 35 15
25 36 4
25 39 2
25 40 2
25 41 2
25 44 2
25 45 3
25 46 15
25 47 4
25 57 1
25 58 15
25 59 15
25 60 15
25 61 15
25 62 15
25 63 15
26 17 8
26 18 8
26 19 8
26 20 8
26 21 8
26 22 8
26 23 8
26 31 1
26 32 15
26 33 15
26 34 15
26 35 15
26 36 4
26 46 3
26 47 4
26 57 1
26 58 15
26 59 15
26 60 15
26 61 15
26 62 15
26 63 15
27 16 1
27 17 15
27 18 6
27 19 2
27 20 2
27 21 2
27 22 2
27 23 2
27 24 1
27 25 4
27 31 1
27 32 15
27 33 15
27 34 15
27 35 15
27 36 4
27 46 1
27 47 4
27 53 8
27 54 8
27 57 8
27 58 10
27 59 2
27 60 2
27 61 3
27 62 15
27 63 15
28 16 1
28 17 6
28 18 1
28 19 4
28 24 1
28 25 4
28 31 9
28 32 15
28 33 15
28 34 15
28 35 15
28 36 4
28 46 1
28 47 4
28 52 1
28 53 6
28 54 2
28 57 3
28 58 15
28 59 4
28 61 1
28 62 15
28 63 15
29 16 1
29 17 4
29 18 1
29 19 4
29 24 1
29 25 4
29 30 1
29 31 15
29 32 15
29 33 15
29 34 15
29 35 15
29 36 4
29 46 1
29 47 4
29 52 1
29 53 4
29 58 3
29 59 4
29 61 1
29 62 15
29 63 15
30 16 1
30 17 4
30 18 1
30 19 4
30 24 1
30 25 4
30 30 9
30 31 15
30 32 15
30 33 15
30 34 15
30 35 6
30 46 1
30 47 4
30 52 1
30 53 4
30 58 9
30 59 4
30 62 3
30 63 15
31 16 1
31 17 4
31 18 1
31 19 12
31 24 9
31 25 4
31 29 1
31 30 15
31 31 15
31 32 15
31 33 6
31 34 2
31 46 1
31 47 4
31 56 8
31 57 9
31 58 15
31 59 4
31 62 1
31 63 15
32 16 1
32 17 4
32 18 1
32 19 15
32 20 12
32 22 8
32 23 9
32 24 15
32 25 4
32 29 1
32 30 15
32 31 15
32 32 6
32 36 8
32 37 8
32 38 8
32 46 1
32 47 12
32 48 8
32 49 8
32 50 8
32 51 8
32 56 2
32 57 2
32 58 2
32 62 9
32 63 15
33 16 1
33 17 4
33 19 2
33 20 2
33 22 2
33 23 2
33 24 2
33 29 1
33 30 15
33 31 15
33 32 4
33 35 1
33 36 6
33 37 2
33 38 2
33 47 2
33 48 2
33 49 3
33 50 7
33 51 15
33 52 4
33 61 9
33 62 15
33 63 15
34 16 1
34 17 4
34 24 1
34 25 4
34 29 1
34 30 15
34 31 15
34 32 4
34 35 1
34 36 4
34 49 1
34 50 4
34 51 3
34 52 4
34 60 1
34 61 15
34 62 15
34 63 15
35 16 1
35 17 4
35 24 1
35 25 4
35 29 9
35 30 15
35 31 15
35 32 12
35 35 1
35 36 4
35 51 1
35 52 4
35 60 1
35 61 15
35 62 15
35 63 15
36 16 1
36 17 4
36 24 1
36 25 4
36 28 1
36 29 15
36 30 15
36 31 15
36 32 15
36 33 4
36 35 1
36 36 4
36 49 1
36 50 4
36 51 1
36 52 4
36 60 1
36 61 15
36 62 15
36 63 15
37 17 8
37 24 9
37 25 4
37 28 9
37 29 15
37 30 15
37 31 15
37 32 15
37 33 4
37 35 1
37 36 12
37 37 8
37 38 8
37 39 8
37 46 8
37 47 8
37 48 8
37 49 9
37 50 4
37 51 1
37 52 4
37 61 3
37 62 15
37 63 15
38 0 8
38 16 1
38 17 15
38 18 4
38 23 1
38 24 15
38 25 4
38 27 1
38 28 15
38 29 15
38 30 15
38 31 15
38 32 15
38 33 4
38 36 2
38 37 2
38 38 2
38 39 3
38 40 4
38 45 1
38 46 6
38 47 2
38 48 2
38 49 2
38 62 3
38 63 15
39 0 15
39 1 4
39 17 2
39 24 2
39 27 1
39 28 15
39 29 15
39 30 15
39 31 15
39 32 15
39 33 4
39 34 8
39 35 8
39 39 1
39 40 4
39 45 1
39 46 4
39 49 1
39 50 4
39 53 8
39 56 8
39 57 8
39 63 2
40 0 15
40 1 4
40 28 2
40 29 2
40 30 2
40 31 2
40 32 2
40 34 3
40 35 15
40 36 4
40 39 1
40 40 12
40 45 1
40 46 4
40 49 1
40 50 4
40 52 1
40 53 6
40 56 2
40 57 3
40 58 4
40 63 8
41 0 15
41 1 4
41 35 3
41 36 12
41 39 1
41 40 15
41 41 12
41 44 8
41 45 1
41 46 4
41 49 9
41 50 4
41 52 1
41 53 4
41 57 1
41 58 4
41 62 1
41 63 15
42 0 15
42 1 4
42 27 8
42 34 8
42 35 1
42 36 15
42 37 12
42 38 8
42 39 8
42 40 10
42 41 10
42 44 10
42 45 8
42 46 8
42 47 8
42 48 9
42 49 15
42 50 4
42 52 1
42 53 4
42 57 1
42 58 4
42 61 8
42 62 9
42 63 15
43 0 15
43 1 4
43 26 9
43 27 15
43 28 12
43 29 8
43 30 8
43 31 8
43 32 8
43 33 1
43 34 15
43 35 12
43 36 2
43 37 2
43 38 2
43 39 2
43 40 2
43 41 2
43 44 2
43 45 2
43 46 2
43 47 2
43 48 2
43 49 2
43 51 8
43 52 1
43 53 4
43 57 1
43 58 4
43 60 9
43 61 15
43 62 15
43 63 15
44 0 15
44 1 12
44 25 1
44 26 15
44 27 15
44 28 15
44 29 15
44 30 15
44 31 15
44 32 15
44 33 4
44 34 3
44 35 15
44 36 12
44 37 8
44 40 8
44 41 8
44 42 8
44 43 8
44 44 8
44 45 8
44 46 8
44 49 8
44 50 9
44 51 15
44 52 5
44 53 4
44 57 9
44 58 4
44 59 1
44 60 15
44 61 15
44 62 15
44 63 15
45 0 15
45 1 15
45 2 12
45 26 3
45 27 15
45 28 15
45 29 15
45 30 15
45 31 15
45 32 15
45 33 4
45 35 2
45 36 2
45 37 2
45 40 2
45 41 2
45 42 2
45 43 2
45 44 2
45 45 2
45 46 2
45 49 2
45 50 2
45 51 2
45 52 1
45 53 4
45 56 1
45 57 6
45 60 3
45 61 15
45 62 15
45 63 15
46 0 15
46 1 15
46 2 15
46 3 4
46 27 2
46 28 3
46 29 15
46 30 15
46 31 15
46 32 15
46 33 12
46 46 8
46 52 1
46 53 4
46 56 1
46 57 4
46 60 1
46 61 15
46 62 15
46 63 15
47 0 15
47 1 15
47 2 15
47 3 4
47 28 1
47 29 15
47 30 15
47 31 15
47 32 15
47 33 15
47 34 12
47 45 9
47 46 15
47 47 12
47 52 1
47 53 12
47 56 9
47 57 4
47 60 1
47 61 15
47 62 15
47 63 15
48 0 15
48 1 15
48 2 15
48 3 4
48 28 9
48 29 15
48 30 15
48 31 15
48 32 15
48 33 15
48 34 15
48 35 12
48 36 8
48 44 1
48 45 15
48 46 15
48 47 15
48 48 12
48 53 2
48 56 2
48 60 9
48 61 15
48 62 15
48 63 15
49 0 15
49 1 15
49 2 15
49 3 4
49 13 8
49 26 8
49 27 9
49 28 15
49 29 15
49 30 15
49 31 15
49 32 15
49 33 15
49 34 15
49 35 15
49 36 15
49 37 4
49 44 9
49 45 15
49 46 15
49 47 15
49 48 15
49 49 12
49 59 1
49 60 15
49 61 15
49 62 15
49 63 15
50 0 15
50 1 15
50 2 15
50 3 4
50 12 9
50 13 15
50 14 12
50 25 1
50 26 15
50 27 15
50 28 15
50 29 15
50 30 15
50 31 15
50 32 15
50 33 15
50 34 15
50 35 15
50 36 15
50 37 12
50 42 8
50 43 9
50 44 15
50 45 15
50 46 15
50 47 15
50 48 15
50 49 15
50 50 12
50 59 9
50 60 15
50 61 15
50 62 15
50 63 15
51 0 15
51 1 15
51 2 15
51 3 12
51 11 9
51 12 15
51 13 15
51 14 15
51 15 12
51 25 8
51 26 11
51 27 15
51 28 15
51 29 15
51 30 15
51 31 15
51 32 15
51 33 15
51 34 15
51 35 15
51 36 15
51 37 15
51 38 12
51 39 8
51 40 8
51 41 9
51 42 15
51 43 15
51 44 15
51 45 15
51 46 15
51 47 15
51 48 15
51 49 15
51 50 15
51 51 4
51 58 1
51 59 15
51 60 15
51 61 15
51 62 15
51 63 15
52 0 15
52 1 15
52 2 15
52 3 15
52 4 12
52 9 8
52 10 9
52 11 15
52 12 15
52 13 15
52 14 15
52 15 15
52 16 12
52 23 8
52 24 9
52 25 15
52 26 15
52 27 15
52 28 15
52 29 15
52 30 15
52 31 15
52 32 15
52 33 15
52 34 15
52 35 15
52 36 15
52 37 15
52 38 15
52 39 15
52 40 15
52 41 15
52 42 15
52 43 15
52 44 15
52 45 15
52 46 15
52 47 15
52 48 15
52 49 15
52 50 15
52 51 12
52 52 8
52 53 8
52 57 8
52 58 9
52 59 15
52 60 15
52 61 15
52 62 15
52 63 15
53 0 15
53 1 15
53 2 15
53 3 15
53 4 15
53 5 12
53 6 8
53 7 8
53 8 9
53 9 15
53 10 15
53 11 15
53 12 15
53 13 15
53 14 15
53 15 15
53 16 15
53 17 4
53 22 9
53 23 15
53 24 15
53 25 15
53 26 15
53 27 15
53 28 15
53 29 15
53 30 15
53 31 15
53 32 15
53 33 15
53 34 15
53 35 15
53 36 15
53 37 15
53 38 15
53 39 15
53 40 15
53 41 15
53 42 15
53 43 15
53 44 15
53 45 15
53 46 15
53 47 15
53 48 15
53 49 15
53 50 15
53 51 15
53 52 15
53 53 15
53 54 4
53 56 9
53 57 15
53 58 15
53 59 15
53 60 15
53 61 15
53 62 15
53 63 15
54 0 15
54 1 15
54 2 15
54 3 15
54 4 15
54 5 15
54 6 15
54 7 15
54 8 15
54 9 15
54 10 15
54 11 15
54 12 15
54 13 15
54 14 15
54 15 15
54 16 15
54 17 12
54 18 8
54 20 8
54 21 9
54 22 15
54 23 15
54 24 15
54 25 15
54 26 15
54 27 15
54 28 15
54 29 15
54 30 15
54 31 15
54 32 15
54 33 15
54 34 15
54 35 15
54 36 15
54 37 15
54 38 15
54 39 15
54 40 15
54 41 15
54 42 15
54 43 15
54 44 15
54 45 15
54 46 15
54 47 15
54 48 15
54 49 15
54 50 15
54 51 15
54 52 15
54 53 15
54 54 4
54 55 1
54 56 15
54 57 15
54 58 15
54 59 15
54 60 15
54 61 15
54 62 15
54 63 15
55 0 15
55 1 15
55 2 15
55 3 15
55 4 15
55 5 15
55 6 15
55 7 15
55 8 15
55 9 15
55 10 15
55 11 15
55 12 15
55 13 15
55 14 15
55 15 15
55 16 15
55 17 15
55 18 15
55 19 13
55 20 15
55 21 15
55 22 15
55 23 15
55 24 15
55 25 15
55 26 15
55 27 15
55 28 15
55 29 15
55 30 15
55 31 15
55 32 15
55 33 15
55 34 15
55 35 15
55 36 15
55 37 15
55 38 15
55 39 15
55 40 15
55 41 15
55 42 15
55 43 15
55 44 15
55 45 15
55 46 15
55 47 15
55 48 15
55 49 15
55 50 15
55 51 15
55 52 15
55 53 15
55 54 4
55 56 3
55 57 15
55 58 15
55 59 15
55 60 15
55 61 15
55 62 15
55 63 15
56 0 15
56 1 15
56 2 15
56 3 15
56 4 15
56 5 15
56 6 15
56 7 15
56 8 15
56 9 15
56 10 15
56 11 15
56 12 15
56 13 15
56 14 15
56 15 15
56 16 15
56 17 15
56 18 15
56 19 15
56 20 15
56 21 15
56 22 15
56 23 15
56 24 15
56 25 15
56 26 15
56 27 15
56 28 15
56 29 15
56 30 15
56 31 15
56 32 15
56 33 15
56 34 15
56 35 15
56 36 15
56 37 15
56 38 15
56 39 15
56 40 15
56 41 15
56 42 15
56 43 15
56 44 15
56 45 15
56 46 15
56 47 15
56 48 15
56 49 15
56 50 15
56 51 15
56 52 15
56 53 15
56 54 4
56 56 9
56 57 15
56 58 15
56 59 15
56 60 15
56 61 15
56 62 15
56 63 15
57 0 15
57 1 15
57 2 15
57 3 15
57 4 15
57 5 15
57 6 15
57 7 15
57 8 15
57 9 15
57 10 15
57 11 15
57 12 15
57 13 15
57 14 15
57 15 15
57 16 15
57 17 15
57 18 15
57 19 15
57 20 15
57 21 15
57 22 15
57 23 15
57 24 15
57 25 15
57 26 15
57 27 15
57 28 15
57 29 15
57 30 15
57 31 15
57 32 15
57 33 15
57 34 15
57 35 15
57 36 15
57 37 15
57 38 15
57 39 15
57 40 15
57 41 15
57 42 15
57 43 15
57 44 15
57 45 15
57 46 15
57 47 15
57 48 15
57 49 15
57 50 15
57 51 15
57 52 15
57 53 6
57 55 1
57 56 15
57 57 15
57 58 15
57 59 15
57 60 15
57 61 15
57 62 15
57 63 15
58 0 15
58 1 15
58 2 15
58 3 15
58 4 15
58 5 15
58 6 15
58 7 15
58 8 15
58 9 15
58 10 15
58 11 15
58 12 15
58 13 15
58 14 15
58 15 15
58 16 15
58 17 15
58 18 15
58 19 15
58 20 15
58 21 15
58 22 15
58 23 15
58 24 15
58 25 15
58 26 15
58 27 15
58 28 15
58 29 15
58 30 15
58 31 15
58 32 15
58 33 15
58 34 15
58 35 15
58 36 15
58 37 15
58 38 15
58 39 15
58 40 15
58 41 15
58 42 15
58 43 15
58 44 15
58 45 15
58 46 15
58 47 15
58 48 15
58 49 15
58 50 6
58 51 2
58 52 2
58 56 2
58 57 2
58 58 2
58 59 3
58 60 15
58 61 15
58 62 15
58 63 15
59 0 15
59 1 15
59 2 15
59 3 15
59 4 15
59 5 15
59 6 15
59 7 15
59 8 15
59 9 15
59 10 15
59 11 15
59 12 15
59 13 15
59 14 15
59 15 15
59 16 15
59 17 15
59 18 15
59 19 15
59 20 15
59 21 15
59 22 15
59 23 15
59 24 15
59 25 15
59 26 15
59 27 15
59 28 15
59 29 15
59 30 15
59 31 15
59 32 15
59 33 15
59 34 15
59 35 15
59 36 15
59 37 15
59 38 15
59 39 15
59 40 15
59 41 15
59 42 15
59 43 15
59 44 15
59 45 15
59 46 15
59 47 15
59 48 15
59 49 15
59 50 4
59 59 1
59 60 15
59 61 15
59 62 15
59 63 15
60 0 15
60 1 15
60 2 15
60 3 15
60 4 15
60 5 15
60 6 15
60 7 15
60 8 15
60 9 15
60 10 15
60 11 15
60 12 15
60 13 15
60 14 15
60 15 15
60 16 15
60 17 15
60 18 15
60 19 15
60 20 15
60 21 15
60 22 15
60 23 15
60 24 15
60 25 15
60 26 15
60 27 15
60 28 15
60 29 15
60 30 15
60 31 15
60 32 15
60 33 15
60 34 15
60 35 15
60 36 15
60 37 15
60 38 15
60 39 15
60 40 15
60 41 15
60 42 15
60 43 15
60 44 15
60 45 15
60 46 15
60 47 15
60 48 15
60 49 15
60 50 4
60 60 11
60 61 15
60 62 15
60 63 15
61 0 15
61 1 15
61 2 15
61 3 15
61 4 15
61 5 15
61 6 15
61 7 15
61 8 15
61 9 15
61 10 15
61 11 15
61 12 15
61 13 15
61 14 15
61 15 15
61 16 15
61 17 15
61 18 15
61 19 15
61 20 15
61 21 15
61 22 15
61 23 15
61 24 15
61 25 15
61 26 15
61 27 15
61 28 15
61 29 15
61 30 15
61 31 15
61 32 15
61 33 15
61 34 15
61 35 15
61 36 15
61 37 15
61 38 15
61 39 15
61 40 15
61 41 15
61 42 15
61 43 15
61 44 15
61 45 15
61 46 15
61 47 15
61 48 15
61 49 15
61 50 4
61 59 1
61 60 15
61 61 15
61 62 15
61 63 15
62 0 15
62 1 15
62 2 15
62 3 15
62 4 15
62 5 15
62 6 15
62 7 15
62 8 15
62 9 15
62 10 15
62 11 15
62 12 15
62 13 15
62 14 15
62 15 15
62 16 15
62 17 15
62 18 15
62 19 15
62 20 15
62 21 15
62 22 15
62 23 15
62 24 15
62 25 15
62 26 15
62 27 15
62 28 15
62 29 15
62 30 15
62 31 15
62 32 15
62 33 15
62 34 15
62 35 15
62 36 15
62 37 15
62 38 15
62 39 15
62 40 15
62 41 15
62 42 15
62 43 15
62 44 15
62 45 15
62 46 15
62 47 15
62 48 15
62 49 15
62 50 12
62 51 8
62 59 9
62 60 15
62 61 15
62 62 15
62 63 15
63 0 15
63 1 15
63 2 15
63 3 15
63 4 15
63 5 15
63 6 15
63 7 15
63 8 15
63 9 15
63 10 15
63 11 15
63 12 15
63 13 15
63 14 15
63 15 15
63 16 15
63 17 15
63 18 15
63 19 15
63 20 15
63 21 15
63 22 15
63 23 15
63 24 15
63 25 15
63 26 15
63 27 15
63 28 15
63 29 15
63 30 15
63 31 15
63 32 15
63 33 15
63 34 15
63 35 15
63 36 15
63 37 15
63 38 15
63 39 15
63 40 15
63 41 15
63 42 15
63 43 15
63 44 15
63 45 15
63 46 15
63 47 15
63 48 15
63 49 15
63 50 15
63 51 15
63 52 4
63 58 1
63 59 15
63 60 15
63 61 15
63 62 15
63 63 15
