0
0 0 15
0 1 15
0 2 15
0 3 15
0 4 15
0 5 4
0 48 8
1 0 15
1 1 15
1 2 15
1 3 15
1 4 6
1 48 2
2 0 15
2 1 15
2 2 15
2 3 6
3 0 15
3 1 15
3 2 15
3 3 4
4 0 15
4 1 15
4 2 6
4 44 1
4 45 4
5 0 15
5 1 15
5 2 4
5 44 1
5 45 4
6 0 15
6 1 15
6 2 4
6 44 1
6 45 4
7 0 15
7 1 15
7 2 5
7 3 4
8 0 15
8 1 15
8 2 12
8 3 8
9 0 15
9 1 15
9 2 15
9 3 15
9 4 4
9 44 1
9 45 4
10 0 15
10 1 15
10 2 15
10 3 15
10 4 4
10 44 1
10 45 4
11 0 15
11 1 15
11 2 15
11 3 6
12 0 15
12 1 15
12 2 15
12 3 5
12 4 4
13 0 15
13 1 15
13 2 15
13 3 4
13 48 8
13 49 8
13 50 8
13 51 8
13 53 8
13 54 8
14 0 15
14 1 15
14 2 15
14 3 4
14 48 2
14 49 2
14 50 2
14 51 2
14 53 2
14 54 2
15 0 15
15 1 15
15 2 15
15 3 4
16 0 15
16 1 15
16 2 6
17 0 15
17 1 15
17 2 13
17 3 12
18 0 15
18 1 15
18 2 15
18 3 15
18 4 4
19 0 15
19 1 15
19 2 15
19 3 14
19 4 8
19 5 8
19 6 8
19 7 8
20 0 15
20 1 15
20 2 15
20 3 15
20 4 15
20 5 15
20 6 15
20 7 15
20 8 12
21 0 15
21 1 15
21 2 15
21 3 15
21 4 15
21 5 15
21 6 15
21 7 15
21 8 15
21 9 4
22 0 15
22 1 15
22 2 15
22 3 15
22 4 15
22 5 15
22 6 15
22 7 15
22 8 15
22 9 12
22 10 8
23 0 15
23 1 15
23 2 15
23 3 15
23 4 15
23 5 15
23 6 15
23 7 15
23 8 15
23 9 15
23 10 15
23 11 12
24 0 15
24 1 15
24 2 15
24 3 15
24 4 15
24 5 15
24 6 15
24 7 15
24 8 15
24 9 15
24 10 15
24 11 15
24 12 4
25 0 15
25 1 15
25 2 15
25 3 15
25 4 15
25 5 15
25 6 15
25 7 15
25 8 15
25 9 15
25 10 15
25 11 15
25 12 5
25 13 4
26 0 15
26 1 15
26 2 15
26 3 15
26 4 15
26 5 15
26 6 15
26 7 15
26 8 15
26 9 15
26 10 15
26 11 15
26 12 13
26 13 4
27 0 15
27 1 15
27 2 15
27 3 15
27 4 15
27 5 15
27 6 15
27 7 15
27 8 15
27 9 15
27 10 15
27 11 15
27 12 15
27 13 4
28 0 15
28 1 15
28 2 15
28 3 15
28 4 15
28 5 15
28 6 15
28 7 15
28 8 15
28 9 15
28 10 15
28 11 15
28 12 15
28 13 4
29 0 15
29 1 15
29 2 15
29 3 15
29 4 15
29 5 15
29 6 15
29 7 15
29 8 15
29 9 15
29 10 15
29 11 15
29 12 15
29 13 4
30 0 15
30 1 15
30 2 15
30 3 15
30 4 15
30 5 15
30 6 15
30 7 15
30 8 15
30 9 15
30 10 15
30 11 15
30 12 15
30 13 4
31 0 15
31 1 15
31 2 15
31 3 15
31 4 15
31 5 15
31 6 15
31 7 15
31 8 15
31 9 15
31 10 15
31 11 15
31 12 6
32 0 15
32 1 15
32 2 15
32 3 15
32 4 15
32 5 15
32 6 15
32 7 15
32 8 15
32 9 15
32 10 15
32 11 15
32 12 4
33 0 15
33 1 15
33 2 15
33 3 15
33 4 15
33 5 15
33 6 15
33 7 15
33 8 15
33 9 15
33 10 15
33 11 15
33 12 12
34 0 15
34 1 15
34 2 15
34 3 15
34 4 15
34 5 15
34 6 15
34 7 15
34 8 15
34 9 15
34 10 15
34 11 15
34 12 15
34 13 12
35 0 15
35 1 15
35 2 15
35 3 15
35 4 15
35 5 15
35 6 15
35 7 15
35 8 15
35 9 15
35 10 15
35 11 15
35 12 15
35 13 15
35 14 4
36 0 15
36 1 15
36 2 15
36 3 15
36 4 15
36 5 15
36 6 15
36 7 15
36 8 15
36 9 15
36 10 15
36 11 15
36 12 15
36 13 15
36 14 12
36 15 8
36 16 8
37 0 15
37 1 15
37 2 15
37 3 15
37 4 15
37 5 15
37 6 15
37 7 15
37 8 15
37 9 15
37 10 15
37 11 15
37 12 15
37 13 15
37 14 15
37 15 15
37 16 15
37 17 4
38 0 15
38 1 15
38 2 15
38 3 15
38 4 15
38 5 15
38 6 15
38 7 15
38 8 15
38 9 15
38 10 15
38 11 15
38 12 15
38 13 15
38 14 15
38 15 15
38 16 15
38 17 12
38 18 8
39 0 15
39 1 15
39 2 15
39 3 15
39 4 15
39 5 15
39 6 15
39 7 15
39 8 15
39 9 15
39 10 15
39 11 15
39 12 15
39 13 15
39 14 15
39 15 15
39 16 15
39 17 15
39 18 15
39 19 4
40 0 15
40 1 15
40 2 15
40 3 15
40 4 15
40 5 15
40 6 15
40 7 15
40 8 15
40 9 15
40 10 15
40 11 15
40 12 15
40 13 15
40 14 15
40 15 15
40 16 15
40 17 15
40 18 15
40 19 4
41 0 15
41 1 15
41 2 15
41 3 15
41 4 15
41 5 15
41 6 15
41 7 15
41 8 15
41 9 15
41 10 15
41 11 15
41 12 15
41 13 15
41 14 15
41 15 15
41 16 15
41 17 15
41 18 15
41 19 4
42 0 15
42 1 15
42 2 15
42 3 15
42 4 15
42 5 15
42 6 15
42 7 15
42 8 15
42 9 15
42 10 15
42 11 15
42 12 15
42 13 15
42 14 15
42 15 15
42 16 15
42 17 15
42 18 14
43 0 15
43 1 15
43 2 15
43 3 15
43 4 15
43 5 15
43 6 15
43 7 15
43 8 15
43 9 15
43 10 15
43 11 15
43 12 15
43 13 15
43 14 15
43 15 15
43 16 15
43 17 15
43 18 15
43 19 4
44 0 15
44 1 15
44 2 15
44 3 15
44 4 15
44 5 15
44 6 15
44 7 15
44 8 15
44 9 15
44 10 15
44 11 15
44 12 15
44 13 15
44 14 15
44 15 15
44 16 15
44 17 6
44 18 2
45 0 15
45 1 15
45 2 15
45 3 15
45 4 15
45 5 15
45 6 15
45 7 15
45 8 15
45 9 15
45 10 15
45 11 15
45 12 15
45 13 15
45 14 15
45 15 15
45 16 15
45 17 4
46 0 15
46 1 15
46 2 15
46 3 15
46 4 15
46 5 15
46 6 15
46 7 15
46 8 15
46 9 15
46 10 15
46 11 15
46 12 15
46 13 15
46 14 15
46 15 15
46 16 15
46 17 4
47 0 15
47 1 15
47 2 15
47 3 15
47 4 15
47 5 15
47 6 15
47 7 15
47 8 15
47 9 15
47 10 15
47 11 15
47 12 15
47 13 15
47 14 15
47 15 15
47 16 6
48 0 15
48 1 15
48 2 15
48 3 15
48 4 15
48 5 15
48 6 15
48 7 15
48 8 15
48 9 15
48 10 15
48 11 15
48 12 15
48 13 15
48 14 15
48 15 15
48 16 13
48 17 12
48 18 8
49 0 15
49 1 15
49 2 15
49 3 15
49 4 15
49 5 15
49 6 15
49 7 15
49 8 15
49 9 15
49 10 15
49 11 15
49 12 15
49 13 15
49 14 15
49 15 15
49 16 15
49 17 15
49 18 15
49 19 12
50 0 15
50 1 15
50 2 15
50 3 15
50 4 15
50 5 15
50 6 15
50 7 15
50 8 15
50 9 15
50 10 15
50 11 15
50 12 15
50 13 15
50 14 15
50 15 15
50 16 15
50 17 15
50 18 15
50 19 15
50 20 4
51 0 15
51 1 15
51 2 15
51 3 15
51 4 15
51 5 15
51 6 15
51 7 15
51 8 15
51 9 15
51 10 15
51 11 15
51 12 15
51 13 15
51 14 15
51 15 15
51 16 15
51 17 15
51 18 15
51 19 15
51 20 4
52 0 15
52 1 15
52 2 15
52 3 15
52 4 15
52 5 15
52 6 15
52 7 15
52 8 15
52 9 15
52 10 15
52 11 15
52 12 15
52 13 15
52 14 15
52 15 15
52 16 15
52 17 15
52 18 15
52 19 15
52 20 4
53 0 15
53 1 15
53 2 15
53 3 15
53 4 15
53 5 15
53 6 15
53 7 15
53 8 15
53 9 15
53 10 15
53 11 15
53 12 15
53 13 15
53 14 15
53 15 15
53 16 15
53 17 15
53 18 15
53 19 6
54 0 15
54 1 15
54 2 15
54 3 15
54 4 15
54 5 15
54 6 15
54 7 15
54 8 15
54 9 15
54 10 15
54 11 15
54 12 15
54 13 15
54 14 15
54 15 15
54 16 15
54 17 15
54 18 6
55 0 15
55 1 15
55 2 15
55 3 15
55 4 15
55 5 15
55 6 15
55 7 15
55 8 15
55 9 14
55 10 11
55 11 15
55 12 15
55 13 15
55 14 15
55 15 15
55 16 6
55 17 2
56 0 2
56 1 2
56 2 3
56 3 15
56 4 15
56 5 15
56 6 15
56 7 7
56 8 6
56 9 2
56 10 2
56 11 2
56 12 2
56 13 2
56 14 2
56 15 2
57 2 1
57 3 15
57 4 15
57 5 15
57 6 15
57 7 13
57 8 4
58 2 1
58 3 15
58 4 15
58 5 15
58 6 15
58 7 15
58 8 4
59 0 8
59 3 11
59 4 15
59 5 15
59 6 15
59 7 15
59 8 12
60 0 15
60 1 12
60 2 9
60 3 15
60 4 15
60 5 15
60 6 15
60 7 15
60 8 15
60 9 12
61 0 15
61 1 15
61 2 15
61 3 15
61 4 15
61 5 15
61 6 15
61 7 15
61 8 15
61 9 15
61 10 12
61 11 8
62 0 15
62 1 15
62 2 15
62 3 15
62 4 15
62 5 15
62 6 15
62 7 15
62 8 15
62 9 15
62 10 15
62 11 15
62 12 12
62 13 8
62 14 8
62 15 8
62 17 8
63 0 15
63 1 15
63 2 15
63 3 15
63 4 15
63 5 15
63 6 15
63 7 15
63 8 15
63 9 15
63 10 15
63 11 15
63 12 15
63 13 15
63 14 15
63 15 15
63 16 5
63 17 15
63 18 4
