0
0 61 9
0 62 15
0 63 15
1 60 1
1 61 15
1 62 15
1 63 15
2 60 1
2 61 15
2 62 15
2 63 15
3 60 1
3 61 15
3 62 15
3 63 15
4 60 1
4 61 15
4 62 15
4 63 15
5 60 1
5 61 15
5 62 15
5 63 15
6 60 1
6 61 15
6 62 15
6 63 15
7 60 9
7 61 15
7 62 15
7 63 15
8 59 1
8 60 15
8 61 15
8 62 15
8 63 15
9 59 1
9 60 15
9 61 15
9 62 15
9 63 15
10 59 1
10 60 15
10 61 15
10 62 15
10 63 15
11 59 1
11 60 15
11 61 15
11 62 15
11 63 15
12 59 1
12 60 15
12 61 15
12 62 15
12 63 15
13 58 8
13 59 9
13 60 15
13 61 15
13 62 15
13 63 15
14 56 8
14 57 9
14 58 15
14 59 15
14 60 15
14 61 15
14 62 15
14 63 15
15 55 9
15 56 15
15 57 15
15 58 15
15 59 15
15 60 15
15 61 15
15 62 15
15 63 15
16 54 1
16 55 15
16 56 15
16 57 15
16 58 15
16 59 15
16 60 15
16 61 15
16 62 15
16 63 15
17 53 1
17 54 5
17 55 15
17 56 15
17 57 15
17 58 15
17 59 15
17 60 15
17 61 15
17 62 15
17 63 15
18 53 1
18 54 5
18 55 15
18 56 15
18 57 15
18 58 15
18 59 15
18 60 15
18 61 15
18 62 15
18 63 15
19 53 1
19 54 5
19 55 15
19 56 15
19 57 15
19 58 15
19 59 15
19 60 15
19 61 15
19 62 15
19 63 15
20 54 1
20 55 15
20 56 15
20 57 15
20 58 15
20 59 15
20 60 15
20 61 15
20 62 15
20 63 15
21 55 3
21 56 15
21 57 15
21 58 15
21 59 15
21 60 15
21 61 15
21 62 15
21 63 15
22 55 1
22 56 15
22 57 15
22 58 15
22 59 15
22 60 15
22 61 15
22 62 15
22 63 15
23 55 1
23 56 15
23 57 15
23 58 15
23 59 15
23 60 15
23 61 15
23 62 15
23 63 15
24 56 3
24 57 15
24 58 15
24 59 15
24 60 15
24 61 15
24 62 15
24 63 15
25 56 1
25 57 15
25 58 15
25 59 15
25 60 15
25 61 15
25 62 15
25 63 15
26 56 9
26 57 15
26 58 15
26 59 15
26 60 15
26 61 15
26 62 15
26 63 15
27 55 9
27 56 15
27 57 15
27 58 15
27 59 15
27 60 15
27 61 15
27 62 15
27 63 15
28 54 9
28 55 15
28 56 15
28 57 15
28 58 15
28 59 15
28 60 15
28 61 15
28 62 15
28 63 15
29 52 8
29 53 1
29 54 15
29 55 15
29 56 15
29 57 15
29 58 15
29 59 15
29 60 15
29 61 15
29 62 15
29 63 15
30 51 9
30 52 15
30 53 13
30 54 15
30 55 15
30 56 15
30 57 15
30 58 15
30 59 15
30 60 15
30 61 15
30 62 15
30 63 15
31 50 1
31 51 15
31 52 15
31 53 15
31 54 15
31 55 15
31 56 15
31 57 15
31 58 15
31 59 15
31 60 15
31 61 15
31 62 15
31 63 15
32 50 1
32 51 15
32 52 15
32 53 15
32 54 15
32 55 15
32 56 15
32 57 15
32 58 15
32 59 15
32 60 15
32 61 15
32 62 15
32 63 15
33 50 9
33 51 15
33 52 15
33 53 15
33 54 15
33 55 15
33 56 15
33 57 15
33 58 15
33 59 15
33 60 15
33 61 15
33 62 15
33 63 15
34 49 1
34 50 15
34 51 15
34 52 15
34 53 15
34 54 15
34 55 15
34 56 15
34 57 15
34 58 15
34 59 15
34 60 15
34 61 15
34 62 15
34 63 15
35 50 3
35 51 15
35 52 15
35 53 15
35 54 15
35 55 15
35 56 15
35 57 15
35 58 15
35 59 15
35 60 15
35 61 15
35 62 15
35 63 15
36 51 3
36 52 7
36 53 15
36 54 15
36 55 15
36 56 15
36 57 15
36 58 15
36 59 15
36 60 15
36 61 15
36 62 15
36 63 15
37 52 1
37 53 15
37 54 15
37 55 15
37 56 15
37 57 15
37 58 15
37 59 15
37 60 15
37 61 15
37 62 15
37 63 15
38 53 3
38 54 15
38 55 15
38 56 15
38 57 15
38 58 15
38 59 15
38 60 15
38 61 15
38 62 15
38 63 15
39 54 3
39 55 15
39 56 15
39 57 15
39 58 15
39 59 15
39 60 15
39 61 15
39 62 15
39 63 15
40 55 2
40 56 3
40 57 15
40 58 15
40 59 15
40 60 15
40 61 15
40 62 15
40 63 15
41 56 1
41 57 15
41 58 15
41 59 15
41 60 15
41 61 15
41 62 15
41 63 15
42 56 1
42 57 15
42 58 15
42 59 15
42 60 15
42 61 15
42 62 15
42 63 15
43 56 1
43 57 15
43 58 15
43 59 15
43 60 15
43 61 15
43 62 15
43 63 15
44 56 1
44 57 15
44 58 15
44 59 15
44 60 15
44 61 15
44 62 15
44 63 15
45 56 9
45 57 15
45 58 15
45 59 15
45 60 15
45 61 15
45 62 15
45 63 15
46 49 8
46 50 8
46 54 8
46 55 9
46 56 15
46 57 15
46 58 15
46 59 15
46 60 15
46 61 15
46 62 15
46 63 15
47 45 8
47 47 8
47 48 9
47 49 15
47 50 15
47 51 12
47 53 9
47 54 15
47 55 15
47 56 15
47 57 15
47 58 15
47 59 15
47 60 15
47 61 15
47 62 15
47 63 15
48 44 1
48 45 15
48 46 13
48 47 15
48 48 15
48 49 15
48 50 15
48 51 15
48 52 12
48 53 11
48 54 15
48 55 15
48 56 15
48 57 15
48 58 15
48 59 15
48 60 15
48 61 15
48 62 15
48 63 15
49 44 1
49 45 15
49 46 15
49 47 15
49 48 15
49 49 15
49 50 15
49 51 15
49 52 15
49 53 15
49 54 15
49 55 15
49 56 15
49 57 15
49 58 15
49 59 15
49 60 15
49 61 15
49 62 15
49 63 15
50 44 1
50 45 15
50 46 15
50 47 15
50 48 15
50 49 15
50 50 15
50 51 15
50 52 15
50 53 15
50 54 15
50 55 15
50 56 15
50 57 15
50 58 15
50 59 15
50 60 15
50 61 15
50 62 15
50 63 15
51 44 1
51 45 15
51 46 15
51 47 15
51 48 15
51 49 15
51 50 15
51 51 15
51 52 15
51 53 15
51 54 15
51 55 15
51 56 15
51 57 15
51 58 15
51 59 15
51 60 15
51 61 15
51 62 15
51 63 15
52 45 3
52 46 15
52 47 15
52 48 15
52 49 15
52 50 15
52 51 15
52 52 15
52 53 15
52 54 15
52 55 15
52 56 15
52 57 15
52 58 15
52 59 15
52 60 15
52 61 15
52 62 15
52 63 15
53 45 1
53 46 15
53 47 15
53 48 15
53 49 15
53 50 15
53 51 15
53 52 15
53 53 15
53 54 15
53 55 15
53 56 15
53 57 15
53 58 15
53 59 15
53 60 15
53 61 15
53 62 15
53 63 15
54 46 3
54 47 15
54 48 15
54 49 15
54 50 15
54 51 15
54 52 15
54 53 15
54 54 15
54 55 15
54 56 15
54 57 15
54 58 15
54 59 15
54 60 15
54 61 15
54 62 15
54 63 15
55 46 1
55 47 15
55 48 15
55 49 15
55 50 15
55 51 15
55 52 15
55 53 15
55 54 15
55 55 15
55 56 15
55 57 15
55 58 15
55 59 15
55 60 15
55 61 15
55 62 15
55 63 15
56 47 3
56 48 15
56 49 15
56 50 15
56 51 15
56 52 15
56 53 15
56 54 15
56 55 15
56 56 15
56 57 15
56 58 15
56 59 15
56 60 15
56 61 15
56 62 15
56 63 15
57 47 1
57 48 15
57 49 15
57 50 15
57 51 15
57 52 15
57 53 15
57 54 15
57 55 15
57 56 15
57 57 15
57 58 15
57 59 15
57 60 15
57 61 15
57 62 15
57 63 15
58 48 3
58 49 15
58 50 15
58 51 15
58 52 15
58 53 15
58 54 15
58 55 15
58 56 15
58 57 15
58 58 15
58 59 15
58 60 15
58 61 15
58 62 15
58 63 15
59 49 3
59 50 15
59 51 15
59 52 15
59 53 15
59 54 15
59 55 15
59 56 15
59 57 15
59 58 15
59 59 15
59 60 15
59 61 15
59 62 15
59 63 15
60 49 1
60 50 15
60 51 15
60 52 15
60 53 15
60 54 15
60 55 15
60 56 15
60 57 15
60 58 15
60 59 15
60 60 15
60 61 15
60 62 15
60 63 15
61 49 1
61 50 15
61 51 15
61 52 15
61 53 15
61 54 15
61 55 15
61 56 15
61 57 15
61 58 15
61 59 15
61 60 15
61 61 15
61 62 15
61 63 15
62 50 3
62 51 15
62 52 15
62 53 15
62 54 15
62 55 15
62 56 15
62 57 15
62 58 15
62 59 15
62 60 15
62 61 15
62 62 15
62 63 15
63 51 3
63 52 15
63 53 15
63 54 15
63 55 15
63 56 15
63 57 15
63 58 15
63 59 15
63 60 15
63 61 15
63 62 15
63 63 15
