0
0 5 1
0 6 15
0 7 15
0 8 15
0 9 15
0 10 15
0 11 15
0 12 15
0 13 4
0 63 1
1 5 1
1 6 15
1 7 15
1 8 15
1 9 15
1 10 15
1 11 7
1 12 15
1 13 4
1 32 8
1 33 8
1 34 8
1 35 8
1 36 8
1 55 8
1 56 8
1 57 8
1 63 1
2 6 3
2 7 15
2 8 14
2 9 10
2 10 10
2 11 8
2 12 2
2 32 2
2 33 2
2 34 2
2 35 2
2 36 2
2 54 1
2 55 6
2 56 2
2 57 2
2 59 1
2 60 4
2 63 1
3 6 1
3 7 15
3 8 15
3 9 15
3 10 15
3 11 15
3 12 12
3 34 8
3 35 8
3 36 8
3 37 1
3 38 4
3 54 1
3 55 4
3 63 1
4 6 1
4 7 15
4 8 15
4 9 15
4 10 15
4 11 15
4 12 15
4 13 4
4 34 2
4 35 2
4 36 3
4 37 5
4 38 4
4 54 1
4 55 4
5 7 11
5 8 15
5 9 15
5 10 15
5 11 15
5 12 15
5 13 4
5 34 8
5 35 8
5 36 9
5 37 5
5 38 4
5 54 1
5 55 12
5 56 8
5 57 8
5 58 8
5 59 8
6 6 1
6 7 15
6 8 15
6 9 15
6 10 15
6 11 15
6 12 15
6 13 4
6 34 2
6 35 2
6 36 2
6 37 1
6 38 4
6 55 2
6 56 2
6 57 2
6 58 2
6 59 2
7 7 3
7 8 15
7 9 15
7 10 15
7 11 15
7 12 15
7 13 4
7 31 1
7 32 12
7 33 8
7 34 8
7 36 8
8 7 9
8 8 15
8 9 15
8 10 15
8 11 15
8 12 15
8 13 4
8 32 2
8 33 2
8 34 2
8 36 2
9 6 1
9 7 15
9 8 15
9 9 15
9 10 15
9 11 15
9 12 15
9 13 12
9 14 8
10 6 9
10 7 15
10 8 15
10 9 15
10 10 15
10 11 15
10 12 15
10 13 15
10 14 15
10 15 4
11 5 1
11 6 15
11 7 15
11 8 15
11 9 15
11 10 15
11 11 15
11 12 15
11 13 15
11 14 15
11 15 4
12 4 8
12 5 8
12 6 11
12 7 15
12 8 15
12 9 15
12 10 7
12 11 15
12 12 15
12 13 14
12 14 10
12 15 8
12 16 8
12 17 8
13 3 1
13 4 15
13 5 15
13 6 15
13 7 15
13 8 15
13 9 6
13 11 2
13 12 11
13 13 15
13 14 15
13 15 15
13 16 15
13 17 15
13 18 12
14 3 1
14 4 15
14 5 15
14 6 15
14 7 15
14 8 15
14 9 4
14 12 2
14 13 2
14 14 3
14 15 15
14 16 15
14 17 15
14 18 15
14 19 12
15 3 1
15 4 15
15 5 15
15 6 15
15 7 15
15 8 15
15 9 4
15 15 3
15 16 15
15 17 15
15 18 15
15 19 15
15 20 12
15 21 8
16 3 1
16 4 15
16 5 7
16 6 15
16 7 15
16 8 15
16 9 12
16 16 3
16 17 15
16 18 15
16 19 15
16 20 15
16 21 15
16 22 4
17 4 2
17 5 1
17 6 15
17 7 15
17 8 15
17 9 15
17 10 4
17 14 8
17 15 8
17 17 3
17 18 15
17 19 15
17 20 15
17 21 15
17 22 4
18 6 3
18 7 15
18 8 15
18 9 15
18 10 4
18 14 11
18 15 15
18 16 4
18 17 1
18 18 15
18 19 7
18 20 15
18 21 14
18 22 8
18 23 8
18 24 8
18 25 8
18 28 8
19 7 3
19 8 15
19 9 15
19 10 12
19 13 1
19 14 15
19 15 15
19 16 12
19 17 8
19 18 2
19 19 1
19 20 15
19 21 15
19 22 15
19 23 15
19 24 15
19 25 15
19 26 12
19 27 9
19 28 15
19 29 4
20 8 3
20 9 15
20 10 15
20 11 12
20 12 8
20 14 2
20 15 2
20 16 11
20 17 15
20 18 4
20 20 2
20 21 2
20 22 3
20 23 15
20 24 15
20 25 15
20 26 15
20 27 15
20 28 14
21 8 1
21 9 15
21 10 15
21 11 15
21 12 15
21 13 4
21 15 1
21 16 15
21 17 15
21 18 4
21 21 8
21 22 8
21 23 3
21 24 15
21 25 15
21 26 15
21 27 15
21 28 15
21 29 12
21 30 8
22 9 3
22 10 15
22 11 15
22 12 15
22 13 4
22 16 2
22 17 2
22 21 11
22 22 15
22 23 4
22 24 3
22 25 15
22 26 15
22 27 15
22 28 15
22 29 15
22 30 15
22 31 12
22 32 8
23 9 1
23 10 15
23 11 15
23 12 15
23 13 4
23 20 1
23 21 15
23 22 15
23 23 4
23 25 2
23 26 3
23 27 15
23 28 15
23 29 15
23 30 15
23 31 15
23 32 15
23 33 12
24 9 1
24 10 15
24 11 15
24 12 15
24 13 4
24 21 2
24 22 2
24 24 8
24 27 2
24 28 3
24 29 15
24 30 15
24 31 15
24 32 15
24 33 15
24 34 12
25 9 1
25 10 15
25 11 15
25 12 15
25 13 4
25 23 1
25 24 15
25 25 12
25 29 2
25 30 11
25 31 15
25 32 15
25 33 15
25 34 15
25 35 12
26 10 3
26 11 15
26 12 15
26 13 4
26 17 8
26 23 1
26 24 15
26 25 15
26 26 4
26 30 11
26 31 15
26 32 15
26 33 15
26 34 15
26 35 15
26 36 12
26 37 8
26 38 8
26 39 8
26 43 8
26 50 8
27 10 1
27 11 15
27 12 15
27 13 4
27 16 1
27 17 15
27 18 4
27 24 10
27 25 3
27 26 4
27 29 1
27 30 15
27 31 15
27 32 7
27 33 15
27 34 7
27 35 15
27 36 15
27 37 15
27 38 15
27 39 15
27 40 12
27 42 9
27 43 15
27 44 12
27 45 8
27 49 9
27 50 15
27 51 4
28 10 9
28 11 15
28 12 15
28 13 4
28 14 8
28 17 2
28 18 8
28 23 1
28 24 15
28 25 4
28 30 2
28 31 2
28 33 2
28 34 1
28 35 15
28 36 7
28 37 15
28 38 15
28 39 15
28 40 15
28 41 13
28 42 15
28 43 15
28 44 15
28 45 15
28 46 12
28 47 8
28 48 9
28 49 15
28 50 6
28 51 8
28 52 8
29 9 1
29 10 15
29 11 15
29 12 15
29 13 5
29 14 15
29 15 4
29 17 9
29 18 15
29 19 4
29 24 2
29 26 1
29 27 4
29 35 10
29 37 3
29 38 15
29 39 6
29 40 3
29 41 15
29 42 15
29 43 15
29 44 15
29 45 15
29 46 15
29 47 15
29 48 15
29 49 15
29 50 13
29 51 15
29 52 6
30 9 9
30 10 15
30 11 7
30 12 15
30 13 4
30 14 2
30 16 1
30 17 15
30 18 14
30 26 1
30 27 12
30 34 1
30 35 15
30 36 4
30 38 2
30 41 2
30 42 3
30 43 15
30 44 7
30 45 15
30 46 15
30 47 15
30 48 15
30 49 15
30 50 15
30 51 6
31 8 1
31 9 15
31 10 6
31 11 1
31 12 6
31 13 8
31 15 8
31 17 3
31 18 15
31 19 4
31 26 1
31 27 15
31 28 12
31 33 8
31 34 8
31 35 2
31 39 8
31 40 8
31 43 2
31 45 2
31 46 2
31 47 11
31 48 15
31 49 15
31 50 15
31 51 12
32 8 1
32 9 15
32 10 4
32 12 1
32 13 15
32 14 4
32 15 2
32 18 10
32 20 8
32 21 8
32 25 8
32 26 8
32 27 11
32 28 15
32 29 4
32 33 11
32 34 15
32 35 4
32 39 11
32 40 15
32 41 12
32 42 8
32 43 8
32 44 8
32 45 8
32 46 9
32 47 15
32 48 15
32 49 15
32 50 15
32 51 15
32 52 12
33 8 1
33 9 15
33 10 12
33 13 2
33 17 1
33 18 14
33 20 11
33 21 15
33 22 4
33 24 1
33 25 15
33 26 15
33 27 15
33 28 15
33 29 4
33 32 1
33 33 15
33 34 15
33 35 4
33 38 9
33 39 15
33 40 15
33 41 15
33 42 15
33 43 15
33 44 15
33 45 15
33 46 15
33 47 15
33 48 15
33 49 15
33 50 15
33 51 15
33 52 15
33 53 4
34 8 1
34 9 15
34 10 15
34 11 5
34 12 12
34 14 8
34 15 8
34 17 1
34 18 15
34 19 5
34 20 15
34 21 15
34 22 4
34 25 3
34 26 15
34 27 7
34 28 15
34 29 4
34 30 8
34 33 10
34 34 10
34 36 8
34 37 9
34 38 15
34 39 15
34 40 15
34 41 15
34 42 15
34 43 15
34 44 15
34 45 15
34 46 15
34 47 15
34 48 15
34 49 15
34 50 15
34 51 15
34 52 6
35 8 1
35 9 15
35 10 15
35 11 13
35 12 15
35 13 4
35 14 11
35 15 15
35 16 4
35 18 2
35 20 2
35 21 2
35 26 2
35 28 10
35 29 1
35 30 15
35 31 4
35 33 11
35 34 15
35 35 13
35 36 15
35 37 15
35 38 15
35 39 15
35 40 15
35 41 15
35 42 15
35 43 6
35 44 2
35 45 2
35 46 2
35 47 2
35 48 2
35 49 2
35 50 2
35 51 2
35 53 8
35 54 8
36 8 1
36 9 15
36 10 15
36 11 15
36 12 15
36 13 5
36 14 15
36 15 15
36 16 4
36 20 8
36 22 8
36 27 9
36 28 15
36 29 4
36 30 2
36 32 9
36 33 15
36 34 15
36 35 15
36 36 15
36 37 15
36 38 15
36 39 15
36 40 15
36 41 6
36 42 2
36 52 1
36 53 15
36 54 15
36 55 12
37 9 3
37 10 15
37 11 15
37 12 15
37 13 12
37 14 2
37 15 2
37 19 1
37 20 15
37 21 5
37 22 15
37 23 4
37 26 1
37 27 15
37 28 6
37 31 1
37 32 15
37 33 6
37 34 2
37 35 2
37 36 2
37 37 2
37 38 2
37 39 2
37 40 2
37 53 2
37 54 3
37 55 15
37 56 4
37 57 8
37 58 8
37 59 8
37 60 8
37 61 8
37 62 8
38 9 1
38 10 15
38 11 15
38 12 15
38 13 15
38 14 12
38 18 8
38 19 9
38 20 15
38 21 12
38 22 2
38 27 2
38 28 8
38 31 9
38 32 15
38 33 4
38 55 2
38 56 1
38 57 15
38 58 15
38 59 15
38 60 15
38 61 15
38 62 15
38 63 12
39 9 1
39 10 15
39 11 15
39 12 15
39 13 15
39 14 15
39 15 12
39 18 11
39 19 15
39 20 7
39 21 15
39 22 4
39 27 1
39 28 15
39 29 4
39 30 1
39 31 15
39 32 15
39 33 4
39 56 1
39 57 15
39 58 15
39 59 15
39 60 15
39 61 15
39 62 15
39 63 15
40 9 1
40 10 15
40 11 15
40 12 15
40 13 15
40 14 15
40 15 15
40 16 12
40 17 1
40 18 15
40 19 15
40 20 12
40 21 10
40 27 1
40 28 15
40 29 4
40 31 2
40 32 10
40 33 8
40 34 8
40 57 3
40 58 15
40 59 15
40 60 15
40 61 15
40 62 15
40 63 15
41 9 1
41 10 15
41 11 15
41 12 15
41 13 7
41 14 15
41 15 15
41 16 15
41 17 4
41 18 2
41 19 2
41 20 11
41 21 15
41 22 4
41 26 8
41 27 1
41 28 15
41 29 4
41 30 8
41 31 9
41 32 15
41 33 15
41 34 15
41 35 4
41 58 2
41 59 2
41 60 2
41 61 3
41 62 15
41 63 15
42 9 1
42 10 15
42 11 15
42 12 6
42 14 3
42 15 15
42 16 6
42 18 1
42 19 5
42 20 15
42 21 15
42 22 4
42 24 8
42 25 1
42 26 15
42 27 4
42 28 2
42 29 9
42 30 15
42 31 15
42 32 15
42 33 15
42 34 6
42 57 8
42 58 8
42 59 8
42 62 3
42 63 15
43 9 1
43 10 15
43 11 15
43 12 12
43 15 2
43 19 1
43 20 15
43 21 6
43 23 1
43 24 15
43 25 4
43 26 10
43 27 8
43 28 9
43 29 15
43 30 15
43 31 15
43 32 15
43 33 6
43 56 1
43 57 15
43 58 15
43 59 15
43 60 12
43 63 2
44 9 8
44 10 10
44 11 3
44 12 15
44 13 4
44 14 8
44 20 10
44 23 8
44 24 2
44 25 9
44 26 15
44 27 15
44 28 15
44 29 15
44 30 15
44 31 15
44 32 6
44 57 3
44 58 15
44 59 15
44 60 15
44 61 12
44 62 8
45 8 9
45 9 15
45 10 15
45 11 4
45 12 10
45 13 1
45 14 15
45 15 12
45 16 8
45 17 8
45 19 1
45 20 15
45 21 12
45 22 9
45 23 15
45 24 4
45 25 10
45 26 11
45 27 15
45 28 15
45 29 15
45 30 15
45 31 6
45 57 1
45 58 15
45 59 15
45 60 15
45 61 15
45 62 15
45 63 4
46 7 1
46 8 15
46 9 15
46 10 15
46 11 5
46 12 15
46 13 12
46 14 3
46 15 15
46 16 15
46 17 15
46 18 4
46 20 2
46 21 2
46 22 10
46 23 2
46 24 1
46 25 15
46 26 15
46 27 15
46 28 15
46 29 6
46 30 2
46 58 11
46 59 15
46 60 15
46 61 15
46 62 15
46 63 12
47 7 1
47 8 15
47 9 15
47 10 6
47 12 3
47 13 15
47 14 4
47 15 2
47 16 2
47 17 2
47 21 1
47 22 15
47 23 4
47 25 2
47 26 2
47 27 2
47 28 2
47 57 1
47 58 15
47 59 15
47 60 15
47 61 15
47 62 15
47 63 15
48 6 8
48 7 9
48 8 15
48 9 15
48 10 4
48 12 8
48 13 10
48 18 8
48 20 8
48 21 8
48 22 2
48 23 8
48 24 8
48 25 8
48 57 1
48 58 15
48 59 15
48 60 15
48 61 15
48 62 15
48 63 15
49 5 1
49 6 15
49 7 15
49 8 15
49 9 15
49 10 4
49 12 11
49 13 15
49 14 4
49 17 1
49 18 15
49 19 13
49 20 15
49 21 15
49 22 13
49 23 15
49 24 15
49 25 15
49 26 4
49 36 1
49 37 4
49 58 3
49 59 15
49 60 15
49 61 15
49 62 15
49 63 15
50 5 1
50 6 15
50 7 15
50 8 15
50 9 15
50 10 4
50 11 1
50 12 15
50 13 15
50 14 4
50 17 8
50 18 11
50 19 15
50 20 15
50 21 15
50 22 15
50 23 15
50 24 15
50 25 6
50 58 1
50 59 15
50 60 15
50 61 15
50 62 15
50 63 15
51 5 1
51 6 15
51 7 15
51 8 15
51 9 15
51 10 12
51 11 8
51 12 10
51 13 2
51 14 8
51 15 8
51 16 9
51 17 15
51 18 15
51 19 15
51 20 15
51 21 15
51 22 6
51 23 2
51 24 2
51 59 2
51 60 3
51 61 15
51 62 15
51 63 15
52 6 2
52 7 3
52 8 15
52 9 15
52 10 15
52 11 15
52 12 15
52 13 13
52 14 15
52 15 15
52 16 15
52 17 15
52 18 15
52 19 15
52 20 15
52 21 6
52 61 2
52 62 3
52 63 15
53 8 3
53 9 15
53 10 15
53 11 15
53 12 15
53 13 15
53 14 15
53 15 15
53 16 15
53 17 15
53 18 6
53 19 2
53 20 2
53 63 2
54 9 3
54 10 15
54 11 15
54 12 6
54 13 2
54 14 2
54 15 2
54 16 2
54 17 2
55 10 2
55 11 2
58 37 8
58 38 8
58 39 8
58 42 8
58 43 8
59 37 2
59 38 10
59 39 10
59 40 8
59 41 1
59 42 6
59 43 3
59 44 4
60 38 2
60 39 2
60 40 3
60 41 5
60 42 4
61 38 8
61 39 8
61 40 9
61 41 4
61 43 1
61 44 4
62 36 1
62 37 12
62 38 10
62 39 10
62 40 2
62 41 1
62 42 12
62 43 8
63 37 2
63 38 2
63 39 2
63 42 2
63 43 2
