0
0 52 1
0 53 15
0 54 15
0 55 15
0 56 15
0 57 15
0 58 15
0 59 15
0 60 15
0 61 15
0 62 15
0 63 15
1 53 3
1 54 15
1 55 15
1 56 15
1 57 15
1 58 15
1 59 15
1 60 15
1 61 15
1 62 15
1 63 15
2 53 1
2 54 15
2 55 15
2 56 15
2 57 15
2 58 15
2 59 15
2 60 15
2 61 15
2 62 15
2 63 15
3 53 1
3 54 15
3 55 15
3 56 15
3 57 15
3 58 15
3 59 15
3 60 15
3 61 15
3 62 15
3 63 15
4 53 1
4 54 15
4 55 15
4 56 15
4 57 15
4 58 15
4 59 15
4 60 15
4 61 15
4 62 15
4 63 15
5 54 3
5 55 15
5 56 15
5 57 15
5 58 15
5 59 15
5 60 15
5 61 15
5 62 15
5 63 15
6 54 1
6 55 15
6 56 15
6 57 15
6 58 15
6 59 15
6 60 15
6 61 15
6 62 15
6 63 15
7 54 1
7 55 15
7 56 15
7 57 15
7 58 15
7 59 15
7 60 15
7 61 15
7 62 15
7 63 15
8 55 3
8 56 15
8 57 15
8 58 15
8 59 15
8 60 15
8 61 15
8 62 15
8 63 15
9 55 1
9 56 15
9 57 15
9 58 15
9 59 15
9 60 15
9 61 15
9 62 15
9 63 15
10 56 3
10 57 15
10 58 15
10 59 15
10 60 15
10 61 15
10 62 15
10 63 15
11 57 3
11 58 15
11 59 15
11 60 15
11 61 15
11 62 15
11 63 15
12 57 1
12 58 15
12 59 15
12 60 15
12 61 15
12 62 15
12 63 15
13 58 3
13 59 15
13 60 15
13 61 15
13 62 15
13 63 15
14 58 1
14 59 15
14 60 15
14 61 15
14 62 15
14 63 15
15 58 1
15 59 15
15 60 15
15 61 15
15 62 15
15 63 15
16 59 3
16 60 15
16 61 15
16 62 15
16 63 15
17 60 3
17 61 15
17 62 15
17 63 15
18 61 3
18 62 15
18 63 15
19 61 1
19 62 15
19 63 15
20 61 1
20 62 15
20 63 15
21 61 1
21 62 15
21 63 15
22 61 9
22 62 15
22 63 15
23 60 1
23 61 15
23 62 15
23 63 15
24 60 1
24 61 15
24 62 15
24 63 15
25 60 1
25 61 15
25 62 15
25 63 15
26 60 1
26 61 15
26 62 15
26 63 15
27 60 1
27 61 15
27 62 15
27 63 15
28 60 1
28 61 15
28 62 15
28 63 15
29 60 1
29 61 15
29 62 15
29 63 15
30 57 8
30 58 8
30 60 9
30 61 15
30 62 15
30 63 15
31 56 9
31 57 15
31 58 15
31 59 13
31 60 15
31 61 15
31 62 15
31 63 15
32 55 1
32 56 15
32 57 15
32 58 15
32 59 15
32 60 15
32 61 15
32 62 15
32 63 15
33 56 3
33 57 15
33 58 15
33 59 15
33 60 15
33 61 15
33 62 15
33 63 15
34 56 1
34 57 15
34 58 15
34 59 15
34 60 15
34 61 15
34 62 15
34 63 15
35 57 3
35 58 15
35 59 15
35 60 15
35 61 15
35 62 15
35 63 15
36 58 3
36 59 15
36 60 15
36 61 15
36 62 15
36 63 15
37 59 3
37 60 15
37 61 15
37 62 15
37 63 15
38 60 3
38 61 15
38 62 15
38 63 15
39 60 1
39 61 15
39 62 15
39 63 15
40 49 8
40 60 1
40 61 15
40 62 15
40 63 15
41 48 9
41 49 15
41 50 12
41 60 1
41 61 15
41 62 15
41 63 15
42 47 1
42 48 15
42 49 15
42 50 15
42 51 12
42 60 1
42 61 15
42 62 15
42 63 15
43 48 3
43 49 15
43 50 15
43 51 15
43 52 12
43 53 8
43 60 9
43 61 15
43 62 15
43 63 15
44 49 2
44 50 3
44 51 15
44 52 15
44 53 15
44 54 12
44 59 9
44 60 15
44 61 15
44 62 15
44 63 15
45 50 1
45 51 15
45 52 15
45 53 15
45 54 15
45 55 12
45 58 9
45 59 15
45 60 15
45 61 15
45 62 15
45 63 15
46 51 3
46 52 15
46 53 15
46 54 15
46 55 15
46 56 12
46 57 9
46 58 15
46 59 15
46 60 15
46 61 15
46 62 15
46 63 15
47 52 3
47 53 15
47 54 15
47 55 15
47 56 15
47 57 15
47 58 15
47 59 15
47 60 15
47 61 15
47 62 15
47 63 15
48 53 3
48 54 15
48 55 15
48 56 15
48 57 15
48 58 15
48 59 15
48 60 15
48 61 15
48 62 15
48 63 15
49 54 3
49 55 15
49 56 15
49 57 15
49 58 15
49 59 15
49 60 15
49 61 15
49 62 15
49 63 15
50 55 2
50 56 3
50 57 15
50 58 15
50 59 15
50 60 15
50 61 15
50 62 15
50 63 15
51 57 3
51 58 15
51 59 15
51 60 15
51 61 15
51 62 15
51 63 15
52 57 1
52 58 15
52 59 15
52 60 15
52 61 15
52 62 15
52 63 15
53 58 3
53 59 15
53 60 15
53 61 15
53 62 15
53 63 15
54 59 3
54 60 15
54 61 15
54 62 15
54 63 15
55 60 3
55 61 15
55 62 15
55 63 15
56 61 3
56 62 15
56 63 15
57 61 1
57 62 15
57 63 15
58 61 1
58 62 15
58 63 15
59 61 1
59 62 15
59 63 15
60 61 1
60 62 15
60 63 15
61 62 3
61 63 15
62 62 1
62 63 15
63 62 1
63 63 15
