0
0 31 1
0 32 15
0 33 15
0 34 15
0 35 4
1 31 1
1 32 15
1 33 15
1 34 15
1 35 4
2 31 1
2 32 15
2 33 15
2 34 15
2 35 4
3 31 9
3 32 15
3 33 15
3 34 15
3 35 4
4 30 1
4 31 15
4 32 15
4 33 15
4 34 15
4 35 4
5 30 1
5 31 15
5 32 15
5 33 15
5 34 15
5 35 4
6 30 1
6 31 15
6 32 15
6 33 15
6 34 15
6 35 4
7 30 1
7 31 15
7 32 15
7 33 15
7 34 15
7 35 4
8 31 3
8 32 15
8 33 15
8 34 15
8 35 4
9 31 1
9 32 15
9 33 15
9 34 6
10 31 1
10 32 15
10 33 15
10 34 4
11 31 1
11 32 15
11 33 15
11 34 4
12 31 1
12 32 15
12 33 15
12 34 4
13 31 1
13 32 15
13 33 15
13 34 12
14 31 1
14 32 15
14 33 15
14 34 15
14 35 4
15 32 3
15 33 15
15 34 15
15 35 12
16 33 3
16 34 15
16 35 15
16 36 12
16 37 8
17 33 1
17 34 15
17 35 15
17 36 15
17 37 15
17 38 12
18 34 3
18 35 15
18 36 15
18 37 15
18 38 15
18 39 12
19 35 2
19 36 3
19 37 15
19 38 15
19 39 15
19 40 4
20 37 3
20 38 15
20 39 15
20 40 4
21 37 1
21 38 15
21 39 15
21 40 12
22 37 1
22 38 15
22 39 15
22 40 15
22 41 12
22 42 8
22 43 8
22 44 8
22 45 8
22 46 8
23 38 3
23 39 15
23 40 15
23 41 15
23 42 15
23 43 15
23 44 15
23 45 15
23 46 15
23 47 12
23 48 8
23 49 8
24 39 3
24 40 15
24 41 15
24 42 15
24 43 15
24 44 15
24 45 15
24 46 15
24 47 15
24 48 15
24 49 15
24 50 12
24 51 8
25 40 2
25 41 2
25 42 2
25 43 2
25 44 3
25 45 15
25 46 15
25 47 15
25 48 15
25 49 15
25 50 15
25 51 15
25 52 12
25 53 8
26 45 2
26 46 2
26 47 2
26 48 3
26 49 15
26 50 15
26 51 15
26 52 15
26 53 15
26 54 12
27 13 8
27 14 8
27 15 8
27 16 8
27 49 3
27 50 15
27 51 15
27 52 15
27 53 15
27 54 15
27 55 4
28 0 8
28 1 8
28 2 8
28 3 8
28 4 8
28 5 8
28 10 8
28 11 8
28 12 9
28 13 15
28 14 15
28 15 15
28 16 15
28 17 12
28 50 2
28 51 3
28 52 15
28 53 15
28 54 15
28 55 4
29 0 15
29 1 15
29 2 15
29 3 15
29 4 15
29 5 15
29 6 12
29 7 8
29 9 9
29 10 15
29 11 15
29 12 15
29 13 15
29 14 15
29 15 15
29 16 15
29 17 15
29 18 12
29 51 9
29 52 15
29 53 15
29 54 15
29 55 4
30 0 15
30 1 15
30 2 15
30 3 15
30 4 15
30 5 15
30 6 15
30 7 15
30 8 13
30 9 15
30 10 15
30 11 15
30 12 15
30 13 6
30 14 2
30 15 2
30 16 3
30 17 15
30 18 15
30 19 12
30 32 8
30 33 8
30 45 8
30 46 8
30 47 8
30 48 8
30 49 8
30 50 9
30 51 15
30 52 15
30 53 15
30 54 15
30 55 12
30 56 8
31 0 15
31 1 15
31 2 15
31 3 15
31 4 15
31 5 15
31 6 15
31 7 15
31 8 15
31 9 15
31 10 15
31 11 6
31 12 2
31 17 3
31 18 15
31 19 15
31 20 4
31 29 8
31 30 8
31 31 9
31 32 15
31 33 15
31 34 12
31 41 8
31 42 8
31 43 8
31 44 9
31 45 15
31 46 15
31 47 15
31 48 15
31 49 15
31 50 15
31 51 15
31 52 15
31 53 15
31 54 15
31 55 15
31 56 15
31 57 12
31 58 8
32 0 15
32 1 15
32 2 15
32 3 15
32 4 15
32 5 15
32 6 15
32 7 15
32 8 15
32 9 15
32 10 6
32 17 1
32 18 15
32 19 15
32 20 12
32 21 8
32 22 8
32 26 8
32 27 8
32 28 9
32 29 15
32 30 15
32 31 15
32 32 15
32 33 15
32 34 15
32 35 12
32 36 8
32 39 8
32 40 9
32 41 15
32 42 15
32 43 15
32 44 15
32 45 15
32 46 15
32 47 15
32 48 15
32 49 15
32 50 15
32 51 15
32 52 15
32 53 15
32 54 15
32 55 15
32 56 15
32 57 15
32 58 15
32 59 12
33 0 15
33 1 15
33 2 15
33 3 15
33 4 15
33 5 15
33 6 15
33 7 15
33 8 15
33 9 6
33 17 1
33 18 15
33 19 15
33 20 15
33 21 15
33 22 15
33 23 12
33 24 8
33 25 9
33 26 15
33 27 15
33 28 15
33 29 15
33 30 15
33 31 15
33 32 15
33 33 15
33 34 15
33 35 15
33 36 15
33 37 12
33 38 9
33 39 15
33 40 15
33 41 15
33 42 15
33 43 15
33 44 15
33 45 15
33 46 15
33 47 15
33 48 15
33 49 15
33 50 15
33 51 15
33 52 15
33 53 15
33 54 15
33 55 15
33 56 15
33 57 15
33 58 15
33 59 15
33 60 12
34 0 15
34 1 15
34 2 15
34 3 15
34 4 15
34 5 15
34 6 15
34 7 6
34 8 2
34 18 3
34 19 15
34 20 15
34 21 15
34 22 15
34 23 15
34 24 15
34 25 15
34 26 15
34 27 15
34 28 15
34 29 15
34 30 6
34 31 2
34 32 2
34 33 3
34 34 15
34 35 15
34 36 15
34 37 15
34 38 15
34 39 15
34 40 15
34 41 15
34 42 6
34 43 2
34 44 3
34 45 15
34 46 15
34 47 15
34 48 15
34 49 15
34 50 15
34 51 15
34 52 15
34 53 15
34 54 15
34 55 15
34 56 15
34 57 15
34 58 15
34 59 15
34 60 15
34 61 4
35 0 15
35 1 15
35 2 15
35 3 15
35 4 15
35 5 15
35 6 6
35 19 3
35 20 15
35 21 15
35 22 15
35 23 15
35 24 15
35 25 15
35 26 15
35 27 15
35 28 15
35 29 6
35 34 3
35 35 15
35 36 15
35 37 15
35 38 15
35 39 15
35 40 15
35 41 6
35 45 3
35 46 15
35 47 15
35 48 15
35 49 15
35 50 15
35 51 15
35 52 15
35 53 15
35 54 15
35 55 15
35 56 15
35 57 15
35 58 15
35 59 15
35 60 15
35 61 12
36 0 15
36 1 15
36 2 15
36 3 15
36 4 6
36 5 2
36 20 2
36 21 2
36 22 2
36 23 2
36 24 2
36 25 2
36 26 2
36 27 2
36 28 2
36 35 2
36 36 2
36 37 2
36 38 2
36 39 2
36 40 2
36 46 3
36 47 15
36 48 15
36 49 15
36 50 15
36 51 15
36 52 15
36 53 15
36 54 15
36 55 15
36 56 15
36 57 15
36 58 15
36 59 15
36 60 15
36 61 15
36 62 4
37 0 15
37 1 15
37 2 15
37 3 6
37 47 3
37 48 15
37 49 15
37 50 15
37 51 15
37 52 15
37 53 15
37 54 15
37 55 15
37 56 15
37 57 15
37 58 15
37 59 15
37 60 15
37 61 6
38 0 15
38 1 15
38 2 15
38 3 4
38 48 3
38 49 15
38 50 15
38 51 15
38 52 15
38 53 15
38 54 15
38 55 15
38 56 15
38 57 15
38 58 15
38 59 15
38 60 6
39 0 15
39 1 15
39 2 15
39 3 4
39 49 2
39 50 2
39 51 3
39 52 15
39 53 15
39 54 15
39 55 15
39 56 15
39 57 15
39 58 15
39 59 6
40 0 15
40 1 15
40 2 15
40 3 4
40 52 3
40 53 15
40 54 15
40 55 15
40 56 15
40 57 15
40 58 15
40 59 4
41 0 15
41 1 15
41 2 15
41 3 12
41 53 2
41 54 3
41 55 15
41 56 15
41 57 15
41 58 15
41 59 12
42 0 15
42 1 15
42 2 15
42 3 15
42 4 4
42 55 2
42 56 3
42 57 15
42 58 15
42 59 15
42 60 4
43 0 15
43 1 15
43 2 15
43 3 15
43 4 4
43 56 1
43 57 15
43 58 15
43 59 15
43 60 4
44 0 15
44 1 15
44 2 15
44 3 6
44 56 1
44 57 15
44 58 15
44 59 15
44 60 4
45 0 15
45 1 15
45 2 15
45 3 4
45 56 1
45 57 15
45 58 15
45 59 15
45 60 4
46 0 15
46 1 15
46 2 15
46 3 4
46 56 1
46 57 15
46 58 15
46 59 15
46 60 4
47 0 15
47 1 15
47 2 15
47 3 4
47 56 1
47 57 15
47 58 15
47 59 15
47 60 4
48 0 15
48 1 15
48 2 6
48 56 1
48 57 15
48 58 6
48 59 2
49 0 15
49 1 6
49 56 1
49 57 15
49 58 12
49 59 8
50 0 2
50 56 9
50 57 15
50 58 15
50 59 15
50 60 12
51 55 1
51 56 15
51 57 15
51 58 15
51 59 15
51 60 15
51 61 4
52 55 1
52 56 15
52 57 15
52 58 15
52 59 15
52 60 15
52 61 4
53 55 1
53 56 15
53 57 15
53 58 15
53 59 15
53 60 15
53 61 4
54 55 1
54 56 15
54 57 15
54 58 15
54 59 15
54 60 15
54 61 4
55 55 1
55 56 15
55 57 15
55 58 15
55 59 15
55 60 15
55 61 4
56 56 11
56 57 15
56 58 15
56 59 15
56 60 6
57 55 1
57 56 15
57 57 15
57 58 15
57 59 6
58 55 9
58 56 15
58 57 15
58 58 6
59 54 1
59 55 15
59 56 15
59 57 6
60 54 1
60 55 15
60 56 15
60 57 12
61 55 3
61 56 15
61 57 15
61 58 12
62 55 1
62 56 15
62 57 15
62 58 15
62 59 12
63 56 3
63 57 15
63 58 15
63 59 15
63 60 4
