0
0 0 1
0 1 4
0 24 8
1 0 1
1 1 4
1 23 1
1 24 15
1 25 4
1 29 1
1 30 4
2 3 8
2 8 8
2 14 8
2 24 2
2 26 8
3 2 1
3 3 15
3 4 4
3 7 1
3 8 15
3 9 4
3 13 1
3 14 15
3 15 4
3 16 8
3 25 1
3 26 15
3 27 4
4 3 2
4 8 2
4 14 2
4 15 8
4 16 10
4 17 8
4 26 2
4 46 1
4 47 4
5 3 8
5 8 8
5 15 2
5 16 2
5 17 2
5 19 8
5 46 1
5 47 4
6 2 1
6 3 15
6 4 4
6 7 1
6 8 15
6 9 4
6 18 1
6 19 15
6 20 4
6 46 1
6 47 4
7 3 2
7 8 2
7 19 2
7 21 8
7 22 8
7 23 8
7 46 1
7 47 4
8 21 2
8 22 2
8 23 2
10 35 8
10 36 8
10 37 8
10 38 8
11 34 1
11 35 15
11 36 6
11 37 3
11 38 15
11 39 4
12 2 8
12 35 2
12 38 3
12 39 4
13 1 1
13 2 15
13 3 4
13 35 8
13 38 9
13 39 4
14 1 1
14 2 6
14 25 8
14 28 8
14 29 8
14 34 1
14 35 15
14 36 4
14 37 1
14 38 15
14 39 4
15 1 1
15 2 4
15 24 9
15 25 15
15 26 4
15 28 3
15 29 15
15 30 4
15 35 2
15 38 2
15 46 9
15 47 4
16 21 1
16 22 4
16 23 1
16 24 15
16 25 6
16 29 2
16 45 1
16 46 15
16 47 4
17 21 1
17 22 4
17 23 1
17 24 6
17 46 2
18 21 1
18 22 4
18 23 1
18 24 4
18 30 1
18 31 4
18 32 1
18 33 4
19 2 1
19 3 4
19 7 1
19 8 4
19 21 1
19 22 4
19 23 1
19 24 12
19 30 1
19 31 4
19 32 1
19 33 4
20 2 1
20 3 4
20 17 8
20 23 1
20 24 15
20 25 4
20 29 8
21 2 1
21 3 4
21 4 8
21 7 1
21 8 4
21 16 1
21 17 15
21 18 4
21 23 8
21 24 2
21 26 8
21 28 9
21 29 15
21 30 4
21 44 1
21 45 4
22 3 1
22 4 15
22 5 4
22 7 1
22 8 4
22 17 2
22 22 1
22 23 15
22 24 4
22 26 2
22 28 2
22 29 2
23 4 2
23 7 1
23 8 4
23 11 1
23 12 4
23 23 2
24 3 8
24 7 8
24 8 8
24 13 8
24 16 8
25 2 1
25 3 15
25 4 4
25 7 3
25 8 15
25 9 4
25 12 1
25 13 6
25 16 3
25 17 4
25 49 8
25 50 8
25 51 8
25 52 8
25 56 8
25 57 8
25 58 8
25 59 8
26 2 1
26 3 6
26 8 3
26 9 4
26 12 1
26 13 4
26 16 1
26 17 4
26 48 1
26 49 15
26 50 15
26 51 15
26 52 15
26 53 12
26 54 8
26 55 9
26 56 15
26 57 15
26 58 15
26 59 15
26 60 12
27 2 1
27 3 4
27 16 1
27 17 4
27 48 9
27 49 15
27 50 15
27 51 15
27 52 15
27 53 15
27 54 15
27 55 15
27 56 15
27 57 15
27 58 15
27 59 15
27 60 15
27 61 12
27 62 8
28 2 1
28 3 4
28 16 1
28 17 4
28 47 1
28 48 15
28 49 15
28 50 15
28 51 15
28 52 15
28 53 15
28 54 15
28 55 15
28 56 15
28 57 15
28 58 15
28 59 15
28 60 15
28 61 15
28 62 15
28 63 12
29 2 1
29 3 12
29 12 1
29 13 4
29 16 1
29 17 12
29 47 9
29 48 15
29 49 15
29 50 15
29 51 15
29 52 15
29 53 15
29 54 15
29 55 15
29 56 15
29 57 15
29 58 15
29 59 15
29 60 15
29 61 15
29 62 15
29 63 15
30 2 1
30 3 15
30 4 12
30 12 1
30 13 12
30 16 9
30 17 15
30 18 4
30 46 9
30 47 15
30 48 15
30 49 15
30 50 15
30 51 15
30 52 15
30 53 15
30 54 15
30 55 15
30 56 15
30 57 15
30 58 15
30 59 15
30 60 15
30 61 15
30 62 15
30 63 15
31 3 3
31 4 15
31 5 4
31 13 2
31 16 2
31 17 2
31 41 8
31 42 8
31 45 9
31 46 15
31 47 15
31 48 15
31 49 15
31 50 15
31 51 15
31 52 15
31 53 15
31 54 15
31 55 15
31 56 15
31 57 15
31 58 15
31 59 15
31 60 15
31 61 15
31 62 15
31 63 15
32 4 2
32 11 1
32 12 4
32 39 8
32 40 9
32 41 15
32 42 15
32 43 12
32 44 9
32 45 15
32 46 15
32 47 15
32 48 15
32 49 15
32 50 15
32 51 15
32 52 15
32 53 15
32 54 15
32 55 15
32 56 15
32 57 15
32 58 15
32 59 15
32 60 15
32 61 15
32 62 15
32 63 15
33 11 1
33 12 4
33 38 9
33 39 15
33 40 15
33 41 15
33 42 15
33 43 15
33 44 15
33 45 15
33 46 15
33 47 15
33 48 15
33 49 15
33 50 15
33 51 15
33 52 15
33 53 15
33 54 15
33 55 15
33 56 15
33 57 15
33 58 15
33 59 15
33 60 15
33 61 15
33 62 15
33 63 15
34 7 1
34 8 4
34 37 1
34 38 15
34 39 15
34 40 15
34 41 15
34 42 15
34 43 15
34 44 15
34 45 15
34 46 15
34 47 15
34 48 15
34 49 15
34 50 15
34 51 15
34 52 15
34 53 15
34 54 15
34 55 15
34 56 15
34 57 15
34 58 15
34 59 15
34 60 15
34 61 15
34 62 15
34 63 15
35 7 1
35 8 4
35 15 8
35 20 8
35 21 8
35 22 9
35 23 4
35 38 3
35 39 15
35 40 15
35 41 15
35 42 15
35 43 15
35 44 15
35 45 15
35 46 15
35 47 15
35 48 15
35 49 15
35 50 15
35 51 15
35 52 15
35 53 15
35 54 15
35 55 15
35 56 15
35 57 15
35 58 15
35 59 15
35 60 15
35 61 15
35 62 15
35 63 15
36 15 2
36 19 1
36 20 15
36 21 6
36 22 2
36 38 9
36 39 15
36 40 15
36 41 15
36 42 15
36 43 15
36 44 15
36 45 15
36 46 15
36 47 15
36 48 15
36 49 15
36 50 15
36 51 15
36 52 15
36 53 15
36 54 15
36 55 15
36 56 15
36 57 15
36 58 15
36 59 15
36 60 15
36 61 15
36 62 15
36 63 15
37 6 8
37 20 2
37 37 1
37 38 15
37 39 15
37 40 15
37 41 15
37 42 15
37 43 15
37 44 15
37 45 15
37 46 15
37 47 15
37 48 15
37 49 15
37 50 7
37 51 15
37 52 15
37 53 15
37 54 15
37 55 15
37 56 15
37 57 15
37 58 15
37 59 15
37 60 15
37 61 15
37 62 15
37 63 15
38 5 1
38 6 15
38 7 4
38 37 1
38 38 15
38 39 15
38 40 6
38 41 3
38 42 15
38 43 15
38 44 15
38 45 15
38 46 15
38 47 15
38 48 6
38 49 2
38 51 2
38 52 2
38 53 3
38 54 15
38 55 15
38 56 15
38 57 15
38 58 15
38 59 15
38 60 15
38 61 15
38 62 15
38 63 15
39 6 2
39 37 1
39 38 15
39 39 15
39 40 12
39 41 9
39 42 15
39 43 15
39 44 15
39 45 15
39 46 6
39 47 2
39 54 3
39 55 15
39 56 15
39 57 15
39 58 15
39 59 15
39 60 15
39 61 15
39 62 15
39 63 15
40 37 1
40 38 15
40 39 15
40 40 15
40 41 15
40 42 15
40 43 15
40 44 15
40 45 15
40 46 4
40 55 3
40 56 15
40 57 15
40 58 15
40 59 15
40 60 15
40 61 15
40 62 15
40 63 15
41 37 9
41 38 15
41 39 15
41 40 15
41 41 15
41 42 15
41 43 15
41 44 15
41 45 6
41 56 3
41 57 15
41 58 15
41 59 15
41 60 15
41 61 15
41 62 15
41 63 15
42 28 1
42 29 4
42 31 1
42 32 4
42 36 1
42 37 15
42 38 15
42 39 15
42 40 15
42 41 15
42 42 15
42 43 15
42 44 6
42 57 3
42 58 15
42 59 15
42 60 15
42 61 15
42 62 15
42 63 15
43 8 8
43 9 8
43 10 8
43 28 1
43 29 4
43 31 8
43 36 9
43 37 15
43 38 15
43 39 15
43 40 6
43 41 2
43 42 2
43 43 2
43 57 9
43 58 15
43 59 15
43 60 15
43 61 15
43 62 15
43 63 15
44 8 2
44 9 2
44 10 2
44 31 2
44 35 1
44 36 15
44 37 15
44 38 15
44 39 6
44 56 1
44 57 15
44 58 15
44 59 15
44 60 15
44 61 15
44 62 15
44 63 15
45 35 9
45 36 15
45 37 15
45 38 15
45 39 4
45 57 3
45 58 15
45 59 15
45 60 15
45 61 15
45 62 15
45 63 15
46 34 9
46 35 15
46 36 15
46 37 15
46 38 15
46 39 4
46 57 9
46 58 15
46 59 15
46 60 15
46 61 15
46 62 15
46 63 15
47 33 1
47 34 15
47 35 15
47 36 15
47 37 15
47 38 15
47 39 4
47 56 1
47 57 15
47 58 15
47 59 15
47 60 15
47 61 15
47 62 15
47 63 15
48 33 9
48 34 15
48 35 15
48 36 15
48 37 15
48 38 15
48 39 12
48 56 9
48 57 15
48 58 15
48 59 15
48 60 15
48 61 15
48 62 15
48 63 15
49 12 8
49 13 8
49 14 8
49 15 8
49 16 8
49 17 8
49 18 8
49 19 8
49 32 1
49 33 15
49 34 15
49 35 6
49 36 3
49 37 15
49 38 15
49 39 15
49 40 4
49 55 9
49 56 15
49 57 15
49 58 15
49 59 15
49 60 15
49 61 15
49 62 15
49 63 15
50 12 2
50 13 2
50 14 2
50 15 2
50 16 2
50 17 2
50 18 2
50 19 2
50 32 1
50 33 15
50 34 15
50 35 12
50 36 9
50 37 15
50 38 15
50 39 15
50 40 4
50 46 8
50 47 8
50 48 8
50 49 8
50 53 8
50 54 9
50 55 15
50 56 15
50 57 15
50 58 15
50 59 15
50 60 15
50 61 15
50 62 15
50 63 15
51 32 1
51 33 15
51 34 15
51 35 15
51 36 15
51 37 15
51 38 15
51 39 6
51 45 9
51 46 15
51 47 15
51 48 15
51 49 15
51 50 12
51 51 8
51 52 9
51 53 15
51 54 15
51 55 15
51 56 15
51 57 15
51 58 15
51 59 15
51 60 15
51 61 15
51 62 15
51 63 15
52 32 1
52 33 15
52 34 15
52 35 15
52 36 15
52 37 6
52 38 2
52 44 1
52 45 15
52 46 15
52 47 15
52 48 15
52 49 15
52 50 15
52 51 15
52 52 15
52 53 15
52 54 15
52 55 15
52 56 15
52 57 15
52 58 15
52 59 15
52 60 15
52 61 15
52 62 15
52 63 15
53 33 3
53 34 15
53 35 15
53 36 15
53 37 4
53 44 9
53 45 15
53 46 15
53 47 15
53 48 15
53 49 15
53 50 15
53 51 15
53 52 15
53 53 15
53 54 15
53 55 15
53 56 15
53 57 15
53 58 15
53 59 15
53 60 15
53 61 15
53 62 15
53 63 15
54 16 8
54 17 8
54 33 1
54 34 15
54 35 15
54 36 15
54 37 4
54 43 1
54 44 15
54 45 15
54 46 6
54 47 3
54 48 15
54 49 15
54 50 15
54 51 15
54 52 15
54 53 15
54 54 15
54 55 15
54 56 15
54 57 15
54 58 15
54 59 15
54 60 15
54 61 15
54 62 15
54 63 15
55 6 8
55 11 1
55 12 4
55 15 1
55 16 6
55 17 2
55 18 1
55 19 4
55 23 1
55 24 4
55 34 2
55 35 2
55 36 2
55 43 9
55 44 15
55 45 15
55 46 4
55 47 9
55 48 15
55 49 15
55 50 15
55 51 15
55 52 15
55 53 15
55 54 15
55 55 15
55 56 15
55 57 15
55 58 15
55 59 15
55 60 15
55 61 15
55 62 15
55 63 15
56 3 9
56 4 4
56 5 1
56 6 6
56 7 8
56 11 1
56 12 4
56 15 1
56 16 4
56 18 1
56 19 4
56 23 1
56 24 4
56 42 1
56 43 15
56 44 15
56 45 6
56 46 1
56 47 15
56 48 15
56 49 15
56 50 15
56 51 15
56 52 15
56 53 15
56 54 15
56 55 15
56 56 15
56 57 15
56 58 15
56 59 15
56 60 15
56 61 15
56 62 15
56 63 15
57 2 1
57 3 15
57 4 4
57 5 1
57 6 5
57 7 15
57 8 4
57 11 1
57 12 4
57 15 1
57 16 12
57 17 8
57 18 1
57 19 4
57 23 1
57 24 4
57 42 9
57 43 15
57 44 15
57 45 12
57 46 8
57 47 2
57 48 3
57 49 15
57 50 15
57 51 15
57 52 15
57 53 15
57 54 15
57 55 15
57 56 15
57 57 15
57 58 15
57 59 15
57 60 15
57 61 15
57 62 15
57 63 6
58 2 1
58 3 6
58 5 1
58 6 4
58 7 3
58 8 4
58 11 1
58 12 4
58 16 2
58 17 2
58 23 1
58 24 4
58 41 9
58 42 15
58 43 15
58 44 15
58 45 15
58 46 15
58 47 12
58 48 9
58 49 15
58 50 15
58 51 15
58 52 15
58 53 15
58 54 15
58 55 15
58 56 15
58 57 15
58 58 15
58 59 15
58 60 15
58 61 15
58 62 6
59 2 9
59 3 4
59 5 1
59 6 12
59 7 1
59 8 12
59 11 1
59 12 4
59 23 1
59 24 4
59 40 1
59 41 15
59 42 15
59 43 15
59 44 15
59 45 15
59 46 15
59 47 15
59 48 15
59 49 15
59 50 15
59 51 15
59 52 15
59 53 15
59 54 15
59 55 15
59 56 15
59 57 15
59 58 15
59 59 15
59 60 6
59 61 2
59 63 8
60 1 9
60 2 15
60 3 4
60 5 1
60 6 15
60 7 13
60 8 15
60 9 12
60 40 1
60 41 15
60 42 15
60 43 15
60 44 15
60 45 15
60 46 15
60 47 15
60 48 15
60 49 6
60 50 3
60 51 15
60 52 15
60 53 15
60 54 15
60 55 15
60 56 15
60 57 15
60 58 15
60 59 6
60 62 1
60 63 15
61 0 9
61 1 15
61 2 6
61 6 3
61 7 15
61 8 15
61 9 15
61 10 12
61 14 8
61 15 8
61 16 8
61 17 8
61 18 8
61 19 8
61 20 8
61 21 8
61 22 8
61 23 8
61 40 1
61 41 15
61 42 15
61 43 15
61 44 15
61 45 15
61 46 15
61 47 15
61 48 15
61 49 12
61 50 9
61 51 15
61 52 15
61 53 15
61 54 15
61 55 15
61 56 15
61 57 15
61 58 6
61 63 2
62 0 2
62 1 2
62 7 3
62 8 15
62 9 15
62 10 15
62 11 12
62 14 2
62 15 2
62 16 2
62 17 2
62 18 2
62 19 2
62 20 2
62 21 2
62 22 2
62 23 2
62 41 3
62 42 15
62 43 15
62 44 15
62 45 15
62 46 15
62 47 15
62 48 15
62 49 15
62 50 15
62 51 15
62 52 15
62 53 6
62 54 2
62 55 2
62 56 2
62 57 2
62 62 1
62 63 4
63 8 3
63 9 15
63 10 7
63 11 15
63 12 12
63 13 8
63 14 8
63 15 8
63 16 8
63 17 8
63 18 8
63 19 8
63 20 8
63 21 8
63 22 8
63 23 8
63 24 8
63 25 8
63 26 8
63 27 8
63 28 8
63 29 8
63 30 8
63 31 8
63 32 8
63 33 8
63 34 8
63 35 8
63 36 8
63 37 8
63 38 8
63 39 8
63 40 8
63 41 1
63 42 15
63 43 15
63 44 15
63 45 15
63 46 15
63 47 15
63 48 15
63 49 15
63 50 15
63 51 15
63 52 6
