0
0 55 1
0 56 15
0 57 15
0 58 15
0 59 15
0 60 15
0 61 15
0 62 15
0 63 15
1 55 1
1 56 15
1 57 15
1 58 15
1 59 15
1 60 15
1 61 15
1 62 15
1 63 15
2 55 1
2 56 15
2 57 15
2 58 15
2 59 15
2 60 15
2 61 15
2 62 15
2 63 15
3 55 1
3 56 15
3 57 15
3 58 15
3 59 15
3 60 15
3 61 15
3 62 15
3 63 15
4 55 1
4 56 15
4 57 15
4 58 15
4 59 15
4 60 15
4 61 15
4 62 15
4 63 15
5 55 1
5 56 15
5 57 15
5 58 15
5 59 15
5 60 15
5 61 15
5 62 15
5 63 6
6 55 1
6 56 15
6 57 15
6 58 15
6 59 15
6 60 15
6 61 15
6 62 15
6 63 4
7 55 9
7 56 15
7 57 15
7 58 15
7 59 15
7 60 15
7 61 15
7 62 6
8 54 1
8 55 15
8 56 15
8 57 15
8 58 15
8 59 15
8 60 15
8 61 15
8 62 12
9 54 1
9 55 15
9 56 15
9 57 15
9 58 15
9 59 15
9 60 15
9 61 15
9 62 15
9 63 12
10 48 8
10 49 8
10 54 1
10 55 15
10 56 15
10 57 15
10 58 15
10 59 15
10 60 15
10 61 15
10 62 15
10 63 15
11 47 1
11 48 15
11 49 15
11 50 4
11 54 1
11 55 15
11 56 15
11 57 15
11 58 15
11 59 15
11 60 15
11 61 15
11 62 15
11 63 15
12 46 8
12 47 9
12 48 15
12 49 15
12 50 12
12 51 8
12 52 8
12 54 9
12 55 15
12 56 15
12 57 15
12 58 15
12 59 15
12 60 15
12 61 15
12 62 15
12 63 15
13 45 1
13 46 15
13 47 15
13 48 15
13 49 15
13 50 15
13 51 15
13 52 15
13 53 13
13 54 15
13 55 15
13 56 15
13 57 15
13 58 15
13 59 15
13 60 15
13 61 15
13 62 15
13 63 15
14 45 1
14 46 15
14 47 15
14 48 15
14 49 15
14 50 15
14 51 15
14 52 15
14 53 15
14 54 15
14 55 15
14 56 15
14 57 15
14 58 15
14 59 15
14 60 15
14 61 15
14 62 15
14 63 15
15 45 1
15 46 15
15 47 15
15 48 15
15 49 15
15 50 15
15 51 15
15 52 15
15 53 15
15 54 15
15 55 15
15 56 15
15 57 15
15 58 15
15 59 15
15 60 15
15 61 15
15 62 15
15 63 15
16 45 1
16 46 15
16 47 15
16 48 15
16 49 15
16 50 15
16 51 15
16 52 15
16 53 15
16 54 15
16 55 15
16 56 15
16 57 15
16 58 15
16 59 15
16 60 15
16 61 15
16 62 15
16 63 15
17 46 2
17 47 3
17 48 15
17 49 15
17 50 15
17 51 15
17 52 15
17 53 15
17 54 15
17 55 15
17 56 15
17 57 15
17 58 15
17 59 15
17 60 15
17 61 15
17 62 15
17 63 15
18 48 2
18 49 2
18 50 2
18 51 2
18 52 2
18 53 2
18 54 2
18 55 3
18 56 15
18 57 15
18 58 15
18 59 15
18 60 15
18 61 15
18 62 15
18 63 15
19 56 3
19 57 15
19 58 15
19 59 15
19 60 15
19 61 15
19 62 15
19 63 15
20 56 9
20 57 15
20 58 15
20 59 15
20 60 15
20 61 15
20 62 15
20 63 15
21 55 1
21 56 15
21 57 15
21 58 15
21 59 15
21 60 15
21 61 15
21 62 15
21 63 15
22 30 8
22 31 8
22 32 8
22 55 1
22 56 15
22 57 15
22 58 15
22 59 15
22 60 15
22 61 15
22 62 15
22 63 15
23 29 9
23 30 15
23 31 15
23 32 15
23 33 12
23 34 8
23 55 1
23 56 15
23 57 15
23 58 15
23 59 15
23 60 15
23 61 15
23 62 15
23 63 15
24 27 8
24 28 9
24 29 15
24 30 15
24 31 15
24 32 15
24 33 15
24 34 15
24 35 12
24 55 1
24 56 15
24 57 15
24 58 15
24 59 15
24 60 15
24 61 15
24 62 15
24 63 15
25 26 1
25 27 15
25 28 15
25 29 15
25 30 15
25 31 15
25 32 15
25 33 15
25 34 15
25 35 15
25 36 12
25 56 3
25 57 15
25 58 15
25 59 15
25 60 15
25 61 15
25 62 15
25 63 15
26 26 1
26 27 15
26 28 15
26 29 15
26 30 15
26 31 15
26 32 15
26 33 15
26 34 15
26 35 15
26 36 15
26 37 4
26 57 3
26 58 15
26 59 15
26 60 15
26 61 15
26 62 15
26 63 15
27 26 9
27 27 15
27 28 15
27 29 15
27 30 15
27 31 15
27 32 15
27 33 15
27 34 15
27 35 15
27 36 15
27 37 12
27 57 1
27 58 15
27 59 15
27 60 15
27 61 15
27 62 15
27 63 15
28 25 1
28 26 15
28 27 15
28 28 15
28 29 15
28 30 15
28 31 15
28 32 15
28 33 15
28 34 15
28 35 15
28 36 15
28 37 15
28 38 4
28 58 3
28 59 15
28 60 15
28 61 15
28 62 15
28 63 15
29 25 1
29 26 15
29 27 15
29 28 15
29 29 15
29 30 15
29 31 15
29 32 15
29 33 15
29 34 15
29 35 15
29 36 15
29 37 15
29 38 4
29 58 1
29 59 15
29 60 15
29 61 15
29 62 15
29 63 15
30 26 3
30 27 15
30 28 15
30 29 15
30 30 15
30 31 15
30 32 15
30 33 15
30 34 15
30 35 15
30 36 15
30 37 15
30 38 4
30 59 3
30 60 15
30 61 15
30 62 15
30 63 15
31 26 1
31 27 15
31 28 15
31 29 15
31 30 15
31 31 15
31 32 15
31 33 15
31 34 15
31 35 15
31 36 15
31 37 15
31 38 4
31 60 2
31 61 3
31 62 15
31 63 15
32 27 3
32 28 15
32 29 15
32 30 15
32 31 15
32 32 15
32 33 15
32 34 15
32 35 15
32 36 15
32 37 6
32 61 9
32 62 15
32 63 15
33 28 3
33 29 15
33 30 15
33 31 15
33 32 15
33 33 15
33 34 15
33 35 15
33 36 6
33 60 1
33 61 15
33 62 15
33 63 15
34 29 2
34 30 3
34 31 15
34 32 15
34 33 6
34 34 2
34 35 2
34 60 1
34 61 15
34 62 15
34 63 15
35 31 2
35 32 2
35 59 8
35 60 9
35 61 15
35 62 15
35 63 15
36 58 9
36 59 15
36 60 15
36 61 15
36 62 15
36 63 15
37 17 8
37 54 8
37 55 8
37 56 8
37 57 9
37 58 15
37 59 15
37 60 15
37 61 15
37 62 15
37 63 15
38 15 8
38 16 9
38 17 15
38 18 4
38 52 8
38 53 9
38 54 15
38 55 15
38 56 15
38 57 15
38 58 15
38 59 15
38 60 15
38 61 15
38 62 15
38 63 15
39 12 8
39 14 9
39 15 15
39 16 15
39 17 15
39 18 12
39 19 8
39 20 8
39 21 8
39 51 1
39 52 15
39 53 15
39 54 15
39 55 15
39 56 15
39 57 15
39 58 15
39 59 15
39 60 15
39 61 15
39 62 15
39 63 15
40 11 1
40 12 15
40 13 13
40 14 15
40 15 15
40 16 15
40 17 15
40 18 15
40 19 15
40 20 15
40 21 15
40 22 4
40 49 8
40 50 8
40 51 9
40 52 15
40 53 15
40 54 15
40 55 15
40 56 15
40 57 15
40 58 15
40 59 15
40 60 15
40 61 15
40 62 15
40 63 15
41 9 8
41 10 8
41 11 9
41 12 15
41 13 15
41 14 15
41 15 15
41 16 15
41 17 15
41 18 15
41 19 15
41 20 15
41 21 15
41 22 4
41 46 8
41 47 8
41 48 9
41 49 15
41 50 15
41 51 15
41 52 15
41 53 15
41 54 15
41 55 15
41 56 15
41 57 15
41 58 15
41 59 15
41 60 15
41 61 15
41 62 15
41 63 15
42 8 1
42 9 15
42 10 15
42 11 15
42 12 15
42 13 15
42 14 15
42 15 15
42 16 15
42 17 15
42 18 15
42 19 15
42 20 15
42 21 15
42 22 4
42 41 8
42 43 8
42 44 8
42 45 9
42 46 15
42 47 15
42 48 15
42 49 15
42 50 15
42 51 15
42 52 15
42 53 15
42 54 15
42 55 15
42 56 15
42 57 15
42 58 15
42 59 15
42 60 15
42 61 15
42 62 15
42 63 15
43 8 1
43 9 15
43 10 15
43 11 15
43 12 15
43 13 15
43 14 15
43 15 15
43 16 15
43 17 15
43 18 15
43 19 15
43 20 15
43 21 15
43 22 4
43 32 8
43 33 8
43 34 8
43 35 8
43 36 8
43 37 8
43 38 8
43 39 8
43 40 9
43 41 15
43 42 13
43 43 15
43 44 15
43 45 15
43 46 15
43 47 15
43 48 15
43 49 15
43 50 15
43 51 15
43 52 15
43 53 15
43 54 15
43 55 15
43 56 15
43 57 15
43 58 15
43 59 15
43 60 15
43 61 15
43 62 15
43 63 15
44 8 1
44 9 15
44 10 15
44 11 15
44 12 15
44 13 15
44 14 15
44 15 15
44 16 15
44 17 15
44 18 15
44 19 15
44 20 15
44 21 15
44 22 4
44 30 8
44 31 9
44 32 15
44 33 15
44 34 15
44 35 15
44 36 15
44 37 15
44 38 15
44 39 15
44 40 15
44 41 15
44 42 15
44 43 15
44 44 15
44 45 15
44 46 15
44 47 15
44 48 15
44 49 15
44 50 15
44 51 15
44 52 15
44 53 15
44 54 15
44 55 15
44 56 15
44 57 15
44 58 15
44 59 15
44 60 15
44 61 15
44 62 15
44 63 15
45 8 9
45 9 15
45 10 15
45 11 15
45 12 15
45 13 15
45 14 15
45 15 15
45 16 15
45 17 15
45 18 15
45 19 15
45 20 15
45 21 15
45 22 12
45 27 8
45 28 8
45 29 9
45 30 15
45 31 15
45 32 15
45 33 15
45 34 15
45 35 15
45 36 15
45 37 15
45 38 15
45 39 15
45 40 15
45 41 15
45 42 15
45 43 15
45 44 15
45 45 15
45 46 15
45 47 15
45 48 15
45 49 15
45 50 15
45 51 15
45 52 15
45 53 15
45 54 15
45 55 15
45 56 15
45 57 15
45 58 15
45 59 15
45 60 15
45 61 15
45 62 15
45 63 15
46 7 1
46 8 15
46 9 15
46 10 15
46 11 15
46 12 15
46 13 15
46 14 15
46 15 15
46 16 15
46 17 15
46 18 15
46 19 15
46 20 15
46 21 15
46 22 15
46 23 12
46 25 8
46 26 9
46 27 15
46 28 15
46 29 15
46 30 15
46 31 15
46 32 15
46 33 15
46 34 15
46 35 15
46 36 15
46 37 15
46 38 15
46 39 15
46 40 15
46 41 15
46 42 15
46 43 15
46 44 15
46 45 15
46 46 15
46 47 15
46 48 15
46 49 15
46 50 15
46 51 15
46 52 15
46 53 15
46 54 15
46 55 15
46 56 15
46 57 15
46 58 15
46 59 15
46 60 15
46 61 15
46 62 15
46 63 15
47 4 8
47 7 9
47 8 15
47 9 15
47 10 15
47 11 15
47 12 15
47 13 15
47 14 15
47 15 15
47 16 15
47 17 15
47 18 15
47 19 15
47 20 15
47 21 15
47 22 15
47 23 15
47 24 13
47 25 15
47 26 15
47 27 15
47 28 15
47 29 15
47 30 15
47 31 15
47 32 15
47 33 15
47 34 15
47 35 15
47 36 15
47 37 15
47 38 15
47 39 15
47 40 15
47 41 15
47 42 15
47 43 15
47 44 15
47 45 15
47 46 15
47 47 15
47 48 15
47 49 15
47 50 15
47 51 15
47 52 15
47 53 15
47 54 15
47 55 15
47 56 15
47 57 15
47 58 15
47 59 15
47 60 15
47 61 15
47 62 15
47 63 15
48 3 9
48 4 15
48 5 12
48 6 9
48 7 15
48 8 15
48 9 15
48 10 15
48 11 15
48 12 15
48 13 15
48 14 15
48 15 15
48 16 15
48 17 15
48 18 15
48 19 15
48 20 15
48 21 15
48 22 15
48 23 15
48 24 15
48 25 15
48 26 15
48 27 15
48 28 15
48 29 15
48 30 15
48 31 15
48 32 15
48 33 15
48 34 15
48 35 15
48 36 15
48 37 15
48 38 15
48 39 15
48 40 15
48 41 15
48 42 15
48 43 15
48 44 15
48 45 15
48 46 15
48 47 15
48 48 15
48 49 15
48 50 15
48 51 15
48 52 15
48 53 15
48 54 15
48 55 15
48 56 15
48 57 15
48 58 15
48 59 15
48 60 15
48 61 15
48 62 15
48 63 15
49 0 8
49 1 8
49 2 9
49 3 15
49 4 15
49 5 15
49 6 15
49 7 15
49 8 15
49 9 15
49 10 15
49 11 15
49 12 15
49 13 15
49 14 15
49 15 15
49 16 15
49 17 15
49 18 15
49 19 15
49 20 15
49 21 15
49 22 15
49 23 15
49 24 15
49 25 15
49 26 15
49 27 15
49 28 15
49 29 15
49 30 15
49 31 15
49 32 15
49 33 15
49 34 15
49 35 15
49 36 15
49 37 15
49 38 15
49 39 15
49 40 15
49 41 15
49 42 15
49 43 15
49 44 15
49 45 15
49 46 15
49 47 15
49 48 15
49 49 15
49 50 15
49 51 15
49 52 15
49 53 15
49 54 15
49 55 15
49 56 15
49 57 15
49 58 15
49 59 15
49 60 15
49 61 15
49 62 15
49 63 15
50 0 15
50 1 15
50 2 15
50 3 15
50 4 15
50 5 15
50 6 15
50 7 15
50 8 15
50 9 15
50 10 15
50 11 15
50 12 15
50 13 15
50 14 15
50 15 15
50 16 15
50 17 15
50 18 15
50 19 15
50 20 15
50 21 15
50 22 15
50 23 15
50 24 15
50 25 15
50 26 15
50 27 15
50 28 15
50 29 15
50 30 15
50 31 15
50 32 15
50 33 15
50 34 15
50 35 15
50 36 15
50 37 15
50 38 15
50 39 15
50 40 15
50 41 15
50 42 15
50 43 15
50 44 15
50 45 15
50 46 15
50 47 15
50 48 15
50 49 15
50 50 15
50 51 15
50 52 15
50 53 15
50 54 15
50 55 15
50 56 15
50 57 15
50 58 15
50 59 15
50 60 15
50 61 15
50 62 15
50 63 15
51 0 15
51 1 15
51 2 15
51 3 15
51 4 15
51 5 15
51 6 15
51 7 15
51 8 15
51 9 15
51 10 15
51 11 15
51 12 15
51 13 15
51 14 15
51 15 15
51 16 15
51 17 15
51 18 15
51 19 15
51 20 15
51 21 15
51 22 15
51 23 15
51 24 15
51 25 15
51 26 15
51 27 15
51 28 15
51 29 15
51 30 15
51 31 15
51 32 15
51 33 15
51 34 15
51 35 15
51 36 15
51 37 15
51 38 15
51 39 15
51 40 15
51 41 15
51 42 15
51 43 15
51 44 15
51 45 15
51 46 15
51 47 15
51 48 15
51 49 15
51 50 15
51 51 15
51 52 6
51 53 2
51 54 2
51 55 3
51 56 15
51 57 15
51 58 15
51 59 15
51 60 15
51 61 15
51 62 15
51 63 15
52 0 15
52 1 15
52 2 15
52 3 15
52 4 15
52 5 15
52 6 15
52 7 15
52 8 15
52 9 15
52 10 15
52 11 15
52 12 15
52 13 15
52 14 15
52 15 15
52 16 15
52 17 15
52 18 15
52 19 15
52 20 15
52 21 15
52 22 15
52 23 15
52 24 15
52 25 15
52 26 15
52 27 15
52 28 15
52 29 15
52 30 15
52 31 15
52 32 15
52 33 15
52 34 15
52 35 15
52 36 15
52 37 15
52 38 15
52 39 15
52 40 15
52 41 15
52 42 15
52 43 6
52 44 2
52 45 2
52 46 2
52 47 2
52 48 2
52 49 2
52 50 2
52 51 2
52 56 2
52 57 3
52 58 15
52 59 15
52 60 15
52 61 15
52 62 15
52 63 15
53 0 15
53 1 15
53 2 15
53 3 15
53 4 15
53 5 15
53 6 15
53 7 15
53 8 15
53 9 15
53 10 15
53 11 15
53 12 15
53 13 15
53 14 15
53 15 15
53 16 15
53 17 15
53 18 15
53 19 15
53 20 15
53 21 15
53 22 15
53 23 15
53 24 15
53 25 15
53 26 15
53 27 15
53 28 15
53 29 15
53 30 15
53 31 15
53 32 15
53 33 15
53 34 15
53 35 15
53 36 15
53 37 15
53 38 15
53 39 15
53 40 6
53 41 2
53 42 2
53 58 2
53 59 2
53 60 2
53 61 2
53 62 2
53 63 2
54 0 15
54 1 15
54 2 15
54 3 15
54 4 15
54 5 15
54 6 15
54 7 15
54 8 15
54 9 15
54 10 15
54 11 15
54 12 15
54 13 15
54 14 15
54 15 15
54 16 15
54 17 15
54 18 15
54 19 15
54 20 15
54 21 15
54 22 15
54 23 15
54 24 15
54 25 15
54 26 15
54 27 15
54 28 15
54 29 15
54 30 15
54 31 15
54 32 15
54 33 15
54 34 15
54 35 6
54 36 2
54 37 2
54 38 2
54 39 2
55 0 15
55 1 15
55 2 15
55 3 15
55 4 15
55 5 15
55 6 15
55 7 15
55 8 15
55 9 15
55 10 15
55 11 15
55 12 15
55 13 15
55 14 15
55 15 15
55 16 15
55 17 15
55 18 15
55 19 15
55 20 6
55 21 3
55 22 15
55 23 15
55 24 15
55 25 15
55 26 15
55 27 15
55 28 15
55 29 15
55 30 15
55 31 15
55 32 6
55 33 2
55 34 2
56 0 15
56 1 15
56 2 15
56 3 15
56 4 15
56 5 15
56 6 15
56 7 15
56 8 15
56 9 15
56 10 15
56 11 15
56 12 15
56 13 15
56 14 15
56 15 15
56 16 15
56 17 15
56 18 6
56 19 2
56 22 2
56 23 2
56 24 2
56 25 2
56 26 2
56 27 2
56 28 2
56 29 2
56 30 2
56 31 2
57 0 15
57 1 15
57 2 15
57 3 15
57 4 15
57 5 15
57 6 15
57 7 15
57 8 15
57 9 15
57 10 15
57 11 15
57 12 15
57 13 15
57 14 15
57 15 6
57 16 2
57 17 2
58 0 15
58 1 15
58 2 15
58 3 15
58 4 15
58 5 15
58 6 15
58 7 15
58 8 15
58 9 15
58 10 15
58 11 15
58 12 15
58 13 15
58 14 6
59 0 15
59 1 15
59 2 15
59 3 15
59 4 15
59 5 15
59 6 15
59 7 15
59 8 15
59 9 15
59 10 15
59 11 15
59 12 15
59 13 15
59 14 4
60 0 15
60 1 15
60 2 15
60 3 15
60 4 15
60 5 15
60 6 15
60 7 15
60 8 15
60 9 15
60 10 15
60 11 15
60 12 15
60 13 15
60 14 4
61 0 15
61 1 15
61 2 15
61 3 15
61 4 15
61 5 15
61 6 15
61 7 15
61 8 15
61 9 15
61 10 15
61 11 15
61 12 15
61 13 15
61 14 4
62 0 15
62 1 15
62 2 15
62 3 15
62 4 15
62 5 15
62 6 15
62 7 15
62 8 15
62 9 15
62 10 15
62 11 15
62 12 15
62 13 15
62 14 4
63 0 15
63 1 15
63 2 15
63 3 15
63 4 15
63 5 15
63 6 15
63 7 15
63 8 15
63 9 15
63 10 15
63 11 15
63 12 15
63 13 15
63 14 4
