0
2 4 8
2 5 8
2 6 8
2 7 8
2 8 8
2 9 8
2 10 8
2 11 8
2 12 8
2 13 8
3 3 1
3 4 15
3 5 6
3 6 2
3 7 2
3 8 2
3 9 2
3 10 2
3 11 2
3 12 3
3 13 15
3 14 4
4 3 1
4 4 6
4 13 3
4 14 4
5 3 1
5 4 4
5 13 1
5 14 4
6 3 1
6 4 4
7 3 1
7 4 4
7 13 1
7 14 4
8 3 1
8 4 4
8 13 1
8 14 4
9 3 1
9 4 4
9 13 1
9 14 4
9 63 8
10 3 1
10 4 12
10 13 9
10 14 4
10 56 8
10 57 8
10 62 1
10 63 15
11 3 1
11 4 15
11 5 12
11 6 8
11 7 8
11 10 8
11 11 8
11 12 9
11 13 15
11 14 4
11 55 1
11 56 15
11 57 15
11 58 4
11 63 2
12 4 11
12 5 6
12 6 2
12 7 2
12 10 2
12 11 2
12 12 2
12 13 10
12 55 1
12 56 15
12 57 15
12 58 4
12 61 1
12 62 4
13 2 8
13 3 9
13 4 15
13 5 4
13 12 1
13 13 15
13 14 12
13 15 8
13 56 2
13 57 2
13 61 1
13 62 4
14 1 1
14 2 6
14 3 2
14 4 2
14 13 2
14 14 2
14 15 3
14 16 4
14 60 8
15 1 1
15 2 4
15 15 1
15 16 4
15 52 8
15 56 8
15 57 8
15 59 9
15 60 15
15 61 4
16 1 1
16 2 12
16 3 8
16 4 8
16 13 8
16 14 8
16 15 9
16 16 4
16 52 2
16 56 2
16 57 2
16 59 2
16 60 2
17 2 2
17 3 3
17 4 15
17 5 4
17 12 1
17 13 15
17 14 6
17 15 2
17 53 8
17 54 8
17 55 8
17 56 8
17 57 8
17 58 8
17 59 8
17 60 8
17 61 8
18 4 3
18 5 12
18 6 8
18 11 8
18 12 9
18 13 6
18 53 2
18 54 2
18 55 2
18 56 2
18 57 2
18 58 2
18 59 2
18 60 3
18 61 15
18 62 4
19 5 3
19 6 15
19 7 4
19 10 1
19 11 15
19 12 6
19 52 8
19 54 8
19 55 8
19 56 8
19 59 8
19 61 3
19 62 4
20 6 3
20 7 4
20 10 1
20 11 6
20 45 8
20 47 8
20 48 8
20 51 1
20 52 15
20 53 4
20 54 2
20 55 2
20 56 2
20 59 2
20 61 1
20 62 4
21 6 1
21 7 12
21 10 9
21 11 4
21 42 1
21 43 4
21 44 1
21 45 6
21 47 2
21 48 2
21 51 1
21 52 6
22 6 1
22 7 15
22 8 4
22 9 1
22 10 15
22 11 4
22 53 1
22 54 4
23 7 2
23 10 2
23 42 1
23 43 4
23 44 1
23 45 4
23 51 1
23 52 12
23 53 9
23 54 4
24 42 1
24 43 4
24 44 1
24 45 4
24 51 1
24 52 15
24 53 6
25 42 1
25 43 4
25 44 1
25 45 4
25 51 1
25 52 6
26 42 1
26 43 4
26 44 1
26 45 4
26 47 1
26 48 4
26 51 1
26 52 4
27 42 1
27 43 12
27 44 9
27 45 12
27 46 8
27 47 9
27 48 12
27 49 8
27 50 8
27 51 9
27 52 4
28 42 1
28 43 6
28 44 2
28 45 2
28 46 2
28 47 2
28 48 2
28 49 2
28 50 2
28 51 2
30 42 1
30 43 4
31 42 1
31 43 4
32 42 1
32 43 4
33 42 1
33 43 4
34 51 1
34 52 4
36 51 1
36 52 4
37 51 1
37 52 4
39 51 1
39 52 4
40 51 1
40 52 4
41 51 1
41 52 4
43 51 1
43 52 4
44 0 8
44 51 1
44 52 4
45 0 2
45 2 8
45 51 1
45 52 4
46 1 1
46 2 15
46 3 4
46 4 8
46 5 8
46 6 8
46 7 8
47 0 8
47 1 8
47 2 2
47 4 2
47 5 2
47 6 2
47 7 2
48 0 3
48 1 15
48 2 4
48 4 8
48 5 8
48 7 8
49 1 2
49 2 8
49 3 8
49 4 10
49 5 10
49 6 8
49 7 2
49 10 1
49 11 4
49 51 1
49 52 4
50 1 1
50 2 15
50 3 6
50 4 2
50 5 3
50 6 15
50 7 4
50 8 1
50 9 4
50 51 1
50 52 4
51 1 9
51 2 6
51 6 3
51 7 4
51 8 1
51 9 4
51 51 1
51 52 4
52 0 1
52 1 15
52 2 4
52 6 1
52 7 4
52 8 1
52 9 4
52 10 1
52 11 4
52 51 1
52 52 4
53 0 1
53 1 6
53 6 1
53 7 4
53 8 1
53 9 4
53 10 1
53 11 4
53 51 1
53 52 12
53 53 8
53 54 8
53 55 8
53 57 8
53 58 8
53 59 8
53 60 8
54 0 1
54 1 12
54 6 1
54 7 4
54 8 1
54 9 4
54 10 1
54 11 4
54 20 8
54 21 8
54 22 8
54 23 8
54 51 1
54 52 15
54 53 6
54 54 2
54 55 2
54 57 2
54 58 2
54 59 3
54 60 15
54 61 4
55 0 1
55 1 15
55 2 4
55 6 9
55 7 4
55 8 1
55 9 4
55 20 2
55 21 2
55 22 2
55 23 2
55 51 1
55 52 6
55 60 3
55 61 4
56 1 3
56 2 4
56 4 8
56 5 9
56 6 15
56 7 4
56 17 8
56 18 8
56 19 8
56 20 8
56 21 8
56 22 8
56 23 8
56 28 8
56 29 8
56 51 1
56 52 12
56 60 9
56 61 4
57 1 9
57 2 4
57 3 1
57 4 15
57 5 6
57 6 2
57 17 2
57 18 2
57 19 2
57 20 2
57 21 2
57 22 2
57 23 2
57 28 2
57 29 2
57 51 1
57 52 15
57 53 12
57 54 8
57 55 8
57 56 8
57 57 8
57 58 8
57 59 9
57 60 15
57 61 4
58 0 1
58 1 15
58 2 4
58 3 1
58 4 6
58 28 8
58 29 8
58 30 8
58 52 2
58 53 2
58 54 2
58 55 2
58 56 2
58 57 2
58 58 2
58 59 2
58 60 2
59 0 1
59 1 14
59 3 9
59 4 4
59 28 2
59 29 2
59 30 2
59 51 8
59 52 8
59 53 8
59 54 8
59 55 8
59 56 8
59 57 8
59 58 8
59 59 8
59 60 8
59 61 8
59 62 8
59 63 8
60 0 1
60 1 15
60 2 5
60 3 15
60 4 4
60 51 2
60 52 2
60 53 2
60 54 2
60 55 2
60 56 2
60 57 2
60 58 2
60 59 2
60 60 2
60 61 2
60 62 2
60 63 2
61 1 2
61 3 2
61 51 8
61 52 8
61 53 8
61 54 8
61 55 8
61 56 8
61 57 8
61 58 8
61 59 8
61 60 8
61 61 8
61 62 8
61 63 8
62 51 2
62 52 2
62 53 2
62 54 2
62 55 2
62 56 2
62 57 2
62 58 2
62 59 2
62 60 2
62 61 2
62 62 2
62 63 2
