0
0 9 1
0 10 15
0 11 12
0 40 8
0 42 1
0 43 15
0 44 15
0 45 15
0 46 15
0 47 15
0 48 15
0 49 15
0 50 15
0 51 4
0 60 1
0 61 15
0 62 4
1 10 3
1 11 15
1 12 12
1 13 8
1 14 8
1 15 8
1 16 8
1 17 8
1 18 8
1 19 8
1 20 8
1 21 8
1 22 8
1 23 8
1 24 8
1 25 8
1 26 8
1 27 8
1 28 8
1 29 8
1 30 8
1 31 8
1 32 8
1 33 8
1 34 8
1 35 8
1 36 8
1 37 8
1 38 8
1 39 9
1 40 15
1 41 4
1 43 2
1 44 2
1 45 2
1 46 2
1 47 2
1 48 2
1 49 2
1 50 2
1 61 2
1 62 8
2 11 2
2 12 2
2 13 2
2 14 2
2 15 2
2 16 2
2 17 2
2 18 2
2 19 2
2 20 2
2 21 2
2 22 2
2 23 2
2 24 2
2 25 2
2 26 2
2 27 2
2 28 2
2 29 2
2 30 2
2 31 2
2 32 2
2 33 2
2 34 2
2 35 2
2 36 2
2 37 2
2 38 2
2 39 2
2 40 2
2 61 1
2 62 15
2 63 4
3 60 1
3 61 5
3 62 14
4 61 9
4 62 15
4 63 4
5 1 8
5 2 8
5 3 8
5 4 8
5 6 8
5 9 8
5 10 8
5 13 8
5 60 1
5 61 15
5 62 6
6 0 1
6 1 6
6 2 3
6 3 6
6 4 2
6 6 3
6 7 4
6 8 1
6 9 6
6 10 2
6 13 2
6 61 3
6 62 5
6 63 4
7 0 1
7 1 4
7 2 1
7 3 4
7 6 1
7 7 4
7 8 1
7 9 4
7 61 1
7 62 5
7 63 4
8 0 1
8 1 4
8 6 1
8 7 4
8 8 1
8 9 4
8 61 1
8 62 5
8 63 4
9 0 1
9 1 12
9 2 9
9 3 12
9 4 8
9 5 8
9 6 9
9 7 4
9 8 1
9 9 4
9 61 1
9 62 5
9 63 4
10 1 2
10 2 2
10 3 2
10 4 2
10 5 2
10 6 2
10 8 1
10 9 4
10 61 1
10 62 5
10 63 4
11 8 1
11 9 12
11 10 8
11 61 9
11 62 5
11 63 4
12 9 2
12 10 2
12 60 1
12 61 15
12 62 12
13 61 3
13 62 15
13 63 4
14 60 1
14 61 5
14 62 6
15 60 1
15 61 5
15 62 4
16 42 8
16 60 1
16 61 5
16 62 4
17 41 1
17 42 15
17 43 12
17 60 1
17 61 5
17 62 4
18 42 3
18 43 15
18 44 12
18 45 8
18 60 1
18 61 13
18 62 4
19 43 2
19 44 3
19 45 15
19 46 12
19 48 8
19 61 2
20 45 3
20 46 15
20 47 13
20 48 15
20 49 4
21 37 1
21 38 4
21 46 2
21 47 2
21 48 2
22 37 1
22 38 4
23 37 1
23 38 4
24 37 1
24 38 4
25 37 1
25 38 12
26 37 1
26 38 15
26 39 12
26 44 8
26 45 8
27 38 3
27 39 15
27 40 4
27 43 1
27 44 15
27 45 6
28 39 3
28 40 4
28 43 1
28 44 6
28 60 1
28 61 4
29 39 1
29 40 4
29 60 1
29 61 4
30 60 1
30 61 4
31 20 1
31 21 4
31 60 1
31 61 4
32 60 1
32 61 4
33 23 8
33 60 1
33 61 4
34 22 1
34 23 15
34 24 12
34 60 1
34 61 4
35 23 3
35 24 15
35 25 12
35 60 1
35 61 4
36 24 3
36 25 15
36 26 12
36 60 1
36 61 4
37 25 2
37 26 2
37 60 1
37 61 4
38 27 1
38 28 12
38 60 1
38 61 4
39 27 1
39 28 15
39 29 4
39 60 1
39 61 4
40 28 3
40 29 12
41 28 1
41 29 15
41 30 4
42 29 3
42 30 4
44 62 1
44 63 4
45 29 1
45 30 4
45 62 1
45 63 4
46 29 1
46 30 4
46 62 1
46 63 4
47 29 9
47 30 4
47 62 1
47 63 4
48 28 1
48 29 15
48 30 4
48 62 1
48 63 4
49 28 1
49 29 6
49 62 1
49 63 4
50 28 9
50 29 4
50 62 1
50 63 4
51 27 1
51 28 15
51 29 4
52 27 9
52 28 6
53 26 1
53 27 15
53 28 4
54 26 1
54 27 6
55 26 1
55 27 4
58 26 1
58 27 4
59 26 1
59 27 4
60 26 1
60 27 4
60 60 1
60 61 4
61 60 1
61 61 4
62 12 8
62 15 8
62 26 1
62 27 4
62 60 1
62 61 4
63 1 8
63 2 8
63 3 8
63 4 8
63 5 8
63 6 8
63 11 1
63 12 15
63 13 4
63 14 1
63 15 15
63 16 4
63 26 1
63 27 4
63 60 1
63 61 4
