0
0 0 4
0 2 1
0 3 4
0 14 1
0 15 4
0 17 1
0 18 12
0 23 1
0 24 15
0 25 12
0 26 8
0 29 8
0 30 8
0 31 8
0 32 8
0 53 1
0 54 4
0 59 1
0 60 4
1 2 1
1 3 12
1 4 8
1 5 8
1 6 8
1 7 8
1 8 8
1 9 8
1 14 1
1 15 4
1 18 2
1 24 2
1 25 3
1 26 15
1 27 12
1 28 9
1 29 15
1 30 6
1 31 2
1 32 3
1 33 4
1 59 1
1 60 4
2 3 2
2 4 2
2 5 2
2 6 2
2 7 2
2 8 3
2 9 15
2 10 4
2 14 1
2 15 4
2 18 8
2 26 2
2 27 2
2 28 2
2 29 2
2 32 1
2 33 4
2 53 1
2 54 12
2 55 8
2 56 8
2 57 8
2 58 8
2 59 9
2 60 4
3 3 8
3 4 8
3 5 8
3 6 8
3 9 3
3 10 12
3 14 9
3 15 4
3 17 1
3 18 14
3 19 8
3 20 8
3 21 8
3 32 1
3 33 4
3 44 8
3 45 8
3 46 8
3 48 8
3 49 8
3 50 8
3 51 8
3 54 2
3 55 2
3 56 2
3 57 2
3 58 2
3 59 2
4 2 9
4 3 6
4 4 2
4 5 2
4 6 3
4 7 4
4 9 1
4 10 15
4 11 12
4 13 9
4 14 15
4 15 4
4 18 2
4 19 2
4 20 3
4 21 15
4 22 4
4 26 8
4 27 8
4 28 8
4 29 8
4 30 8
4 31 8
4 32 9
4 33 4
4 42 8
4 43 9
4 44 15
4 45 6
4 46 2
4 47 8
4 48 10
4 49 10
4 50 10
4 51 2
4 54 8
4 55 8
4 56 8
4 57 8
4 58 8
5 1 9
5 2 15
5 3 4
5 6 1
5 7 4
5 10 2
5 11 2
5 13 2
5 14 2
5 21 3
5 22 12
5 23 8
5 24 8
5 25 9
5 26 15
5 27 6
5 28 2
5 29 2
5 30 2
5 31 2
5 32 2
5 41 1
5 42 15
5 43 6
5 44 2
5 45 8
5 46 9
5 47 15
5 48 15
5 49 15
5 50 15
5 51 12
5 52 8
5 53 9
5 54 15
5 55 15
5 56 15
5 57 15
5 58 15
5 59 12
6 0 1
6 1 6
6 2 2
6 22 2
6 23 2
6 24 2
6 25 2
6 26 2
6 42 2
6 43 8
6 44 9
6 45 15
6 46 15
6 47 15
6 48 15
6 49 15
6 50 15
6 51 15
6 52 15
6 53 15
6 54 15
6 55 15
6 56 15
6 57 15
6 58 15
6 59 15
6 60 12
6 61 8
7 0 1
7 1 4
7 6 1
7 7 4
7 41 8
7 42 9
7 43 15
7 44 15
7 45 15
7 46 15
7 47 15
7 48 15
7 49 6
7 50 2
7 51 2
7 52 2
7 53 2
7 54 2
7 55 2
7 56 3
7 57 15
7 58 15
7 59 15
7 60 15
7 61 15
7 62 12
8 0 1
8 1 12
8 2 8
8 3 8
8 4 8
8 5 8
8 6 8
8 17 8
8 18 8
8 19 8
8 20 8
8 21 8
8 22 8
8 23 8
8 24 8
8 25 8
8 38 8
8 39 8
8 40 9
8 41 15
8 42 15
8 43 15
8 44 15
8 45 15
8 46 15
8 47 15
8 48 6
8 57 3
8 58 15
8 59 15
8 60 15
8 61 15
8 62 15
8 63 12
9 0 1
9 1 6
9 2 2
9 3 3
9 4 15
9 5 6
9 6 2
9 16 9
9 17 6
9 18 2
9 19 2
9 20 2
9 21 2
9 22 3
9 23 6
9 24 3
9 25 15
9 26 4
9 36 8
9 37 9
9 38 15
9 39 15
9 40 15
9 41 15
9 42 15
9 43 15
9 44 6
9 45 2
9 46 2
9 47 2
9 51 8
9 52 8
9 53 8
9 58 2
9 59 3
9 60 15
9 61 15
9 62 15
9 63 15
10 0 1
10 1 4
10 3 1
10 4 14
10 13 8
10 14 8
10 15 9
10 16 15
10 17 4
10 25 3
10 26 4
10 34 8
10 35 9
10 36 15
10 37 15
10 38 15
10 39 15
10 40 15
10 41 15
10 42 6
10 43 2
10 50 9
10 51 15
10 52 6
10 53 2
10 55 8
10 60 2
10 61 3
10 62 15
10 63 15
11 0 1
11 1 4
11 3 1
11 4 15
11 5 12
11 6 8
11 12 1
11 13 6
11 14 2
11 15 2
11 16 2
11 25 1
11 26 4
11 33 9
11 34 15
11 35 15
11 36 15
11 37 15
11 38 15
11 39 15
11 40 15
11 41 6
11 49 9
11 50 15
11 51 6
11 54 1
11 55 15
11 56 12
11 61 1
11 62 15
11 63 15
12 0 1
12 1 4
12 4 2
12 5 2
12 6 3
12 7 4
12 25 1
12 26 4
12 32 9
12 33 15
12 34 15
12 35 15
12 36 15
12 37 15
12 38 15
12 39 6
12 40 2
12 48 9
12 49 15
12 50 6
12 55 3
12 56 15
12 57 12
12 62 3
12 63 15
13 0 1
13 1 4
13 6 1
13 7 4
13 12 1
13 13 12
13 14 8
13 15 8
13 25 1
13 26 4
13 31 9
13 32 15
13 33 15
13 34 15
13 35 15
13 36 15
13 37 15
13 38 6
13 47 1
13 48 15
13 49 6
13 56 3
13 57 15
13 58 12
13 63 2
14 0 1
14 1 4
14 13 2
14 14 3
14 15 15
14 16 4
14 25 1
14 26 4
14 30 1
14 31 15
14 32 15
14 33 15
14 34 15
14 35 6
14 36 2
14 37 2
14 43 8
14 45 8
14 47 8
14 48 2
14 57 3
14 58 15
14 59 12
14 60 8
14 61 8
15 0 1
15 1 4
15 6 1
15 7 4
15 15 3
15 16 4
15 25 9
15 26 4
15 30 9
15 31 15
15 32 15
15 33 15
15 34 6
15 38 8
15 39 8
15 40 8
15 41 8
15 42 9
15 43 15
15 44 5
15 45 15
15 46 13
15 47 15
15 48 4
15 58 2
15 59 2
15 60 3
15 61 15
15 62 12
16 1 8
16 2 8
16 3 8
16 4 8
16 5 8
16 6 9
16 7 4
16 15 1
16 16 12
16 17 8
16 23 8
16 24 9
16 25 15
16 26 4
16 29 1
16 30 15
16 31 15
16 32 15
16 33 15
16 34 4
16 37 1
16 38 6
16 39 2
16 40 2
16 41 2
16 42 10
16 43 10
16 45 2
16 46 10
16 47 10
16 57 1
16 58 12
16 59 8
16 61 3
16 62 15
16 63 12
17 1 2
17 2 2
17 3 2
17 4 2
17 5 2
17 6 2
17 16 3
17 17 15
17 18 12
17 20 8
17 21 8
17 22 9
17 23 6
17 24 2
17 25 2
17 29 9
17 30 15
17 31 15
17 32 15
17 33 15
17 34 4
17 37 1
17 38 4
17 41 1
17 42 15
17 43 6
17 46 3
17 47 15
17 48 4
17 57 1
17 58 15
17 59 6
17 61 8
17 62 3
17 63 15
18 17 2
18 18 2
18 20 2
18 21 2
18 22 2
18 28 1
18 29 15
18 30 15
18 31 15
18 32 15
18 33 15
18 34 4
18 37 1
18 38 4
18 39 8
18 40 8
18 41 1
18 42 6
18 47 2
18 58 2
18 60 1
18 61 15
18 62 4
18 63 2
19 27 8
19 28 9
19 29 15
19 30 15
19 31 15
19 32 15
19 33 15
19 34 12
19 35 8
19 37 1
19 38 13
19 39 15
19 40 6
19 49 8
19 61 3
19 62 4
20 27 2
20 28 2
20 29 2
20 30 2
20 31 2
20 32 11
20 33 15
20 34 6
20 35 2
20 38 2
20 39 2
20 48 1
20 49 15
20 50 4
20 51 8
20 61 1
20 62 4
21 27 8
21 28 8
21 29 8
21 30 8
21 31 9
21 32 15
21 33 15
21 34 12
21 35 8
21 38 8
21 39 8
21 49 2
21 51 2
21 61 9
21 62 4
22 27 2
22 28 3
22 29 15
22 30 15
22 31 15
22 32 15
22 33 15
22 34 6
22 35 2
22 37 1
22 38 7
22 39 15
22 40 12
22 41 8
22 55 8
22 56 8
22 57 8
22 58 8
22 59 8
22 60 9
22 61 15
22 62 12
23 28 1
23 29 15
23 30 15
23 31 15
23 32 15
23 33 15
23 34 12
23 37 1
23 38 4
23 39 2
23 40 2
23 41 2
23 55 2
23 56 2
23 57 3
23 58 6
23 59 2
23 60 2
23 61 2
23 62 2
24 28 1
24 29 15
24 30 15
24 31 15
24 32 15
24 33 15
24 34 15
24 35 4
24 37 1
24 38 4
24 42 1
24 43 4
24 54 1
24 55 4
24 57 1
24 58 4
25 15 8
25 16 8
25 17 8
25 18 8
25 19 8
25 20 8
25 21 8
25 22 8
25 23 8
25 27 1
25 28 5
25 29 15
25 30 15
25 31 15
25 32 15
25 33 15
25 34 15
25 35 4
25 37 1
25 38 12
25 39 8
25 40 8
25 42 1
25 43 4
25 54 1
25 55 4
26 14 1
26 15 6
26 16 2
26 17 2
26 18 2
26 19 2
26 20 2
26 21 2
26 22 2
26 23 3
26 24 4
26 27 1
26 28 4
26 29 3
26 30 15
26 31 15
26 32 15
26 33 15
26 34 15
26 35 4
26 38 2
26 39 3
26 40 15
26 41 4
26 42 1
26 43 4
26 57 1
26 58 4
27 5 8
27 6 8
27 7 8
27 9 8
27 23 1
27 24 4
27 27 1
27 28 4
27 29 1
27 30 15
27 31 15
27 32 15
27 33 15
27 34 15
27 35 4
27 40 3
27 41 4
27 42 1
27 43 4
27 57 1
27 58 12
28 4 1
28 5 6
28 6 2
28 7 2
28 9 3
28 10 4
28 14 1
28 15 4
28 23 1
28 24 4
28 30 3
28 31 15
28 32 15
28 33 15
28 34 6
28 40 1
28 41 4
28 42 1
28 43 4
28 54 1
28 55 12
28 56 8
28 57 1
28 58 15
28 59 12
28 60 8
28 61 8
28 62 8
28 63 8
29 4 1
29 5 4
29 9 1
29 10 4
29 14 1
29 15 12
29 16 8
29 23 1
29 24 4
29 27 1
29 28 4
29 30 1
29 31 15
29 32 15
29 33 15
29 34 4
29 40 1
29 41 4
29 54 1
29 55 6
29 56 2
29 58 2
29 59 2
29 60 2
29 61 2
29 62 2
29 63 2
30 4 1
30 5 12
30 6 8
30 9 1
30 10 4
30 15 3
30 16 15
30 17 4
30 23 1
30 24 4
30 27 1
30 28 4
30 30 1
30 31 15
30 32 15
30 33 15
30 34 12
30 40 1
30 41 4
30 42 1
30 43 4
30 54 1
30 55 4
31 5 3
31 6 15
31 7 4
31 9 1
31 10 4
31 16 3
31 17 4
31 19 8
31 20 8
31 21 1
31 22 5
31 23 5
31 24 4
31 27 1
31 28 4
31 31 11
31 32 15
31 33 15
31 34 15
31 35 12
31 40 1
31 41 4
31 42 1
31 43 12
31 54 1
31 55 4
32 6 3
32 7 4
32 9 1
32 10 4
32 16 1
32 17 4
32 18 1
32 19 15
32 20 15
32 21 4
32 23 1
32 24 4
32 27 1
32 28 4
32 30 1
32 31 15
32 32 15
32 33 15
32 34 15
32 35 15
32 36 4
32 40 1
32 41 4
32 42 1
32 43 15
32 44 12
32 54 1
32 55 4
33 6 1
33 7 4
33 9 1
33 10 4
33 16 1
33 17 12
33 18 1
33 19 6
33 20 3
33 21 12
33 22 8
33 23 9
33 24 4
33 27 1
33 28 12
33 30 1
33 31 15
33 32 15
33 33 15
33 34 15
33 35 15
33 36 4
33 40 1
33 41 4
33 43 2
33 44 2
33 54 1
33 55 4
34 6 1
34 7 4
34 9 1
34 10 4
34 17 2
34 21 2
34 22 2
34 23 2
34 27 1
34 28 15
34 29 12
34 30 1
34 31 15
34 32 15
34 33 15
34 34 15
34 35 15
34 36 4
34 40 1
34 41 4
34 54 1
34 55 12
34 56 8
34 57 8
34 58 8
34 59 8
34 60 8
34 62 8
34 63 8
35 6 1
35 7 4
35 8 8
35 9 9
35 10 4
35 28 3
35 29 15
35 30 5
35 31 15
35 32 15
35 33 15
35 34 15
35 35 15
35 36 4
35 40 9
35 41 4
35 54 9
35 55 6
35 56 2
35 57 2
35 58 2
35 59 3
35 60 15
35 61 4
35 62 2
35 63 10
36 2 8
36 5 8
36 7 8
36 8 2
36 9 2
36 21 8
36 22 8
36 23 8
36 29 3
36 30 4
36 31 3
36 32 15
36 33 15
36 34 15
36 35 6
36 38 8
36 39 1
36 40 15
36 41 12
36 42 8
36 45 8
36 48 8
36 53 9
36 54 15
36 55 4
36 60 3
36 61 4
36 62 1
36 63 15
37 1 1
37 2 15
37 3 4
37 5 2
37 7 2
37 11 8
37 21 2
37 22 2
37 23 3
37 24 4
37 29 1
37 30 4
37 31 1
37 32 15
37 33 15
37 34 15
37 35 4
37 37 1
37 38 15
37 39 4
37 40 2
37 41 3
37 42 15
37 43 4
37 44 1
37 45 6
37 47 1
37 48 15
37 49 12
37 52 9
37 53 15
37 54 6
37 60 1
37 61 4
37 62 1
37 63 6
38 0 8
38 2 2
38 10 1
38 11 15
38 12 4
38 23 1
38 24 4
38 29 1
38 30 4
38 31 1
38 32 15
38 33 15
38 34 15
38 35 4
38 37 1
38 38 6
38 42 3
38 43 4
38 44 1
38 45 4
38 48 2
38 49 2
38 52 2
38 53 2
38 60 1
38 61 4
38 62 1
38 63 4
39 0 15
39 1 4
39 11 2
39 23 1
39 24 4
39 29 1
39 30 12
39 31 1
39 32 15
39 33 15
39 34 15
39 35 12
39 37 1
39 38 4
39 44 1
39 45 12
39 60 1
39 61 4
39 62 1
39 63 4
40 0 6
40 21 8
40 22 8
40 23 8
40 29 1
40 30 15
40 31 12
40 32 3
40 33 15
40 34 15
40 35 15
40 36 4
40 37 1
40 38 12
40 42 9
40 43 12
40 44 1
40 45 15
40 46 12
40 59 8
40 62 1
40 63 4
41 0 4
41 12 8
41 21 2
41 22 2
41 23 2
41 30 3
41 31 15
41 32 5
41 33 15
41 34 15
41 35 15
41 36 4
41 37 1
41 38 15
41 39 12
41 40 8
41 41 9
41 42 15
41 43 15
41 44 4
41 45 3
41 46 15
41 47 12
41 48 8
41 49 8
41 51 8
41 52 8
41 53 8
41 54 8
41 55 8
41 56 8
41 57 8
41 58 9
41 59 15
41 60 4
41 62 9
41 63 4
42 0 4
42 11 1
42 12 15
42 13 12
42 31 3
42 32 5
42 33 15
42 34 15
42 35 15
42 36 4
42 38 2
42 39 2
42 40 2
42 41 2
42 42 2
42 43 2
42 46 2
42 47 2
42 48 2
42 49 2
42 51 2
42 52 2
42 53 2
42 54 2
42 55 2
42 56 2
42 57 2
42 58 2
42 59 2
42 61 1
42 62 15
42 63 4
43 0 4
43 7 8
43 8 8
43 12 3
43 13 15
43 14 12
43 24 8
43 25 8
43 26 8
43 27 8
43 28 8
43 31 1
43 32 4
43 33 3
43 34 15
43 35 15
43 36 12
43 44 1
43 45 12
43 46 8
43 47 8
43 59 8
43 60 8
43 61 9
43 62 6
44 0 4
44 6 1
44 7 15
44 8 15
44 9 12
44 13 3
44 14 15
44 15 12
44 23 1
44 24 6
44 25 2
44 26 2
44 27 2
44 28 3
44 29 4
44 31 1
44 32 4
44 33 1
44 34 15
44 35 15
44 36 15
44 37 4
44 44 1
44 45 6
44 46 2
44 47 2
44 58 9
44 59 15
44 60 6
44 61 2
45 0 4
45 6 9
45 7 15
45 8 15
45 9 15
45 10 12
45 14 3
45 15 15
45 16 4
45 28 1
45 29 4
45 31 1
45 32 4
45 33 1
45 34 15
45 35 15
45 36 15
45 37 12
45 44 1
45 45 4
45 47 1
45 48 4
45 57 9
45 58 15
45 59 6
46 0 4
46 6 2
46 7 2
46 8 2
46 9 10
46 10 2
46 15 2
46 16 8
46 23 1
46 24 4
46 28 1
46 29 4
46 31 1
46 32 4
46 34 3
46 35 15
46 36 15
46 37 15
46 38 4
46 44 1
46 45 12
46 46 8
46 47 9
46 48 12
46 49 8
46 51 8
46 52 8
46 53 8
46 54 8
46 55 8
46 56 1
46 57 15
46 58 6
47 0 4
47 5 8
47 6 8
47 7 8
47 8 9
47 9 15
47 10 12
47 15 1
47 16 15
47 17 12
47 23 1
47 24 12
47 25 8
47 28 1
47 29 4
47 31 1
47 32 12
47 34 1
47 35 15
47 36 15
47 37 15
47 38 4
47 45 2
47 46 2
47 47 3
47 48 15
47 49 6
47 51 3
47 52 15
47 53 6
47 54 2
47 55 2
47 57 2
48 0 4
48 5 3
48 6 15
48 7 15
48 8 15
48 9 15
48 10 6
48 16 3
48 17 15
48 18 12
48 24 3
48 25 15
48 26 4
48 28 1
48 29 4
48 31 1
48 32 15
48 33 4
48 34 1
48 35 15
48 36 15
48 37 15
48 38 12
48 47 9
48 48 15
48 49 4
48 51 1
48 52 15
48 53 12
48 63 8
49 0 4
49 6 3
49 7 15
49 8 15
49 9 6
49 17 3
49 18 15
49 19 4
49 25 3
49 26 4
49 28 1
49 29 4
49 32 3
49 33 4
49 35 3
49 36 15
49 37 15
49 38 15
49 39 4
49 46 1
49 47 15
49 48 6
49 52 3
49 53 15
49 54 4
49 62 9
49 63 15
50 0 4
50 7 2
50 8 2
50 18 2
50 25 1
50 26 12
50 27 8
50 28 8
50 32 1
50 33 4
50 36 3
50 37 15
50 38 15
50 39 12
50 46 1
50 47 6
50 53 3
50 54 4
50 61 9
50 62 15
50 63 15
51 0 4
51 26 2
51 27 2
51 28 2
51 37 3
51 38 15
51 39 15
51 40 12
51 46 1
51 47 4
51 53 1
51 54 4
51 60 1
51 61 15
51 62 15
51 63 15
52 0 4
52 18 1
52 19 4
52 37 1
52 38 15
52 39 15
52 40 15
52 41 12
52 47 8
52 53 9
52 54 4
52 60 9
52 61 15
52 62 15
52 63 6
53 0 4
53 18 1
53 19 4
53 38 3
53 39 15
53 40 15
53 41 15
53 42 12
53 46 1
53 47 15
53 48 12
53 52 9
53 53 15
53 54 4
53 59 9
53 60 15
53 61 15
53 62 6
54 0 4
54 20 8
54 39 3
54 40 15
54 41 15
54 42 15
54 43 12
54 47 3
54 48 15
54 49 12
54 50 8
54 51 9
54 52 15
54 53 6
54 58 9
54 59 15
54 60 15
54 61 6
55 0 4
55 19 1
55 20 15
55 21 12
55 40 3
55 41 15
55 42 15
55 43 15
55 44 12
55 48 2
55 49 2
55 50 2
55 51 2
55 52 2
55 57 9
55 58 15
55 59 15
55 60 6
56 0 4
56 20 3
56 21 15
56 22 12
56 40 1
56 41 15
56 42 15
56 43 15
56 44 15
56 45 12
56 56 9
56 57 15
56 58 15
56 59 15
56 60 4
57 0 12
57 21 3
57 22 15
57 23 4
57 41 3
57 42 15
57 43 15
57 44 15
57 45 15
57 46 12
57 47 8
57 54 8
57 55 9
57 56 15
57 57 15
57 58 15
57 59 6
58 0 15
58 1 4
58 18 8
58 22 2
58 42 3
58 43 15
58 44 15
58 45 15
58 46 15
58 47 15
58 48 12
58 49 8
58 50 8
58 51 8
58 52 8
58 53 9
58 54 15
58 55 15
58 56 15
58 57 15
58 58 6
59 0 2
59 2 8
59 18 2
59 19 1
59 20 4
59 43 3
59 44 15
59 45 15
59 46 15
59 47 15
59 48 15
59 49 15
59 50 15
59 51 15
59 52 15
59 53 15
59 54 15
59 55 15
59 56 6
59 57 2
59 60 8
60 1 1
60 2 15
60 3 4
60 16 1
60 17 4
60 19 1
60 20 4
60 44 2
60 45 2
60 46 2
60 47 3
60 48 15
60 49 15
60 50 15
60 51 15
60 52 15
60 53 15
60 54 15
60 55 6
60 59 9
60 60 15
60 61 4
61 2 3
61 3 4
61 16 1
61 17 12
61 18 8
61 19 9
61 20 4
61 43 8
61 44 8
61 45 8
61 46 8
61 47 8
61 48 10
61 49 10
61 50 10
61 51 10
61 52 10
61 53 10
61 54 10
61 55 8
61 56 8
61 57 8
61 58 9
61 59 15
61 60 6
62 3 8
62 17 2
62 18 2
62 19 2
62 43 2
62 44 2
62 45 2
62 46 2
62 47 2
62 48 2
62 49 2
62 50 2
62 51 2
62 52 2
62 53 2
62 54 2
62 55 2
62 56 2
62 57 2
62 58 2
62 59 2
63 2 1
63 3 15
63 4 4
