0
0 15 1
0 16 5
0 17 4
0 37 2
0 38 2
0 39 2
0 40 2
0 41 2
0 42 2
0 43 2
0 44 2
0 45 2
0 46 2
0 47 2
0 48 2
0 49 2
0 50 2
1 15 1
1 16 5
1 17 4
1 26 8
2 15 1
2 16 5
2 17 4
2 24 8
2 25 1
2 26 15
2 27 12
3 15 1
3 16 5
3 17 4
3 23 1
3 24 15
3 25 12
3 26 3
3 27 15
3 28 4
4 15 1
4 16 5
4 17 4
4 24 3
4 25 15
4 26 4
4 27 3
4 28 4
5 15 1
5 16 5
5 17 4
5 25 3
5 26 4
6 15 1
6 16 5
6 17 4
6 37 8
6 38 8
6 39 8
7 15 1
7 16 5
7 17 4
7 27 8
7 36 1
7 37 15
7 38 7
7 39 15
7 40 4
8 15 1
8 16 5
8 17 4
8 26 1
8 27 15
8 28 12
8 31 8
8 33 8
8 34 8
8 37 2
8 39 2
8 41 8
9 0 8
9 15 1
9 16 5
9 17 4
9 27 3
9 28 15
9 29 4
9 30 1
9 31 15
9 32 13
9 33 15
9 34 6
9 36 8
9 37 8
9 40 1
9 41 15
9 42 4
10 0 15
10 1 12
10 2 8
10 15 1
10 16 5
10 17 4
10 28 3
10 29 4
10 31 2
10 32 2
10 33 2
10 35 9
10 36 15
10 37 6
10 41 2
11 0 15
11 1 15
11 2 15
11 3 12
11 15 1
11 16 5
11 17 12
11 32 8
11 34 1
11 35 15
11 36 6
12 0 15
12 1 15
12 2 15
12 3 15
12 4 12
12 15 1
12 16 13
12 17 15
12 18 4
12 32 2
12 35 2
12 41 1
12 42 4
13 0 15
13 1 15
13 2 15
13 3 15
13 4 15
13 5 12
13 6 8
13 15 1
13 16 15
13 17 7
13 18 4
14 0 2
14 1 3
14 2 15
14 3 15
14 4 15
14 5 15
14 6 15
14 7 12
14 16 3
14 17 5
14 18 4
14 42 1
14 43 4
15 2 2
15 3 3
15 4 15
15 5 15
15 6 15
15 7 15
15 8 4
15 16 1
15 17 5
15 18 4
15 42 1
15 43 4
16 3 1
16 4 15
16 5 15
16 6 15
16 7 15
16 8 12
16 16 1
16 17 5
16 18 4
16 42 1
16 43 4
17 4 3
17 5 15
17 6 15
17 7 15
17 8 15
17 9 12
17 16 1
17 17 5
17 18 4
18 0 4
18 4 1
18 5 15
18 6 15
18 7 15
18 8 15
18 9 15
18 10 4
18 16 1
18 17 5
18 18 4
19 0 4
19 4 1
19 5 15
19 6 15
19 7 15
19 8 15
19 9 15
19 10 4
19 16 1
19 17 5
19 18 4
20 0 4
20 4 1
20 5 15
20 6 15
20 7 15
20 8 15
20 9 15
20 10 4
20 16 1
20 17 5
20 18 4
20 38 1
20 39 12
21 0 4
21 4 1
21 5 15
21 6 15
21 7 15
21 8 15
21 9 15
21 10 4
21 16 1
21 17 5
21 18 12
21 38 1
21 39 15
21 40 12
21 41 8
21 42 8
21 43 8
22 0 4
22 4 1
22 5 15
22 6 15
22 7 15
22 8 15
22 9 15
22 10 4
22 16 1
22 17 13
22 18 15
22 19 4
22 39 3
22 40 15
22 41 15
22 42 6
22 43 2
23 0 4
23 4 1
23 5 15
23 6 15
23 7 15
23 8 15
23 9 15
23 10 4
23 16 1
23 17 15
23 18 7
23 19 4
23 40 2
23 41 2
24 0 4
24 4 1
24 5 15
24 6 15
24 7 15
24 8 15
24 9 6
24 13 8
24 14 8
24 15 8
24 16 9
24 17 15
24 18 5
24 19 4
25 0 4
25 4 1
25 5 15
25 6 15
25 7 15
25 8 15
25 9 4
25 12 1
25 13 6
25 14 2
25 15 2
25 16 2
25 17 3
25 18 5
25 19 4
25 43 8
25 45 1
25 46 4
26 0 4
26 4 9
26 5 15
26 6 15
26 7 15
26 8 6
26 12 1
26 13 4
26 17 1
26 18 5
26 19 4
26 42 1
26 43 15
26 44 12
27 0 4
27 3 1
27 4 15
27 5 15
27 6 15
27 7 15
27 8 4
27 12 1
27 13 4
27 17 1
27 18 5
27 19 4
27 43 3
27 44 15
27 45 4
28 0 4
28 3 9
28 4 15
28 5 15
28 6 15
28 7 6
28 17 1
28 18 5
28 19 4
28 44 3
28 45 4
28 46 1
28 47 4
29 0 4
29 2 1
29 3 15
29 4 15
29 5 15
29 6 6
29 12 1
29 13 4
29 17 1
29 18 5
29 19 4
29 46 1
29 47 12
30 0 4
30 2 1
30 3 15
30 4 15
30 5 15
30 6 4
30 12 1
30 13 4
30 17 1
30 18 5
30 19 4
30 46 1
30 47 15
30 48 12
31 0 4
31 3 3
31 4 15
31 5 15
31 6 4
31 12 1
31 13 12
31 14 8
31 15 8
31 16 8
31 17 9
31 18 5
31 19 4
31 45 8
31 47 3
31 48 15
31 49 4
32 0 4
32 3 1
32 4 15
32 5 15
32 6 4
32 13 2
32 14 2
32 15 2
32 16 3
32 17 15
32 18 5
32 19 4
32 44 1
32 45 15
32 46 4
32 48 2
33 0 4
33 3 1
33 4 15
33 5 15
33 6 4
33 11 8
33 12 8
33 13 8
33 14 8
33 15 8
33 17 3
33 18 5
33 19 4
33 45 2
33 48 8
34 0 4
34 3 1
34 4 15
34 5 15
34 6 4
34 10 1
34 11 6
34 12 2
34 13 2
34 14 2
34 15 3
34 16 4
34 17 1
34 18 5
34 19 4
34 47 1
34 48 15
34 49 4
34 51 8
34 52 8
35 0 4
35 3 9
35 4 15
35 5 15
35 6 4
35 10 1
35 11 4
35 15 1
35 16 4
35 17 1
35 18 5
35 19 4
35 48 2
35 50 1
35 51 15
35 52 15
35 53 4
36 2 1
36 3 15
36 4 15
36 5 15
36 6 4
36 15 1
36 16 4
36 17 1
36 18 5
36 19 4
36 51 2
36 52 2
37 2 1
37 3 15
37 4 15
37 5 15
37 6 4
37 10 1
37 11 4
37 15 1
37 16 4
37 17 1
37 18 5
37 19 4
38 3 3
38 4 15
38 5 15
38 6 4
38 10 1
38 11 4
38 15 1
38 16 4
38 17 1
38 18 5
38 19 4
39 3 1
39 4 15
39 5 15
39 6 12
39 10 1
39 11 12
39 12 8
39 13 8
39 14 8
39 15 9
39 16 4
39 17 9
39 18 5
39 19 4
39 49 1
39 50 4
39 52 8
40 3 1
40 4 15
40 5 15
40 6 15
40 7 4
40 11 2
40 12 2
40 13 2
40 14 2
40 15 2
40 16 9
40 17 15
40 18 12
40 51 1
40 52 15
40 53 4
41 3 9
41 4 15
41 5 15
41 6 15
41 7 4
41 15 9
41 16 15
41 17 15
41 18 15
41 19 4
41 48 1
41 49 4
41 51 1
41 52 6
42 2 1
42 3 15
42 4 15
42 5 15
42 6 15
42 7 4
42 14 9
42 15 15
42 16 15
42 17 15
42 18 6
42 48 1
42 49 4
43 2 1
43 3 15
43 4 15
43 5 15
43 6 15
43 7 4
43 13 9
43 14 15
43 15 15
43 16 15
43 17 6
44 2 9
44 3 15
44 4 15
44 5 15
44 6 6
44 12 9
44 13 15
44 14 15
44 15 15
44 16 6
44 48 8
45 1 9
45 2 15
45 3 15
45 4 15
45 5 15
45 6 4
45 11 9
45 12 15
45 13 15
45 14 15
45 15 6
45 47 9
45 48 15
45 49 4
46 0 1
46 1 15
46 2 15
46 3 15
46 4 15
46 5 15
46 6 4
46 10 1
46 11 15
46 12 15
46 13 15
46 14 6
46 44 8
46 47 2
46 48 2
46 49 8
47 0 9
47 1 15
47 2 15
47 3 15
47 4 15
47 5 6
47 10 1
47 11 7
47 12 15
47 13 6
47 43 1
47 44 15
47 45 4
47 47 8
47 48 9
47 49 15
47 50 4
48 0 15
48 1 15
48 2 15
48 3 15
48 4 6
48 10 1
48 11 5
48 12 6
48 43 1
48 44 6
48 46 1
48 47 15
48 48 6
48 49 2
49 0 15
49 1 15
49 2 15
49 3 6
49 10 9
49 11 5
49 12 4
49 43 1
49 44 4
49 46 1
49 47 6
50 0 15
50 1 15
50 2 6
50 9 9
50 10 15
50 11 13
50 12 4
51 0 15
51 1 6
51 8 9
51 9 15
51 10 15
51 11 15
51 12 4
52 0 2
52 7 9
52 8 15
52 9 15
52 10 15
52 11 6
52 46 8
52 47 8
53 6 9
53 7 15
53 8 15
53 9 15
53 10 6
53 46 3
53 47 15
53 48 4
54 5 9
54 6 15
54 7 15
54 8 15
54 9 6
54 47 2
55 4 9
55 5 15
55 6 15
55 7 15
55 8 6
55 50 1
55 51 4
56 3 1
56 4 15
56 5 15
56 6 15
56 7 6
56 50 1
56 51 4
57 3 1
57 4 7
57 5 15
57 6 6
58 3 1
58 4 5
58 5 6
58 47 1
58 48 4
59 3 1
59 4 5
59 5 4
59 47 1
59 48 4
60 3 1
60 4 13
60 5 4
61 4 2
61 48 8
62 46 8
62 47 9
62 48 15
62 49 4
63 46 2
63 47 2
63 48 2
