15
0 0 0
0 1 0
0 2 0
0 3 0
0 4 0
0 5 0
0 6 0
0 7 0
0 8 0
0 9 0
0 10 0
0 11 0
0 12 0
0 13 0
0 14 0
0 15 0
0 16 0
0 17 0
0 18 0
0 19 0
0 20 0
0 21 0
0 22 0
0 23 0
0 24 0
0 25 0
0 26 0
0 27 0
0 28 0
0 29 0
0 30 0
0 31 0
0 32 0
0 33 0
0 34 0
0 35 0
0 36 0
0 37 0
0 38 0
0 39 0
0 40 0
0 41 0
0 42 0
0 43 0
0 44 0
0 45 0
0 46 0
0 47 0
0 48 0
0 49 0
0 50 0
0 51 0
0 52 0
0 53 0
0 54 0
0 55 0
0 56 0
0 57 1
0 61 4
0 62 0
0 63 0
1 0 0
1 1 0
1 2 0
1 3 0
1 4 0
1 5 0
1 6 0
1 7 0
1 8 0
1 9 0
1 10 0
1 11 0
1 12 0
1 13 0
1 14 0
1 15 0
1 16 0
1 17 0
1 18 0
1 19 0
1 20 0
1 21 0
1 22 0
1 23 0
1 24 0
1 25 0
1 26 0
1 27 0
1 28 0
1 29 0
1 30 0
1 31 0
1 32 0
1 33 0
1 34 0
1 35 0
1 36 0
1 37 0
1 38 0
1 39 0
1 40 0
1 41 0
1 42 0
1 43 0
1 44 0
1 45 0
1 46 0
1 47 0
1 48 0
1 49 0
1 50 0
1 51 0
1 52 0
1 53 0
1 54 0
1 55 0
1 56 0
1 57 1
1 61 4
1 62 0
1 63 0
2 0 0
2 1 0
2 2 0
2 3 0
2 4 0
2 5 0
2 6 0
2 7 0
2 8 0
2 9 0
2 10 0
2 11 0
2 12 0
2 13 0
2 14 0
2 15 0
2 16 0
2 17 0
2 18 0
2 19 0
2 20 0
2 21 0
2 22 0
2 23 0
2 24 0
2 25 0
2 26 0
2 27 0
2 28 0
2 29 0
2 30 0
2 31 0
2 32 0
2 33 0
2 34 0
2 35 0
2 36 0
2 37 0
2 38 0
2 39 0
2 40 0
2 41 0
2 42 0
2 43 0
2 44 0
2 45 0
2 46 0
2 47 0
2 48 0
2 49 0
2 50 0
2 51 0
2 52 0
2 53 0
2 54 0
2 55 0
2 56 0
2 57 1
2 61 4
2 62 0
2 63 0
3 0 0
3 1 0
3 2 0
3 3 0
3 4 0
3 5 0
3 6 0
3 7 0
3 8 0
3 9 0
3 10 0
3 11 0
3 12 0
3 13 0
3 14 0
3 15 0
3 16 0
3 17 0
3 18 0
3 19 0
3 20 0
3 21 0
3 22 0
3 23 0
3 24 0
3 25 0
3 26 0
3 27 0
3 28 0
3 29 0
3 30 0
3 31 0
3 32 0
3 33 0
3 34 0
3 35 0
3 36 0
3 37 0
3 38 0
3 39 0
3 40 0
3 41 0
3 42 0
3 43 0
3 44 0
3 45 0
3 46 0
3 47 0
3 48 0
3 49 0
3 50 0
3 51 0
3 52 0
3 53 0
3 54 0
3 55 0
3 56 0
3 57 1
3 61 4
3 62 0
3 63 0
4 0 0
4 1 0
4 2 0
4 3 0
4 4 0
4 5 0
4 6 0
4 7 0
4 8 0
4 9 0
4 10 0
4 11 0
4 12 0
4 13 0
4 14 0
4 15 0
4 16 0
4 17 0
4 18 0
4 19 0
4 20 0
4 21 0
4 22 0
4 23 0
4 24 0
4 25 0
4 26 0
4 27 0
4 28 0
4 29 0
4 30 0
4 31 0
4 32 0
4 33 0
4 34 0
4 35 0
4 36 0
4 37 0
4 38 0
4 39 0
4 40 0
4 41 0
4 42 0
4 43 0
4 44 0
4 45 0
4 46 0
4 47 0
4 48 0
4 49 0
4 50 0
4 51 0
4 52 0
4 53 0
4 54 0
4 55 0
4 56 0
4 57 9
4 61 4
4 62 0
4 63 0
5 0 0
5 1 0
5 2 0
5 3 0
5 4 0
5 5 0
5 6 0
5 7 0
5 8 0
5 9 0
5 10 0
5 11 0
5 12 0
5 13 0
5 14 0
5 15 0
5 16 0
5 17 0
5 18 0
5 19 0
5 20 0
5 21 0
5 22 0
5 23 0
5 24 0
5 25 0
5 26 0
5 27 0
5 28 0
5 29 0
5 30 0
5 31 0
5 32 0
5 33 0
5 34 0
5 35 0
5 36 0
5 37 0
5 38 0
5 39 0
5 40 0
5 41 0
5 42 0
5 43 0
5 44 0
5 45 0
5 46 0
5 47 0
5 48 0
5 49 0
5 50 0
5 51 0
5 52 0
5 53 0
5 54 0
5 55 0
5 56 9
5 61 4
5 62 0
5 63 0
6 0 0
6 1 0
6 2 0
6 3 0
6 4 0
6 5 0
6 6 0
6 7 0
6 8 0
6 9 0
6 10 0
6 11 0
6 12 0
6 13 0
6 14 0
6 15 0
6 16 0
6 17 0
6 18 0
6 19 0
6 20 0
6 21 0
6 22 0
6 23 0
6 24 0
6 25 0
6 26 0
6 27 0
6 28 0
6 29 0
6 30 0
6 31 0
6 32 0
6 33 0
6 34 0
6 35 0
6 36 0
6 37 0
6 38 0
6 39 0
6 40 0
6 41 0
6 42 0
6 43 0
6 44 0
6 45 0
6 46 0
6 47 0
6 48 0
6 49 0
6 50 0
6 51 0
6 52 0
6 53 0
6 54 0
6 55 1
6 61 12
6 62 0
6 63 0
7 0 0
7 1 0
7 2 0
7 3 0
7 4 0
7 5 0
7 6 0
7 7 0
7 8 0
7 9 0
7 10 0
7 11 0
7 12 0
7 13 0
7 14 0
7 15 0
7 16 0
7 17 0
7 18 0
7 19 0
7 20 0
7 21 0
7 22 0
7 23 0
7 24 0
7 25 0
7 26 0
7 27 0
7 28 0
7 29 0
7 30 0
7 31 0
7 32 0
7 33 0
7 34 0
7 35 0
7 36 0
7 37 0
7 38 0
7 39 0
7 40 0
7 41 0
7 42 0
7 43 0
7 44 0
7 45 0
7 46 0
7 47 0
7 48 0
7 49 0
7 50 0
7 51 0
7 52 0
7 53 0
7 54 0
7 55 0
7 56 3
7 62 4
7 63 0
8 0 0
8 1 0
8 2 0
8 3 0
8 4 0
8 5 0
8 6 0
8 7 0
8 8 0
8 9 0
8 10 0
8 11 0
8 12 0
8 13 0
8 14 0
8 15 0
8 16 0
8 17 0
8 18 0
8 19 0
8 20 0
8 21 0
8 22 0
8 23 0
8 24 0
8 25 0
8 26 0
8 27 0
8 28 0
8 29 0
8 30 0
8 31 0
8 32 0
8 33 0
8 34 0
8 35 0
8 36 0
8 37 0
8 38 0
8 39 0
8 40 0
8 41 0
8 42 0
8 43 0
8 44 0
8 45 0
8 46 0
8 47 0
8 48 0
8 49 0
8 50 0
8 51 0
8 52 0
8 53 0
8 54 0
8 55 0
8 56 1
8 62 4
8 63 0
9 0 0
9 1 0
9 2 0
9 3 0
9 4 0
9 5 0
9 6 0
9 7 0
9 8 0
9 9 0
9 10 0
9 11 0
9 12 0
9 13 0
9 14 0
9 15 0
9 16 0
9 17 0
9 18 0
9 19 0
9 20 0
9 21 0
9 22 0
9 23 0
9 24 0
9 25 0
9 26 0
9 27 0
9 28 0
9 29 0
9 30 0
9 31 0
9 32 0
9 33 0
9 34 0
9 35 0
9 36 0
9 37 0
9 38 0
9 39 0
9 40 0
9 41 0
9 42 0
9 43 0
9 44 0
9 45 0
9 46 0
9 47 0
9 48 0
9 49 0
9 50 0
9 51 0
9 52 0
9 53 0
9 54 0
9 55 0
9 56 1
9 62 4
9 63 0
10 0 8
10 1 0
10 2 0
10 3 0
10 4 0
10 5 0
10 6 0
10 7 0
10 8 0
10 9 0
10 10 0
10 11 0
10 12 0
10 13 0
10 14 0
10 15 0
10 16 0
10 17 0
10 18 0
10 19 0
10 20 0
10 21 0
10 22 0
10 23 0
10 24 0
10 25 0
10 26 0
10 27 0
10 28 0
10 29 0
10 30 0
10 31 0
10 32 0
10 33 0
10 34 0
10 35 0
10 36 0
10 37 0
10 38 0
10 39 0
10 40 0
10 41 0
10 42 0
10 43 0
10 44 0
10 45 0
10 46 0
10 47 0
10 48 0
10 49 0
10 50 0
10 51 0
10 52 0
10 53 0
10 54 0
10 55 0
10 56 1
10 62 4
10 63 0
11 1 12
11 2 8
11 3 8
11 4 0
11 5 0
11 6 0
11 7 0
11 8 0
11 9 0
11 10 0
11 11 0
11 12 0
11 13 0
11 14 0
11 15 0
11 16 0
11 17 0
11 18 0
11 19 0
11 20 0
11 21 0
11 22 0
11 23 0
11 24 0
11 25 0
11 26 0
11 27 0
11 28 0
11 29 0
11 30 0
11 31 0
11 32 0
11 33 0
11 34 0
11 35 0
11 36 0
11 37 0
11 38 0
11 39 0
11 40 0
11 41 0
11 42 0
11 43 0
11 44 0
11 45 0
11 46 0
11 47 0
11 48 0
11 49 0
11 50 0
11 51 0
11 52 0
11 53 0
11 54 0
11 55 0
11 56 1
11 62 12
11 63 0
12 4 12
12 5 0
12 6 0
12 7 0
12 8 0
12 9 0
12 10 0
12 11 0
12 12 0
12 13 0
12 14 0
12 15 0
12 16 0
12 17 8
12 18 8
12 19 8
12 20 8
12 21 0
12 22 0
12 23 0
12 24 0
12 25 0
12 26 0
12 27 0
12 28 0
12 29 0
12 30 0
12 31 0
12 32 0
12 33 0
12 34 0
12 35 0
12 36 0
12 37 0
12 38 0
12 39 8
12 40 8
12 41 8
12 42 8
12 43 0
12 44 0
12 45 0
12 46 0
12 47 0
12 48 0
12 49 0
12 50 0
12 51 0
12 52 0
12 53 0
12 54 0
12 55 0
12 56 9
12 63 4
13 5 12
13 6 0
13 7 0
13 8 0
13 9 0
13 10 0
13 11 0
13 12 0
13 13 0
13 14 8
13 15 0
13 16 9
13 21 12
13 22 0
13 23 0
13 24 0
13 25 0
13 26 0
13 27 0
13 28 0
13 29 0
13 30 0
13 31 0
13 32 0
13 33 0
13 34 0
13 35 0
13 36 0
13 37 0
13 38 1
13 43 12
13 44 0
13 45 0
13 46 0
13 47 0
13 48 0
13 49 0
13 50 0
13 51 0
13 52 0
13 53 0
13 54 0
13 55 9
13 63 4
14 6 12
14 7 0
14 8 0
14 9 0
14 10 0
14 11 0
14 12 0
14 13 0
14 14 10
14 15 9
14 22 4
14 23 0
14 24 0
14 25 0
14 26 0
14 27 0
14 28 0
14 29 0
14 30 0
14 31 0
14 32 0
14 33 0
14 34 0
14 35 0
14 36 0
14 37 0
14 38 9
14 44 12
14 45 0
14 46 0
14 47 0
14 48 0
14 49 0
14 50 0
14 51 0
14 52 0
14 53 0
14 54 9
14 63 4
15 7 12
15 8 8
15 9 8
15 10 8
15 11 0
15 12 0
15 13 9
15 22 4
15 23 0
15 24 0
15 25 0
15 26 0
15 27 0
15 28 0
15 29 0
15 30 0
15 31 0
15 32 0
15 33 0
15 34 0
15 35 0
15 36 0
15 37 1
15 45 12
15 46 0
15 47 0
15 48 0
15 49 0
15 50 0
15 51 0
15 52 0
15 53 1
15 62 14
15 63 0
16 11 12
16 12 9
16 22 4
16 23 0
16 24 0
16 25 0
16 26 0
16 27 0
16 28 0
16 29 0
16 30 0
16 31 0
16 32 0
16 33 0
16 34 0
16 35 0
16 36 0
16 37 1
16 46 12
16 47 8
16 48 0
16 49 0
16 50 0
16 51 0
16 52 0
16 53 1
16 63 12
17 22 12
17 23 0
17 24 0
17 25 0
17 26 0
17 27 0
17 28 0
17 29 0
17 30 0
17 31 0
17 32 0
17 33 0
17 34 0
17 35 0
17 36 0
17 37 1
17 48 12
17 49 8
17 50 8
17 51 0
17 52 0
17 53 0
17 54 3
18 23 4
18 24 0
18 25 0
18 26 0
18 27 0
18 28 0
18 29 0
18 30 0
18 31 0
18 32 0
18 33 0
18 34 0
18 35 0
18 36 0
18 37 1
18 51 12
18 52 0
18 53 0
18 54 1
19 23 12
19 24 0
19 25 0
19 26 0
19 27 0
19 28 0
19 29 0
19 30 0
19 31 0
19 32 0
19 33 0
19 34 0
19 35 0
19 36 0
19 37 1
19 52 4
19 53 0
19 54 0
19 55 3
20 24 4
20 25 0
20 26 0
20 27 0
20 28 0
20 29 0
20 30 0
20 31 0
20 32 0
20 33 0
20 34 0
20 35 0
20 36 0
20 37 1
20 52 4
20 53 0
20 54 0
20 55 0
20 56 3
21 13 6
21 14 2
21 15 11
21 24 4
21 25 0
21 26 0
21 27 0
21 28 0
21 29 0
21 30 0
21 31 0
21 32 0
21 33 0
21 34 0
21 35 0
21 36 0
21 37 1
21 52 12
21 53 8
21 54 0
21 55 0
21 56 9
22 12 6
22 13 0
22 14 0
22 15 2
22 16 3
22 24 4
22 25 0
22 26 0
22 27 0
22 28 0
22 29 0
22 30 0
22 31 0
22 32 0
22 33 0
22 34 0
22 35 0
22 36 0
22 37 0
22 38 3
22 54 4
22 55 9
23 11 6
23 12 0
23 13 0
23 14 0
23 15 0
23 16 0
23 17 2
23 18 3
23 24 12
23 25 0
23 26 0
23 27 0
23 28 0
23 29 0
23 30 0
23 31 0
23 32 0
23 33 0
23 34 0
23 35 0
23 36 0
23 37 0
23 38 0
23 39 2
23 40 3
23 54 13
24 10 6
24 11 0
24 12 0
24 13 0
24 14 8
24 15 0
24 16 0
24 17 0
24 18 1
24 25 12
24 26 0
24 27 0
24 28 0
24 29 0
24 30 0
24 31 0
24 32 0
24 33 0
24 34 0
24 35 0
24 36 0
24 37 0
24 38 0
24 39 0
24 40 0
24 41 2
24 42 11
25 10 4
25 11 0
25 12 0
25 13 1
25 15 4
25 16 0
25 17 0
25 18 0
25 19 11
25 26 4
25 27 0
25 28 0
25 29 0
25 30 0
25 31 0
25 32 0
25 33 0
25 34 0
25 35 0
25 36 0
25 37 0
25 38 0
25 39 0
25 40 0
25 41 1
26 10 4
26 11 0
26 12 8
26 13 9
26 15 12
26 16 0
26 17 0
26 18 1
26 26 4
26 27 0
26 28 0
26 29 0
26 30 0
26 31 0
26 32 0
26 33 0
26 34 0
26 35 0
26 36 0
26 37 0
26 38 0
26 39 0
26 40 0
26 41 0
26 42 2
26 43 2
26 44 3
27 10 12
27 11 9
27 16 4
27 17 0
27 18 1
27 26 12
27 27 0
27 28 0
27 29 0
27 30 0
27 31 0
27 32 0
27 33 0
27 34 0
27 35 0
27 36 0
27 37 0
27 38 0
27 39 0
27 40 0
27 41 0
27 42 0
27 43 0
27 44 0
27 45 3
28 16 4
28 17 0
28 18 1
28 27 4
28 28 0
28 29 0
28 30 0
28 31 0
28 32 0
28 33 0
28 34 0
28 35 0
28 36 0
28 37 0
28 38 0
28 39 0
28 40 0
28 41 0
28 42 0
28 43 0
28 44 0
28 45 1
29 15 6
29 16 0
29 17 0
29 18 0
29 19 3
29 27 12
29 28 8
29 29 0
29 30 0
29 31 0
29 32 0
29 33 0
29 34 8
29 35 8
29 36 0
29 37 0
29 38 0
29 39 0
29 40 0
29 41 0
29 42 0
29 43 0
29 44 0
29 45 9
30 15 4
30 16 0
30 17 0
30 18 0
30 19 0
30 20 3
30 29 12
30 30 8
30 31 8
30 32 8
30 33 9
30 36 4
30 37 0
30 38 0
30 39 0
30 40 0
30 41 0
30 42 0
30 43 0
30 44 1
31 15 12
31 16 0
31 17 0
31 18 0
31 19 0
31 20 9
31 30 14
31 31 11
31 36 5
31 37 4
31 38 0
31 39 0
31 40 0
31 41 0
31 42 0
31 43 0
31 44 1
32 16 12
32 17 0
32 18 0
32 19 9
32 36 13
32 37 4
32 38 0
32 39 0
32 40 0
32 41 0
32 42 0
32 43 0
32 44 1
33 17 12
33 18 9
33 37 12
33 38 8
33 39 0
33 40 0
33 41 0
33 42 0
33 43 8
33 44 9
34 39 4
34 40 8
34 41 0
34 42 9
35 39 12
35 40 10
35 41 9
38 33 6
38 34 2
38 35 3
39 33 4
39 34 0
39 35 0
39 36 3
40 33 12
40 34 0
40 35 0
40 36 0
40 37 2
40 38 3
40 41 6
40 42 3
41 34 12
41 35 0
41 36 0
41 37 1
41 38 5
41 40 6
41 41 0
41 42 0
41 43 2
41 44 3
42 35 12
42 36 8
42 37 8
42 38 9
42 40 12
42 41 0
42 42 0
42 43 0
42 44 1
43 41 4
43 42 8
43 43 0
43 44 9
44 41 12
44 42 10
44 43 9
