15
0 0 0
0 1 0
0 2 0
0 3 0
0 4 1
0 40 12
0 41 0
0 42 0
0 43 0
0 44 0
0 45 0
0 46 0
0 47 0
0 48 0
0 49 0
0 50 0
0 51 0
0 52 0
0 53 0
0 54 0
0 55 0
0 56 0
0 57 1
1 0 0
1 1 0
1 2 0
1 3 0
1 4 1
1 41 4
1 42 0
1 43 0
1 44 0
1 45 0
1 46 0
1 47 0
1 48 0
1 49 0
1 50 0
1 51 0
1 52 0
1 53 0
1 54 0
1 55 0
1 56 0
1 57 9
2 0 0
2 1 0
2 2 0
2 3 0
2 4 0
2 5 3
2 41 12
2 42 0
2 43 0
2 44 0
2 45 0
2 46 0
2 47 0
2 48 0
2 49 0
2 50 0
2 51 0
2 52 0
2 53 0
2 54 0
2 55 0
2 56 9
3 0 0
3 1 0
3 2 0
3 3 0
3 4 0
3 5 1
3 42 12
3 43 8
3 44 8
3 45 8
3 46 0
3 47 0
3 48 0
3 49 0
3 50 0
3 51 1
3 52 4
3 53 0
3 54 0
3 55 1
4 0 0
4 1 0
4 2 0
4 3 0
4 4 0
4 5 0
4 6 3
4 46 12
4 47 8
4 48 8
4 49 0
4 50 0
4 51 0
4 52 0
4 53 0
4 54 0
4 55 9
5 0 0
5 1 0
5 2 0
5 3 0
5 4 0
5 5 0
5 6 0
5 7 3
5 49 12
5 50 8
5 51 8
5 52 0
5 53 0
5 54 1
6 0 0
6 1 0
6 2 0
6 3 0
6 4 0
6 5 0
6 6 0
6 7 1
6 52 4
6 53 0
6 54 1
7 0 0
7 1 0
7 2 0
7 3 0
7 4 0
7 5 0
7 6 0
7 7 1
7 52 4
7 53 0
7 54 1
8 0 0
8 1 0
8 2 0
8 3 0
8 4 0
8 5 0
8 6 0
8 7 0
8 8 3
8 52 4
8 53 0
8 54 1
9 0 0
9 1 0
9 2 0
9 3 0
9 4 0
9 5 0
9 6 0
9 7 0
9 8 9
9 40 6
9 41 2
9 42 2
9 43 2
9 44 2
9 45 2
9 46 2
9 47 2
9 48 2
9 49 2
9 50 2
9 51 2
9 52 0
9 53 0
9 54 1
10 0 0
10 1 0
10 2 0
10 3 0
10 4 0
10 5 0
10 6 0
10 7 1
10 40 12
10 41 0
10 42 0
10 43 0
10 44 0
10 45 0
10 46 0
10 47 0
10 48 0
10 49 0
10 50 0
10 51 0
10 52 0
10 53 0
10 54 1
11 0 0
11 1 0
11 2 0
11 3 0
11 4 0
11 5 0
11 6 0
11 7 1
11 41 12
11 42 8
11 43 8
11 44 8
11 45 8
11 46 8
11 47 0
11 48 0
11 49 0
11 50 0
11 51 0
11 52 0
11 53 0
11 54 1
12 0 0
12 1 0
12 2 0
12 3 0
12 4 0
12 5 0
12 6 0
12 7 1
12 47 12
12 48 8
12 49 8
12 50 8
12 51 8
12 52 0
12 53 0
12 54 1
13 0 0
13 1 0
13 2 0
13 3 0
13 4 0
13 5 0
13 6 0
13 7 0
13 8 3
13 52 4
13 53 0
13 54 1
14 0 0
14 1 0
14 2 0
14 3 0
14 4 0
14 5 0
14 6 0
14 7 0
14 8 1
14 52 4
14 53 0
14 54 1
15 0 0
15 1 0
15 2 0
15 3 0
15 4 0
15 5 0
15 6 0
15 7 0
15 8 0
15 9 11
15 52 4
15 53 0
15 54 1
16 0 0
16 1 0
16 2 0
16 3 0
16 4 0
16 5 0
16 6 0
16 7 0
16 8 1
16 52 12
16 53 0
16 54 9
17 0 0
17 1 0
17 2 0
17 3 0
17 4 0
17 5 0
17 6 0
17 7 0
17 8 9
17 53 13
18 0 0
18 1 0
18 2 0
18 3 0
18 4 0
18 5 0
18 6 0
18 7 1
19 0 0
19 1 0
19 2 0
19 3 0
19 4 0
19 5 0
19 6 0
19 7 1
20 0 0
20 1 0
20 2 0
20 3 0
20 4 0
20 5 0
20 6 0
20 7 0
20 8 3
21 0 0
21 1 0
21 2 0
21 3 0
21 4 0
21 5 0
21 6 0
21 7 0
21 8 0
21 9 3
22 0 0
22 1 0
22 2 0
22 3 0
22 4 0
22 5 0
22 6 0
22 7 0
22 8 0
22 9 1
23 0 0
23 1 0
23 2 0
23 3 0
23 4 0
23 5 0
23 6 0
23 7 0
23 8 0
23 9 0
23 10 3
24 0 0
24 1 0
24 2 0
24 3 0
24 4 0
24 5 0
24 6 0
24 7 0
24 8 0
24 9 0
24 10 1
25 0 0
25 1 0
25 2 0
25 3 0
25 4 0
25 5 0
25 6 0
25 7 0
25 8 0
25 9 0
25 10 0
25 11 3
26 0 0
26 1 0
26 2 0
26 3 0
26 4 0
26 5 0
26 6 0
26 7 0
26 8 0
26 9 0
26 10 0
26 11 9
27 0 0
27 1 0
27 2 0
27 3 0
27 4 0
27 5 0
27 6 0
27 7 0
27 8 0
27 9 0
27 10 1
28 0 0
28 1 0
28 2 0
28 3 0
28 4 0
28 5 0
28 6 0
28 7 0
28 8 0
28 9 0
28 10 1
29 0 0
29 1 0
29 2 0
29 3 0
29 4 0
29 5 0
29 6 0
29 7 0
29 8 0
29 9 0
29 10 9
29 24 7
30 0 0
30 1 0
30 2 0
30 3 0
30 4 0
30 5 0
30 6 0
30 7 0
30 8 0
30 9 1
30 23 14
30 24 1
31 0 0
31 1 0
31 2 0
31 3 0
31 4 0
31 5 0
31 6 0
31 7 0
31 8 0
31 9 9
31 24 13
32 0 0
32 1 0
32 2 0
32 3 0
32 4 0
32 5 0
32 6 0
32 7 0
32 8 9
33 0 0
33 1 0
33 2 0
33 3 0
33 4 0
33 5 0
33 6 0
33 7 9
33 17 6
33 18 2
33 19 3
34 0 0
34 1 0
34 2 0
34 3 0
34 4 0
34 5 0
34 6 1
34 17 12
34 18 0
34 19 1
35 0 0
35 1 0
35 2 0
35 3 0
35 4 0
35 5 0
35 6 1
35 18 12
35 19 9
36 0 0
36 1 0
36 2 0
36 3 0
36 4 0
36 5 0
36 6 1
36 25 6
36 26 2
36 27 3
37 0 0
37 1 0
37 2 0
37 3 0
37 4 0
37 5 0
37 6 1
37 24 6
37 25 0
37 26 0
37 27 0
37 28 3
38 0 0
38 1 0
38 2 0
38 3 0
38 4 0
38 5 0
38 6 0
38 7 3
38 24 12
38 25 8
38 26 0
38 27 0
38 28 9
39 0 0
39 1 0
39 2 0
39 3 0
39 4 0
39 5 0
39 6 0
39 7 0
39 8 3
39 26 12
39 27 9
40 0 0
40 1 0
40 2 0
40 3 0
40 4 0
40 5 0
40 6 0
40 7 0
40 8 0
40 9 2
40 10 3
40 13 6
40 14 2
40 15 2
40 16 3
41 0 0
41 1 0
41 2 0
41 3 0
41 4 0
41 5 0
41 6 0
41 7 0
41 8 0
41 9 0
41 10 0
41 11 2
41 12 2
41 13 0
41 14 0
41 15 0
41 16 0
41 17 2
41 18 3
42 0 0
42 1 0
42 2 0
42 3 0
42 4 0
42 5 0
42 6 0
42 7 0
42 8 0
42 9 0
42 10 0
42 11 0
42 12 0
42 13 0
42 14 0
42 15 0
42 16 0
42 17 0
42 18 0
42 19 2
42 20 2
42 21 3
43 0 0
43 1 0
43 2 0
43 3 0
43 4 0
43 5 0
43 6 0
43 7 0
43 8 0
43 9 0
43 10 0
43 11 0
43 12 0
43 13 0
43 14 0
43 15 0
43 16 0
43 17 0
43 18 0
43 19 0
43 20 0
43 21 0
43 22 2
43 23 2
43 24 3
43 51 6
43 52 3
44 0 0
44 1 0
44 2 0
44 3 0
44 4 0
44 5 0
44 6 0
44 7 0
44 8 0
44 9 0
44 10 0
44 11 0
44 12 0
44 13 0
44 14 0
44 15 0
44 16 0
44 17 0
44 18 0
44 19 0
44 20 0
44 21 0
44 22 0
44 23 0
44 24 0
44 25 2
44 26 3
44 50 6
44 51 0
44 52 0
44 53 3
44 57 14
44 58 2
44 59 3
45 0 0
45 1 0
45 2 0
45 3 0
45 4 0
45 5 0
45 6 0
45 7 0
45 8 0
45 9 0
45 10 0
45 11 0
45 12 0
45 13 0
45 14 0
45 15 0
45 16 0
45 17 0
45 18 0
45 19 0
45 20 0
45 21 0
45 22 0
45 23 0
45 24 0
45 25 0
45 26 0
45 27 2
45 28 3
45 50 12
45 51 8
45 52 8
45 53 9
45 58 12
45 59 0
45 60 11
46 0 0
46 1 0
46 2 0
46 3 0
46 4 0
46 5 0
46 6 0
46 7 0
46 8 0
46 9 0
46 10 0
46 11 0
46 12 0
46 13 0
46 14 0
46 15 0
46 16 0
46 17 0
46 18 0
46 19 0
46 20 0
46 21 0
46 22 0
46 23 0
46 24 0
46 25 0
46 26 0
46 27 0
46 28 0
46 29 3
46 32 7
46 46 7
46 59 13
47 0 0
47 1 0
47 2 0
47 3 0
47 4 0
47 5 0
47 6 0
47 7 0
47 8 0
47 9 0
47 10 0
47 11 0
47 12 0
47 13 0
47 14 0
47 15 0
47 16 0
47 17 0
47 18 0
47 19 0
47 20 0
47 21 0
47 22 0
47 23 0
47 24 0
47 25 0
47 26 0
47 27 0
47 28 0
47 29 0
47 30 2
47 31 2
47 32 0
47 33 2
47 34 3
47 46 5
48 0 0
48 1 0
48 2 0
48 3 0
48 4 0
48 5 0
48 6 0
48 7 0
48 8 0
48 9 0
48 10 0
48 11 0
48 12 0
48 13 0
48 14 0
48 15 0
48 16 0
48 17 0
48 18 8
48 19 8
48 20 8
48 21 8
48 22 8
48 23 0
48 24 8
48 25 8
48 26 0
48 27 0
48 28 0
48 29 0
48 30 0
48 31 0
48 32 0
48 33 0
48 34 0
48 35 3
48 46 13
49 0 0
49 1 0
49 2 0
49 3 0
49 4 0
49 5 0
49 6 0
49 7 0
49 8 0
49 9 0
49 10 0
49 11 0
49 12 0
49 13 0
49 14 0
49 15 0
49 16 0
49 17 1
49 19 14
49 20 10
49 21 10
49 22 10
49 23 8
49 24 11
49 26 4
49 27 0
49 28 0
49 29 0
49 30 0
49 31 0
49 32 0
49 33 0
49 34 0
49 35 0
49 36 3
49 53 6
49 54 3
50 0 0
50 1 0
50 2 0
50 3 0
50 4 0
50 5 0
50 6 0
50 7 0
50 8 0
50 9 0
50 10 0
50 11 8
50 12 0
50 13 0
50 14 0
50 15 0
50 16 0
50 17 1
50 18 7
50 19 6
50 20 2
50 21 2
50 22 2
50 23 2
50 24 3
50 25 7
50 26 4
50 27 0
50 28 0
50 29 0
50 30 0
50 31 0
50 32 0
50 33 0
50 34 0
50 35 0
50 36 0
50 37 3
50 51 6
50 52 2
50 53 0
50 54 0
50 55 3
50 57 6
50 58 2
50 59 3
51 0 0
51 1 0
51 2 0
51 3 0
51 4 0
51 5 0
51 6 0
51 7 0
51 8 0
51 9 0
51 10 0
51 11 2
51 12 0
51 13 0
51 14 0
51 15 0
51 16 0
51 17 1
51 18 5
51 19 4
51 20 0
51 21 0
51 22 0
51 23 0
51 24 1
51 25 5
51 26 4
51 27 0
51 28 0
51 29 0
51 30 0
51 31 0
51 32 0
51 33 0
51 34 0
51 35 0
51 36 0
51 37 1
51 48 6
51 49 2
51 50 2
51 51 0
51 52 0
51 53 0
51 54 0
51 55 0
51 56 2
51 57 0
51 58 0
51 59 0
51 60 3
52 0 0
52 1 0
52 2 0
52 3 0
52 4 0
52 5 0
52 6 0
52 7 0
52 8 0
52 9 1
52 10 4
52 11 0
52 12 0
52 13 0
52 14 0
52 15 0
52 16 0
52 17 0
52 18 1
52 19 4
52 20 0
52 21 0
52 22 0
52 23 0
52 24 1
52 25 5
52 26 4
52 27 0
52 28 0
52 29 0
52 30 0
52 31 0
52 32 0
52 33 0
52 34 0
52 35 0
52 36 0
52 37 0
52 38 2
52 39 3
52 45 6
52 46 10
52 47 2
52 48 0
52 49 0
52 50 0
52 51 0
52 52 0
52 53 8
52 54 0
52 55 0
52 56 0
52 57 0
52 58 0
52 59 0
52 60 0
52 61 3
53 0 0
53 1 0
53 2 0
53 3 0
53 4 0
53 5 0
53 6 0
53 7 0
53 8 0
53 9 0
53 10 0
53 11 0
53 12 0
53 13 0
53 14 1
53 15 4
53 16 0
53 17 0
53 18 1
53 19 4
53 20 0
53 21 0
53 22 0
53 23 0
53 24 1
53 25 5
53 26 4
53 27 0
53 28 0
53 29 0
53 30 0
53 31 0
53 32 0
53 33 0
53 34 0
53 35 0
53 36 0
53 37 0
53 38 0
53 39 0
53 40 2
53 41 2
53 42 2
53 43 2
53 44 2
53 45 0
53 46 2
53 47 0
53 48 0
53 49 0
53 50 0
53 51 0
53 52 1
53 54 4
53 55 0
53 56 0
53 57 0
53 58 0
53 59 0
53 60 0
53 61 0
53 62 3
54 0 0
54 1 0
54 2 0
54 3 0
54 4 0
54 5 0
54 6 0
54 7 0
54 8 0
54 9 0
54 10 0
54 11 0
54 12 0
54 13 0
54 14 1
54 15 4
54 16 0
54 17 0
54 18 1
54 19 4
54 20 0
54 21 0
54 22 0
54 23 0
54 24 1
54 25 5
54 26 4
54 27 0
54 28 0
54 29 0
54 30 0
54 31 0
54 32 0
54 33 0
54 34 0
54 35 0
54 36 0
54 37 0
54 38 0
54 39 0
54 40 0
54 41 0
54 42 0
54 43 0
54 44 0
54 45 0
54 46 0
54 47 0
54 48 0
54 49 0
54 50 0
54 51 0
54 52 1
54 53 14
54 54 0
54 55 8
54 56 9
54 57 4
54 58 0
54 59 0
54 60 0
54 61 0
54 62 1
55 0 0
55 1 0
55 2 0
55 3 0
55 4 0
55 5 0
55 6 0
55 7 0
55 8 0
55 9 0
55 10 0
55 11 0
55 12 0
55 13 0
55 14 0
55 15 0
55 16 0
55 17 1
55 18 5
55 19 12
55 20 0
55 21 0
55 22 0
55 23 0
55 24 9
55 25 4
55 26 0
55 27 0
55 28 0
55 29 0
55 30 0
55 31 0
55 32 0
55 33 0
55 34 0
55 35 0
55 36 0
55 37 0
55 38 0
55 39 0
55 40 0
55 41 0
55 42 0
55 43 0
55 44 0
55 45 0
55 46 0
55 47 0
55 48 0
55 49 0
55 50 0
55 51 0
55 52 0
55 53 2
55 54 0
55 55 2
55 56 3
55 57 4
55 58 0
55 59 0
55 60 0
55 61 0
55 62 0
55 63 2
56 0 0
56 1 0
56 2 0
56 3 0
56 4 0
56 5 0
56 6 0
56 7 0
56 8 0
56 9 0
56 10 8
56 11 0
56 12 0
56 13 0
56 14 0
56 15 0
56 16 0
56 17 0
56 18 1
56 20 4
56 21 0
56 22 0
56 23 1
56 25 4
56 26 0
56 27 0
56 28 0
56 29 0
56 30 0
56 31 0
56 32 0
56 33 0
56 34 0
56 35 0
56 36 0
56 37 0
56 38 0
56 39 0
56 40 0
56 41 0
56 42 0
56 43 0
56 44 0
56 45 0
56 46 0
56 47 0
56 48 0
56 49 0
56 50 0
56 51 0
56 52 0
56 53 0
56 54 0
56 55 0
56 56 1
56 57 4
56 58 0
56 59 0
56 60 0
56 61 0
56 62 0
56 63 0
57 0 0
57 1 0
57 2 0
57 3 0
57 4 0
57 5 0
57 6 0
57 7 0
57 8 0
57 9 1
57 11 4
57 12 0
57 13 0
57 14 0
57 15 0
57 16 0
57 17 0
57 18 0
57 19 2
57 20 0
57 21 0
57 22 0
57 23 0
57 24 2
57 25 0
57 26 0
57 27 0
57 28 0
57 29 0
57 30 0
57 31 0
57 32 0
57 33 0
57 34 0
57 35 0
57 36 0
57 37 0
57 38 0
57 39 0
57 40 0
57 41 0
57 42 0
57 43 0
57 44 0
57 45 0
57 46 0
57 47 0
57 48 0
57 49 0
57 50 0
57 51 0
57 52 0
57 53 0
57 54 8
57 55 8
57 56 1
57 57 4
57 58 0
57 59 0
57 60 0
57 61 0
57 62 0
57 63 0
58 0 0
58 1 0
58 2 0
58 3 0
58 4 0
58 5 0
58 6 0
58 7 0
58 8 0
58 9 0
58 10 2
58 11 0
58 12 0
58 13 0
58 14 0
58 15 0
58 16 0
58 17 0
58 18 0
58 19 0
58 20 0
58 21 0
58 22 0
58 23 0
58 24 0
58 25 0
58 26 0
58 27 0
58 28 0
58 29 0
58 30 0
58 31 0
58 32 0
58 33 0
58 34 0
58 35 0
58 36 0
58 37 0
58 38 0
58 39 0
58 40 0
58 41 0
58 42 0
58 43 0
58 44 0
58 45 0
58 46 0
58 47 0
58 48 0
58 49 0
58 50 0
58 51 0
58 52 0
58 53 0
58 54 2
58 55 2
58 56 0
58 57 0
58 58 0
58 59 0
58 60 0
58 61 0
58 62 0
58 63 0
59 0 0
59 1 0
59 2 0
59 3 0
59 4 0
59 5 0
59 6 0
59 7 0
59 8 0
59 9 0
59 10 0
59 11 0
59 12 0
59 13 0
59 14 0
59 15 0
59 16 0
59 17 0
59 18 0
59 19 0
59 20 0
59 21 0
59 22 0
59 23 0
59 24 0
59 25 0
59 26 0
59 27 0
59 28 0
59 29 0
59 30 0
59 31 0
59 32 0
59 33 0
59 34 0
59 35 0
59 36 0
59 37 0
59 38 0
59 39 0
59 40 0
59 41 0
59 42 0
59 43 0
59 44 0
59 45 0
59 46 0
59 47 0
59 48 0
59 49 0
59 50 0
59 51 0
59 52 0
59 53 0
59 54 0
59 55 0
59 56 0
59 57 0
59 58 0
59 59 0
59 60 0
59 61 0
59 62 0
59 63 0
60 0 0
60 1 0
60 2 0
60 3 0
60 4 0
60 5 0
60 6 0
60 7 0
60 8 0
60 9 0
60 10 0
60 11 0
60 12 0
60 13 0
60 14 0
60 15 0
60 16 0
60 17 0
60 18 0
60 19 0
60 20 0
60 21 0
60 22 0
60 23 0
60 24 0
60 25 0
60 26 0
60 27 0
60 28 0
60 29 0
60 30 0
60 31 0
60 32 0
60 33 0
60 34 0
60 35 0
60 36 0
60 37 0
60 38 0
60 39 0
60 40 0
60 41 0
60 42 0
60 43 0
60 44 0
60 45 0
60 46 0
60 47 0
60 48 0
60 49 0
60 50 0
60 51 0
60 52 0
60 53 0
60 54 0
60 55 0
60 56 0
60 57 0
60 58 0
60 59 0
60 60 0
60 61 0
60 62 0
60 63 0
61 0 0
61 1 0
61 2 0
61 3 0
61 4 0
61 5 0
61 6 0
61 7 0
61 8 0
61 9 0
61 10 0
61 11 0
61 12 0
61 13 0
61 14 0
61 15 0
61 16 0
61 17 0
61 18 0
61 19 0
61 20 0
61 21 0
61 22 0
61 23 0
61 24 0
61 25 0
61 26 0
61 27 0
61 28 0
61 29 0
61 30 0
61 31 0
61 32 0
61 33 0
61 34 0
61 35 0
61 36 0
61 37 0
61 38 0
61 39 0
61 40 0
61 41 0
61 42 0
61 43 0
61 44 0
61 45 0
61 46 0
61 47 0
61 48 0
61 49 0
61 50 0
61 51 0
61 52 0
61 53 0
61 54 0
61 55 0
61 56 0
61 57 0
61 58 0
61 59 0
61 60 0
61 61 0
61 62 0
61 63 0
62 0 0
62 1 0
62 2 0
62 3 0
62 4 0
62 5 0
62 6 0
62 7 0
62 8 0
62 9 0
62 10 0
62 11 0
62 12 0
62 13 0
62 14 0
62 15 0
62 16 0
62 17 0
62 18 0
62 19 0
62 20 0
62 21 0
62 22 0
62 23 0
62 24 0
62 25 0
62 26 0
62 27 0
62 28 0
62 29 0
62 30 0
62 31 0
62 32 0
62 33 0
62 34 0
62 35 0
62 36 0
62 37 0
62 38 0
62 39 0
62 40 0
62 41 0
62 42 0
62 43 0
62 44 0
62 45 0
62 46 0
62 47 0
62 48 0
62 49 0
62 50 0
62 51 0
62 52 0
62 53 0
62 54 0
62 55 0
62 56 0
62 57 0
62 58 0
62 59 0
62 60 0
62 61 0
62 62 0
62 63 8
63 0 0
63 1 0
63 2 0
63 3 0
63 4 0
63 5 0
63 6 0
63 7 0
63 8 0
63 9 0
63 10 0
63 11 0
63 12 0
63 13 0
63 14 0
63 15 0
63 16 0
63 17 0
63 18 0
63 19 0
63 20 0
63 21 0
63 22 0
63 23 0
63 24 0
63 25 0
63 26 0
63 27 0
63 28 0
63 29 0
63 30 0
63 31 0
63 32 0
63 33 0
63 34 0
63 35 0
63 36 0
63 37 0
63 38 0
63 39 0
63 40 0
63 41 0
63 42 0
63 43 0
63 44 0
63 45 0
63 46 0
63 47 0
63 48 0
63 49 0
63 50 0
63 51 0
63 52 0
63 53 0
63 54 0
63 55 0
63 56 0
63 57 0
63 58 0
63 59 0
63 60 0
63 61 0
63 62 1
