0
0 8 8
0 9 8
0 10 8
0 11 8
0 12 8
0 13 8
0 14 8
0 15 8
1 8 2
1 9 2
1 10 2
1 11 2
1 12 2
1 13 2
1 14 3
1 15 15
1 16 12
1 17 8
1 45 8
1 46 8
1 47 8
1 48 8
1 49 8
1 50 8
1 51 8
1 52 8
1 55 8
1 56 8
1 57 8
1 58 8
1 59 8
1 60 8
1 61 8
2 15 2
2 16 2
2 17 2
2 44 1
2 45 6
2 46 2
2 47 2
2 48 2
2 49 2
2 50 2
2 51 2
2 52 3
2 53 4
2 54 1
2 55 6
2 56 2
2 57 2
2 58 2
2 59 2
2 60 2
2 61 3
2 62 4
3 18 1
3 19 4
3 44 1
3 45 4
3 52 1
3 53 4
3 54 1
3 55 4
3 61 1
3 62 4
4 0 1
4 1 4
4 18 1
4 19 4
4 44 1
4 45 4
4 52 1
4 53 4
4 54 1
4 55 4
4 61 1
4 62 4
5 0 1
5 1 4
5 18 9
5 19 4
5 44 1
5 45 12
5 52 9
5 53 4
5 54 1
5 55 12
5 61 1
5 62 4
6 0 1
6 1 4
6 17 1
6 18 15
6 19 4
6 41 8
6 42 8
6 44 1
6 45 15
6 46 12
6 47 8
6 48 9
6 49 4
6 50 8
6 51 9
6 52 15
6 53 4
6 54 1
6 55 15
6 56 4
6 61 1
6 62 4
7 0 1
7 1 4
7 17 1
7 18 6
7 40 1
7 41 15
7 42 15
7 43 4
7 45 2
7 46 2
7 47 2
7 48 2
7 50 2
7 51 2
7 52 2
7 55 2
7 57 8
7 61 1
7 62 4
8 17 1
8 18 4
8 40 1
8 41 15
8 42 15
8 43 4
8 56 1
8 57 15
8 58 12
8 59 8
8 60 8
8 61 9
8 62 4
9 17 9
9 18 4
9 41 2
9 42 2
9 57 3
9 58 6
9 59 2
9 60 2
9 61 3
9 62 4
10 2 8
10 16 1
10 17 15
10 18 4
10 57 1
10 58 4
10 61 1
10 62 4
11 1 1
11 2 15
11 3 4
11 6 8
11 7 8
11 10 8
11 11 8
11 16 9
11 17 6
11 57 1
11 58 4
11 61 1
11 62 4
12 2 2
12 5 1
12 6 15
12 7 6
12 10 3
12 11 15
12 12 12
12 14 8
12 15 9
12 16 15
12 17 4
12 61 1
12 62 4
13 6 2
13 11 2
13 12 2
13 14 2
13 15 2
13 16 2
13 57 1
13 58 4
13 61 1
13 62 4
14 57 1
14 58 4
14 61 1
14 62 4
15 57 1
15 58 4
15 61 1
15 62 4
16 57 1
16 58 12
16 59 8
16 60 8
16 61 9
16 62 4
17 58 2
17 59 2
17 60 2
17 61 2
18 47 8
18 48 8
18 49 8
18 51 8
18 52 8
18 53 8
18 54 8
19 21 8
19 22 8
19 23 8
19 24 8
19 25 8
19 26 8
19 27 8
19 46 1
19 47 6
19 48 2
19 49 2
19 51 2
19 52 2
19 53 2
19 54 3
19 55 12
20 19 8
20 20 9
20 21 15
20 22 6
20 23 2
20 24 2
20 25 2
20 26 3
20 27 15
20 28 4
20 46 1
20 47 4
20 54 1
20 55 15
20 56 12
20 58 8
20 59 8
20 60 8
21 18 1
21 19 15
21 20 6
21 21 2
21 27 2
21 46 1
21 47 4
21 54 1
21 55 6
21 56 2
21 58 2
21 59 2
21 60 3
21 61 4
22 19 2
22 31 8
22 46 1
22 47 4
22 54 1
22 55 4
22 60 1
22 61 4
23 16 8
23 30 1
23 31 15
23 32 4
23 46 1
23 47 12
23 48 8
23 54 1
23 55 4
23 60 1
23 61 4
24 15 1
24 16 15
24 17 4
24 31 3
24 32 4
24 46 1
24 47 6
24 48 2
24 54 1
24 55 4
24 60 1
24 61 4
25 16 2
25 33 8
25 54 1
25 55 4
25 60 1
25 61 4
26 33 2
26 46 1
26 47 12
26 48 8
26 49 8
26 50 8
26 51 8
26 52 8
26 53 8
26 54 9
26 55 12
26 56 8
26 57 8
26 58 8
26 59 8
26 60 9
26 61 4
27 12 8
27 47 2
27 48 2
27 49 2
27 50 2
27 51 2
27 52 2
27 53 2
27 54 2
27 55 2
27 56 2
27 57 2
27 58 2
27 59 2
27 60 2
28 11 1
28 12 15
28 13 4
28 34 1
28 35 4
29 11 1
29 12 6
29 34 1
29 35 12
30 11 1
30 12 4
30 34 1
30 35 15
30 36 4
31 35 3
31 36 4
31 48 8
31 49 8
32 44 1
32 45 4
32 48 2
32 49 2
33 44 1
33 45 4
34 36 1
34 37 4
35 11 1
35 12 4
35 36 1
35 37 4
36 11 1
36 12 4
36 36 1
36 37 4
36 44 1
36 45 12
36 47 8
37 11 1
37 12 4
37 36 1
37 37 4
37 45 2
37 46 1
37 47 15
37 48 4
38 11 1
38 12 4
38 36 1
38 37 4
38 47 2
39 11 1
39 12 12
39 36 8
40 11 1
40 12 15
40 13 4
40 35 1
40 36 15
40 37 4
41 12 2
41 35 1
41 36 6
43 16 8
44 16 2
45 17 1
45 18 4
45 27 8
45 28 8
46 19 8
46 20 8
46 21 8
46 22 8
46 25 8
46 27 2
46 28 2
47 19 2
47 20 2
47 21 2
47 22 2
47 25 2
