0
0 0 15
0 1 15
0 2 15
0 3 15
0 4 15
0 5 15
0 6 15
0 7 15
0 8 15
0 9 15
0 10 15
0 11 15
0 12 15
0 13 15
0 14 15
0 15 15
0 16 15
0 17 15
0 18 15
0 19 15
0 20 15
0 21 15
0 22 15
0 23 15
0 24 15
0 25 15
0 26 4
0 38 8
0 39 8
0 40 8
0 41 8
0 42 8
0 43 8
1 0 15
1 1 15
1 2 15
1 3 15
1 4 15
1 5 15
1 6 15
1 7 15
1 8 15
1 9 15
1 10 15
1 11 15
1 12 15
1 13 15
1 14 15
1 15 15
1 16 15
1 17 15
1 18 15
1 19 15
1 20 15
1 21 15
1 22 15
1 23 15
1 24 15
1 25 6
1 32 8
1 33 8
1 37 1
1 38 7
1 39 15
1 40 7
1 41 15
1 42 7
1 43 15
1 44 4
1 55 8
1 56 8
1 60 8
1 61 8
2 0 15
2 1 15
2 2 15
2 3 15
2 4 15
2 5 15
2 6 15
2 7 15
2 8 15
2 9 15
2 10 15
2 11 15
2 12 15
2 13 15
2 14 15
2 15 15
2 16 15
2 17 15
2 18 15
2 19 15
2 20 15
2 21 15
2 22 15
2 23 6
2 24 2
2 31 1
2 32 7
2 33 15
2 34 4
2 38 1
2 39 15
2 40 12
2 41 10
2 42 1
2 43 15
2 44 4
2 54 1
2 55 7
2 56 15
2 57 4
2 59 1
2 60 15
2 61 15
2 62 4
2 63 8
3 0 15
3 1 15
3 2 15
3 3 15
3 4 15
3 5 15
3 6 15
3 7 15
3 8 15
3 9 15
3 10 15
3 11 15
3 12 15
3 13 15
3 14 15
3 15 15
3 16 15
3 17 15
3 18 15
3 19 15
3 20 15
3 21 6
3 22 2
3 33 2
3 39 3
3 40 7
3 41 15
3 42 4
3 43 2
3 53 8
3 54 8
3 55 8
3 56 10
3 59 1
3 60 15
3 61 15
3 62 5
3 63 15
4 0 15
4 1 15
4 2 15
4 3 15
4 4 15
4 5 15
4 6 15
4 7 15
4 8 15
4 9 15
4 10 15
4 11 15
4 12 15
4 13 15
4 14 15
4 15 15
4 16 15
4 17 15
4 18 15
4 19 15
4 20 15
4 21 4
4 25 8
4 30 8
4 31 8
4 40 1
4 41 15
4 42 4
4 52 1
4 53 7
4 54 15
4 55 7
4 56 15
4 57 4
4 60 2
4 61 2
4 63 2
5 0 15
5 1 15
5 2 15
5 3 15
5 4 15
5 5 15
5 6 15
5 7 15
5 8 15
5 9 15
5 10 15
5 11 15
5 12 15
5 13 15
5 14 15
5 15 15
5 16 15
5 17 15
5 18 15
5 19 15
5 20 15
5 21 4
5 24 1
5 25 15
5 26 4
5 30 11
5 31 15
5 32 4
5 41 2
5 49 8
5 54 2
5 56 2
6 0 15
6 1 15
6 2 15
6 3 15
6 4 15
6 5 15
6 6 15
6 7 15
6 8 15
6 9 15
6 10 15
6 11 15
6 12 7
6 13 15
6 14 15
6 15 15
6 16 15
6 17 15
6 18 15
6 19 15
6 20 15
6 21 4
6 24 1
6 25 15
6 26 4
6 29 1
6 30 15
6 31 15
6 32 4
6 48 1
6 49 15
6 50 4
7 0 15
7 1 15
7 2 15
7 3 15
7 4 15
7 5 15
7 6 15
7 7 15
7 8 15
7 9 15
7 10 15
7 11 14
7 13 11
7 14 15
7 15 15
7 16 15
7 17 15
7 18 15
7 19 15
7 20 6
7 25 2
7 30 2
7 31 2
7 48 1
7 49 15
7 50 4
8 0 15
8 1 15
8 2 15
8 3 15
8 4 15
8 5 15
8 6 15
8 7 15
8 8 15
8 9 15
8 10 15
8 11 15
8 12 13
8 13 15
8 14 15
8 15 15
8 16 15
8 17 15
8 18 15
8 19 6
8 49 2
9 0 15
9 1 15
9 2 15
9 3 15
9 4 15
9 5 15
9 6 15
9 7 15
9 8 15
9 9 15
9 10 15
9 11 15
9 12 15
9 13 15
9 14 15
9 15 15
9 16 15
9 17 15
9 18 15
9 19 4
9 52 8
10 0 15
10 1 15
10 2 15
10 3 15
10 4 15
10 5 15
10 6 15
10 7 15
10 8 15
10 9 15
10 10 15
10 11 15
10 12 15
10 13 15
10 14 15
10 15 15
10 16 15
10 17 15
10 18 6
10 31 8
10 41 8
10 42 8
10 47 8
10 51 1
10 52 15
10 53 12
11 0 15
11 1 15
11 2 15
11 3 15
11 4 15
11 5 15
11 6 15
11 7 15
11 8 15
11 9 15
11 10 15
11 11 15
11 12 15
11 13 15
11 14 15
11 15 15
11 16 15
11 17 15
11 18 4
11 30 1
11 31 15
11 32 4
11 40 1
11 41 15
11 42 15
11 43 4
11 46 9
11 47 15
11 48 12
11 51 8
11 52 3
11 53 15
11 54 12
11 58 8
11 62 8
11 63 8
12 0 15
12 1 15
12 2 15
12 3 15
12 4 15
12 5 15
12 6 15
12 7 15
12 8 15
12 9 15
12 10 15
12 11 15
12 12 15
12 13 7
12 14 15
12 15 15
12 16 15
12 17 6
12 30 1
12 31 15
12 32 4
12 40 1
12 41 15
12 42 15
12 43 4
12 45 9
12 46 15
12 47 7
12 48 15
12 49 4
12 50 1
12 51 15
12 52 4
12 53 3
12 54 15
12 55 12
12 57 1
12 58 15
12 59 4
12 61 1
12 62 7
12 63 15
13 0 15
13 1 15
13 2 15
13 3 15
13 4 15
13 5 15
13 6 15
13 7 15
13 8 15
13 9 15
13 10 15
13 11 15
13 12 15
13 13 13
13 14 15
13 15 15
13 16 6
13 31 2
13 41 2
13 42 2
13 43 8
13 44 1
13 45 15
13 46 6
13 47 1
13 48 6
13 51 2
13 54 3
13 55 15
13 56 4
13 57 1
13 58 15
13 59 4
13 60 8
13 61 8
13 62 9
13 63 15
14 0 15
14 1 15
14 2 15
14 3 15
14 4 15
14 5 15
14 6 15
14 7 15
14 8 15
14 9 15
14 10 15
14 11 15
14 12 15
14 13 15
14 14 15
14 15 15
14 16 4
14 40 8
14 42 1
14 43 15
14 44 4
14 45 10
14 52 1
14 53 4
14 55 2
14 57 8
14 58 2
14 59 1
14 60 7
14 61 15
14 62 7
14 63 15
15 0 15
15 1 15
15 2 7
15 3 15
15 4 15
15 5 15
15 6 15
15 7 15
15 8 15
15 9 15
15 10 7
15 11 15
15 12 15
15 13 15
15 14 15
15 15 15
15 16 4
15 29 8
15 30 8
15 39 1
15 40 15
15 41 4
15 43 2
15 44 1
15 45 15
15 46 4
15 56 1
15 57 15
15 58 12
15 61 2
15 62 1
15 63 15
16 0 15
16 1 15
16 2 13
16 3 15
16 4 15
16 5 15
16 6 15
16 7 15
16 8 15
16 9 6
16 11 10
16 12 11
16 13 15
16 14 15
16 15 6
16 28 9
16 29 15
16 30 15
16 31 4
16 36 8
16 37 8
16 39 1
16 40 15
16 41 4
16 45 2
16 56 8
16 57 3
16 58 15
16 59 4
16 60 8
16 63 2
17 0 15
17 1 15
17 2 15
17 3 15
17 4 15
17 5 15
17 6 15
17 7 15
17 8 15
17 9 4
17 10 9
17 11 15
17 12 15
17 13 15
17 14 15
17 15 4
17 21 8
17 27 1
17 28 15
17 29 6
17 30 2
17 33 8
17 36 11
17 37 15
17 38 4
17 40 2
17 55 1
17 56 15
17 57 4
17 58 2
17 59 1
17 60 15
17 61 4
18 0 15
18 1 15
18 2 15
18 3 15
18 4 15
18 5 15
18 6 15
18 7 15
18 8 15
18 9 13
18 10 15
18 11 15
18 12 15
18 13 15
18 14 15
18 15 4
18 20 1
18 21 15
18 22 4
18 27 1
18 28 15
18 29 4
18 32 1
18 33 15
18 34 4
18 35 1
18 36 15
18 37 15
18 38 4
18 56 10
18 60 2
19 0 15
19 1 15
19 2 15
19 3 15
19 4 15
19 5 15
19 6 15
19 7 15
19 8 15
19 9 15
19 10 15
19 11 15
19 12 15
19 13 15
19 14 6
19 20 1
19 21 15
19 22 4
19 27 1
19 28 15
19 29 4
19 30 1
19 31 4
19 32 1
19 33 15
19 34 12
19 35 8
19 36 2
19 37 2
19 54 8
19 55 1
19 56 15
19 57 4
19 60 8
19 63 1
20 0 15
20 1 15
20 2 15
20 3 15
20 4 15
20 5 15
20 6 15
20 7 15
20 8 15
20 9 15
20 10 15
20 11 15
20 12 15
20 13 6
20 21 2
20 27 1
20 28 15
20 29 4
20 30 1
20 31 4
20 33 3
20 34 7
20 35 15
20 36 4
20 42 8
20 43 8
20 44 8
20 45 8
20 48 8
20 53 1
20 54 15
20 55 5
20 56 15
20 57 4
20 59 1
20 60 15
20 61 12
20 62 8
20 63 1
21 0 15
21 1 15
21 2 15
21 3 15
21 4 15
21 5 15
21 6 15
21 7 15
21 8 15
21 9 15
21 10 15
21 11 6
21 12 2
21 27 1
21 28 15
21 29 12
21 30 1
21 31 12
21 35 2
21 41 9
21 42 15
21 43 15
21 44 15
21 45 15
21 46 4
21 47 1
21 48 15
21 49 4
21 54 2
21 56 2
21 60 3
21 61 15
21 62 15
21 63 4
22 0 15
22 1 15
22 2 15
22 3 15
22 4 15
22 5 15
22 6 15
22 7 15
22 8 15
22 9 6
22 10 2
22 28 3
22 29 15
22 30 13
22 31 15
22 32 12
22 36 8
22 37 8
22 38 8
22 39 8
22 40 9
22 41 15
22 42 14
22 43 2
22 44 2
22 45 2
22 46 8
22 47 1
22 48 15
22 49 4
22 61 10
22 62 2
23 0 15
23 1 15
23 2 15
23 3 15
23 4 15
23 5 15
23 6 15
23 7 15
23 8 15
23 9 12
23 29 3
23 30 15
23 31 15
23 32 15
23 33 4
23 35 1
23 36 15
23 37 15
23 38 15
23 39 15
23 40 15
23 41 15
23 42 15
23 43 12
23 44 8
23 45 9
23 46 15
23 47 4
23 48 2
23 60 1
23 61 15
23 62 4
24 0 15
24 1 15
24 2 15
24 3 15
24 4 15
24 5 15
24 6 15
24 7 15
24 8 15
24 9 15
24 10 4
24 15 8
24 16 8
24 30 3
24 31 15
24 32 14
24 36 10
24 37 2
24 38 2
24 39 3
24 40 15
24 41 6
24 42 2
24 43 2
24 44 10
24 45 2
24 46 2
24 60 1
24 61 15
24 62 4
25 0 15
25 1 15
25 2 15
25 3 15
25 4 15
25 5 15
25 6 15
25 7 15
25 8 15
25 9 15
25 10 4
25 15 11
25 16 15
25 17 4
25 27 8
25 28 8
25 31 3
25 32 15
25 33 12
25 35 1
25 36 15
25 37 4
25 40 2
25 43 1
25 44 15
25 45 4
25 61 2
25 62 8
25 63 8
26 0 15
26 1 15
26 2 15
26 3 15
26 4 15
26 5 15
26 6 15
26 7 15
26 8 15
26 9 15
26 10 4
26 14 1
26 15 15
26 16 15
26 17 4
26 27 11
26 28 15
26 29 4
26 32 2
26 33 2
26 36 10
26 43 1
26 44 15
26 45 4
26 59 8
26 60 8
26 61 9
26 62 15
26 63 15
27 0 15
27 1 15
27 2 15
27 3 15
27 4 15
27 5 15
27 6 15
27 7 15
27 8 15
27 9 6
27 15 2
27 16 2
27 26 1
27 27 15
27 28 15
27 29 4
27 35 1
27 36 15
27 37 4
27 44 2
27 58 9
27 59 15
27 60 15
27 61 15
27 62 15
27 63 15
28 0 15
28 1 15
28 2 15
28 3 15
28 4 7
28 5 15
28 6 15
28 7 15
28 8 15
28 9 4
28 27 2
28 28 2
28 35 1
28 36 15
28 37 4
28 57 9
28 58 15
28 59 15
28 60 15
28 61 15
28 62 15
28 63 15
29 0 15
29 1 15
29 2 15
29 3 6
29 4 1
29 5 15
29 6 15
29 7 15
29 8 15
29 9 4
29 26 8
29 36 2
29 56 1
29 57 15
29 58 15
29 59 15
29 60 15
29 61 15
29 62 15
29 63 15
30 0 15
30 1 15
30 2 15
30 3 4
30 4 1
30 5 15
30 6 15
30 7 15
30 8 15
30 9 4
30 25 1
30 26 15
30 27 4
30 56 9
30 57 15
30 58 15
30 59 15
30 60 15
30 61 15
30 62 15
30 63 15
31 0 15
31 1 15
31 2 6
31 4 1
31 5 15
31 6 15
31 7 15
31 8 15
31 9 4
31 25 1
31 26 15
31 27 4
31 30 8
31 31 8
31 50 8
31 51 8
31 55 1
31 56 15
31 57 15
31 58 15
31 59 15
31 60 15
31 61 15
31 62 15
31 63 15
32 0 15
32 1 6
32 5 3
32 6 15
32 7 15
32 8 15
32 9 12
32 26 2
32 28 8
32 29 9
32 30 7
32 31 15
32 32 12
32 33 8
32 40 8
32 50 11
32 51 15
32 52 4
32 55 1
32 56 15
32 57 15
32 58 15
32 59 15
32 60 15
32 61 15
32 62 6
32 63 3
33 0 15
33 1 4
33 5 1
33 6 15
33 7 15
33 8 15
33 9 15
33 10 4
33 27 1
33 28 7
33 29 15
33 30 5
33 31 15
33 32 7
33 33 15
33 34 4
33 39 1
33 40 15
33 41 4
33 49 1
33 50 15
33 51 15
33 52 4
33 55 1
33 56 15
33 57 15
33 58 15
33 59 15
33 60 15
33 61 6
33 63 1
34 0 15
34 1 4
34 6 3
34 7 15
34 8 15
34 9 15
34 10 4
34 28 1
34 29 15
34 30 12
34 31 10
34 32 1
34 33 15
34 34 4
34 39 1
34 40 15
34 41 4
34 50 2
34 51 2
34 55 1
34 56 15
34 57 15
34 58 15
34 59 6
34 60 2
34 63 1
35 0 15
35 1 4
35 7 3
35 8 15
35 9 15
35 10 12
35 29 3
35 30 7
35 31 15
35 32 4
35 33 2
35 40 2
35 55 9
35 56 15
35 57 15
35 58 15
35 59 4
35 63 1
36 0 15
36 1 4
36 7 1
36 8 15
36 9 15
36 10 15
36 11 12
36 12 8
36 13 8
36 30 1
36 31 15
36 32 4
36 54 1
36 55 15
36 56 15
36 57 15
36 58 6
36 63 1
37 0 15
37 1 4
37 8 3
37 9 15
37 10 15
37 11 15
37 12 15
37 13 15
37 14 12
37 15 8
37 16 8
37 17 8
37 31 2
37 42 8
37 54 1
37 55 15
37 56 15
37 57 15
37 58 4
37 63 1
38 0 10
38 9 3
38 10 15
38 11 15
38 12 15
38 13 15
38 14 15
38 15 15
38 16 15
38 17 15
38 18 12
38 19 8
38 20 8
38 41 1
38 42 15
38 43 4
38 54 9
38 55 15
38 56 15
38 57 15
38 58 4
38 63 1
39 0 15
39 1 4
39 9 1
39 10 15
39 11 15
39 12 15
39 13 15
39 14 15
39 15 15
39 16 15
39 17 15
39 18 15
39 19 15
39 20 15
39 21 12
39 22 8
39 23 8
39 41 1
39 42 15
39 43 4
39 53 1
39 54 15
39 55 15
39 56 15
39 57 6
39 63 1
40 0 15
40 1 4
40 10 2
40 11 3
40 12 15
40 13 15
40 14 15
40 15 15
40 16 15
40 17 15
40 18 15
40 19 15
40 20 15
40 21 15
40 22 15
40 23 15
40 24 12
40 42 2
40 53 9
40 54 15
40 55 15
40 56 15
40 57 4
40 63 1
41 0 15
41 1 4
41 12 2
41 13 3
41 14 15
41 15 15
41 16 15
41 17 15
41 18 15
41 19 15
41 20 15
41 21 15
41 22 15
41 23 15
41 24 15
41 25 12
41 52 1
41 53 15
41 54 15
41 55 15
41 56 6
41 63 1
42 0 15
42 1 4
42 14 2
42 15 2
42 16 2
42 17 3
42 18 15
42 19 15
42 20 15
42 21 15
42 22 15
42 23 15
42 24 15
42 25 15
42 26 12
42 27 8
42 41 8
42 42 8
42 52 9
42 53 15
42 54 15
42 55 15
42 56 4
42 63 1
43 0 2
43 1 8
43 2 8
43 18 2
43 19 2
43 20 3
43 21 15
43 22 15
43 23 15
43 24 15
43 25 15
43 26 15
43 27 15
43 28 12
43 40 1
43 41 7
43 42 15
43 43 4
43 51 1
43 52 15
43 53 15
43 54 15
43 55 15
43 56 4
43 63 1
44 1 3
44 2 15
44 3 12
44 21 3
44 22 6
44 23 3
44 24 15
44 25 15
44 26 15
44 27 15
44 28 15
44 29 12
44 30 8
44 39 8
44 40 8
44 41 8
44 42 10
44 51 1
44 52 15
44 53 15
44 54 15
44 55 6
44 63 1
45 2 3
45 3 15
45 4 12
45 5 8
45 6 8
45 7 8
45 8 8
45 9 8
45 10 8
45 11 8
45 12 8
45 13 8
45 14 8
45 15 8
45 21 1
45 22 4
45 24 3
45 25 15
45 26 15
45 27 15
45 28 15
45 29 15
45 30 15
45 31 12
45 32 8
45 33 8
45 38 1
45 39 7
45 40 15
45 41 7
45 42 15
45 43 4
45 51 9
45 52 15
45 53 15
45 54 15
45 55 4
45 63 1
46 3 11
46 4 6
46 5 2
46 6 2
46 7 2
46 8 2
46 9 2
46 10 2
46 11 2
46 12 2
46 13 2
46 14 3
46 15 15
46 16 12
46 21 9
46 22 4
46 25 2
46 26 3
46 27 15
46 28 15
46 29 15
46 30 15
46 31 15
46 32 15
46 33 15
46 34 12
46 35 8
46 36 8
46 40 2
46 41 8
46 42 10
46 50 1
46 51 15
46 52 15
46 53 15
46 54 15
46 55 4
46 63 1
47 2 1
47 3 15
47 4 4
47 15 3
47 16 15
47 17 12
47 20 9
47 21 15
47 22 4
47 27 3
47 28 15
47 29 15
47 30 15
47 31 15
47 32 15
47 33 15
47 34 15
47 35 15
47 36 15
47 37 12
47 38 8
47 40 1
47 41 7
47 42 15
47 43 4
47 50 9
47 51 15
47 52 15
47 53 15
47 54 6
47 63 1
48 2 9
48 3 6
48 16 3
48 17 15
48 18 12
48 19 9
48 20 15
48 21 6
48 28 2
48 29 3
48 30 15
48 31 15
48 32 15
48 33 15
48 34 15
48 35 15
48 36 15
48 37 15
48 38 15
48 39 12
48 40 8
48 42 2
48 49 1
48 50 15
48 51 15
48 52 15
48 53 15
48 54 4
48 63 1
49 1 9
49 2 15
49 3 4
49 17 3
49 18 15
49 19 15
49 20 6
49 30 2
49 31 3
49 32 15
49 33 15
49 34 15
49 35 15
49 36 15
49 37 15
49 38 15
49 39 15
49 40 15
49 41 12
49 42 8
49 49 9
49 50 15
49 51 15
49 52 15
49 53 7
49 54 4
49 63 1
50 0 1
50 1 15
50 2 6
50 18 3
50 19 6
50 32 2
50 33 3
50 34 15
50 35 15
50 36 15
50 37 15
50 38 15
50 39 15
50 40 15
50 41 15
50 42 15
50 43 12
50 48 9
50 49 15
50 50 15
50 51 15
50 52 15
50 53 13
50 54 4
50 63 1
51 0 1
51 1 6
51 18 1
51 19 12
51 20 8
51 23 8
51 24 8
51 34 2
51 35 3
51 36 15
51 37 15
51 38 15
51 39 15
51 40 15
51 41 15
51 42 15
51 43 15
51 44 12
51 47 9
51 48 15
51 49 15
51 50 15
51 51 15
51 52 15
51 53 15
51 54 4
51 63 1
52 0 1
52 1 4
52 6 8
52 18 1
52 19 6
52 20 2
52 23 2
52 24 3
52 25 4
52 36 3
52 37 6
52 38 3
52 39 15
52 40 15
52 41 15
52 42 15
52 43 15
52 44 15
52 45 12
52 46 9
52 47 15
52 48 15
52 49 15
52 50 15
52 51 15
52 52 15
52 53 6
52 63 1
53 0 1
53 1 4
53 5 9
53 6 15
53 7 4
53 8 8
53 18 1
53 19 4
53 24 1
53 25 4
53 39 3
53 40 15
53 41 15
53 42 15
53 43 15
53 44 15
53 45 15
53 46 15
53 47 15
53 48 15
53 49 15
53 50 15
53 51 15
53 52 6
53 63 1
54 0 1
54 1 4
54 4 9
54 5 15
54 6 15
54 7 5
54 8 15
54 9 12
54 18 1
54 19 4
54 24 1
54 25 4
54 40 2
54 41 2
54 42 3
54 43 15
54 44 15
54 45 15
54 46 15
54 47 15
54 48 15
54 49 6
54 50 10
54 51 10
54 63 1
55 0 1
55 1 4
55 3 1
55 4 15
55 5 15
55 6 15
55 7 5
55 8 15
55 9 15
55 10 4
55 18 1
55 19 4
55 24 1
55 25 4
55 36 1
55 37 4
55 43 2
55 44 2
55 45 2
55 46 2
55 47 2
55 48 2
55 50 3
55 51 15
55 52 12
55 63 1
56 0 1
56 1 4
56 4 3
56 5 15
56 6 15
56 7 5
56 8 15
56 9 14
56 18 1
56 19 12
56 20 8
56 23 8
56 24 9
56 25 4
56 36 1
56 37 4
56 51 3
56 52 15
56 53 12
56 63 1
57 0 1
57 1 4
57 5 3
57 6 15
57 7 4
57 8 3
57 9 15
57 10 12
57 19 2
57 20 2
57 23 2
57 24 11
57 25 4
57 36 1
57 37 4
57 52 3
57 53 15
57 54 12
57 63 1
58 0 1
58 1 4
58 6 2
58 9 3
58 10 15
58 11 12
58 12 8
58 13 8
58 14 8
58 15 8
58 16 8
58 17 8
58 18 8
58 19 8
58 20 8
58 21 8
58 22 8
58 23 9
58 24 15
58 25 12
58 26 8
58 27 8
58 28 8
58 36 1
58 37 4
58 53 3
58 54 15
58 55 12
58 63 1
59 0 1
59 1 4
59 10 2
59 11 2
59 12 2
59 13 2
59 14 2
59 15 2
59 16 2
59 17 2
59 18 3
59 19 15
59 20 6
59 21 2
59 22 2
59 23 2
59 24 2
59 25 2
59 26 2
59 27 3
59 28 15
59 29 4
59 36 9
59 37 4
59 54 3
59 55 15
59 56 4
59 63 1
60 0 1
60 1 12
60 19 10
60 28 10
60 35 9
60 36 15
60 37 4
60 55 3
60 56 4
60 63 1
61 0 1
61 1 15
61 2 12
61 18 1
61 19 15
61 20 12
61 21 8
61 22 8
61 23 8
61 24 8
61 25 8
61 26 8
61 27 9
61 28 15
61 29 4
61 34 9
61 35 15
61 36 6
61 55 1
61 56 4
61 63 1
62 0 8
62 1 3
62 2 15
62 3 12
62 19 2
62 20 2
62 21 10
62 22 10
62 23 10
62 24 10
62 25 10
62 26 10
62 27 10
62 28 10
62 29 8
62 30 8
62 31 8
62 32 8
62 33 9
62 34 15
62 35 6
62 63 1
63 0 15
63 1 4
63 2 3
63 3 15
63 4 12
63 5 8
63 6 8
63 20 1
63 21 15
63 22 6
63 23 2
63 24 2
63 25 2
63 26 2
63 27 2
63 28 2
63 29 2
63 30 2
63 31 2
63 32 2
63 33 2
63 34 2
63 63 1
