0
0 10 1
0 11 7
0 12 15
0 13 4
0 19 1
0 20 7
0 21 15
0 22 12
0 23 9
0 24 7
0 25 15
0 26 7
0 27 15
0 28 4
1 12 2
1 20 8
1 21 11
1 22 7
1 23 15
1 24 12
1 25 10
1 27 2
2 19 1
2 20 7
2 21 15
2 22 5
2 23 15
2 24 7
2 25 15
2 26 4
2 36 8
2 37 8
2 38 8
2 39 8
2 40 8
2 41 8
3 21 2
3 23 2
3 25 2
3 35 1
3 36 7
3 37 15
3 38 7
3 39 15
3 40 7
3 41 15
3 42 4
3 52 8
3 53 8
3 54 8
3 55 8
3 56 8
3 57 8
4 36 1
4 37 15
4 38 12
4 39 10
4 40 1
4 41 15
4 42 4
4 51 1
4 52 7
4 53 15
4 54 7
4 55 15
4 56 7
4 57 15
4 58 4
5 22 8
5 23 8
5 37 3
5 38 7
5 39 15
5 40 4
5 41 2
5 53 2
5 54 8
5 55 10
5 57 2
5 60 8
5 61 8
5 62 8
5 63 8
6 22 11
6 23 15
6 24 4
6 31 8
6 32 8
6 38 1
6 39 15
6 40 4
6 53 1
6 54 7
6 55 15
6 56 4
6 59 9
6 60 15
6 61 15
6 62 15
6 63 15
7 21 1
7 22 15
7 23 15
7 24 4
7 30 1
7 31 7
7 32 15
7 33 4
7 39 2
7 48 8
7 49 8
7 50 8
7 51 8
7 55 2
7 57 8
7 58 9
7 59 15
7 60 15
7 61 15
7 62 15
7 63 15
8 22 2
8 23 2
8 31 1
8 32 15
8 33 4
8 38 8
8 39 8
8 47 1
8 48 7
8 49 15
8 50 7
8 51 15
8 52 4
8 56 1
8 57 15
8 58 15
8 59 15
8 60 15
8 61 15
8 62 15
8 63 15
9 23 8
9 24 8
9 32 2
9 37 1
9 38 7
9 39 15
9 40 4
9 49 2
9 51 2
9 55 8
9 56 9
9 57 15
9 58 15
9 59 15
9 60 15
9 61 15
9 62 15
9 63 15
10 22 1
10 23 7
10 24 15
10 25 4
10 39 2
10 53 8
10 54 9
10 55 15
10 56 15
10 57 15
10 58 7
10 59 15
10 60 15
10 61 15
10 62 15
10 63 15
11 23 8
11 24 10
11 25 8
11 26 8
11 45 8
11 46 8
11 47 8
11 48 8
11 49 8
11 50 8
11 51 8
11 52 9
11 53 15
11 54 15
11 55 15
11 56 15
11 57 15
11 58 13
11 59 15
11 60 15
11 61 14
11 62 2
11 63 2
12 22 1
12 23 7
12 24 15
12 25 7
12 26 15
12 27 4
12 43 8
12 44 8
12 45 11
12 46 15
12 47 15
12 48 15
12 49 15
12 50 15
12 51 15
12 52 15
12 53 15
12 54 15
12 55 15
12 56 15
12 57 15
12 58 15
12 59 6
12 60 2
12 61 2
13 24 2
13 26 2
13 41 8
13 42 9
13 43 15
13 44 15
13 45 15
13 46 15
13 47 15
13 48 15
13 49 15
13 50 15
13 51 15
13 52 15
13 53 15
13 54 15
13 55 15
13 56 15
13 57 6
13 58 2
14 13 8
14 14 8
14 40 9
14 41 15
14 42 15
14 43 15
14 44 15
14 45 15
14 46 15
14 47 15
14 48 15
14 49 15
14 50 15
14 51 15
14 52 15
14 53 15
14 54 15
14 55 6
14 56 2
15 13 11
15 14 15
15 15 4
15 39 9
15 40 15
15 41 15
15 42 15
15 43 15
15 44 15
15 45 15
15 46 15
15 47 15
15 48 15
15 49 15
15 50 15
15 51 15
15 52 15
15 53 6
15 54 2
16 8 8
16 9 8
16 12 1
16 13 15
16 14 15
16 15 4
16 19 8
16 20 8
16 38 1
16 39 15
16 40 15
16 41 15
16 42 15
16 43 15
16 44 15
16 45 15
16 46 15
16 47 6
16 48 2
16 49 2
16 50 2
16 51 2
16 52 2
17 7 1
17 8 7
17 9 15
17 10 4
17 13 2
17 14 2
17 18 1
17 19 7
17 20 15
17 21 4
17 31 8
17 32 8
17 38 9
17 39 15
17 40 15
17 41 15
17 42 15
17 43 15
17 44 15
17 45 6
17 46 2
18 8 1
18 9 15
18 10 4
18 17 8
18 18 8
18 19 8
18 20 10
18 30 1
18 31 7
18 32 15
18 33 4
18 37 9
18 38 15
18 39 15
18 40 15
18 41 15
18 42 15
18 43 6
18 44 2
19 9 2
19 16 1
19 17 7
19 18 15
19 19 7
19 20 15
19 21 4
19 32 2
19 36 9
19 37 15
19 38 15
19 39 15
19 40 15
19 41 15
19 42 6
20 18 2
20 19 1
20 20 15
20 21 4
20 35 9
20 36 15
20 37 15
20 38 15
20 39 15
20 40 6
20 41 2
21 10 8
21 11 8
21 20 2
21 34 9
21 35 15
21 36 15
21 37 15
21 38 15
21 39 15
21 40 4
22 9 1
22 10 7
22 11 15
22 12 4
22 33 9
22 34 15
22 35 15
22 36 15
22 37 15
22 38 15
22 39 6
23 11 2
23 32 1
23 33 15
23 34 15
23 35 15
23 36 15
23 37 15
23 38 6
24 1 8
24 2 8
24 3 8
24 4 8
24 5 8
24 6 8
24 7 8
24 8 8
24 9 8
24 10 8
24 11 8
24 12 8
24 32 9
24 33 15
24 34 15
24 35 15
24 36 15
24 37 6
25 0 9
25 1 15
25 2 15
25 3 15
25 4 15
25 5 15
25 6 15
25 7 15
25 8 15
25 9 15
25 10 15
25 11 15
25 12 15
25 13 12
25 14 8
25 15 8
25 16 8
25 29 8
25 30 8
25 31 9
25 32 15
25 33 15
25 34 15
25 35 15
25 36 14
26 0 15
26 1 15
26 2 15
26 3 15
26 4 15
26 5 15
26 6 15
26 7 15
26 8 15
26 9 15
26 10 15
26 11 15
26 12 15
26 13 15
26 14 15
26 15 15
26 16 15
26 17 12
26 18 8
26 19 8
26 20 8
26 21 8
26 22 8
26 23 8
26 24 8
26 25 8
26 26 8
26 27 8
26 28 9
26 29 15
26 30 15
26 31 15
26 32 15
26 33 15
26 34 15
26 35 6
26 36 2
27 0 15
27 1 15
27 2 15
27 3 15
27 4 15
27 5 15
27 6 15
27 7 15
27 8 15
27 9 15
27 10 15
27 11 15
27 12 15
27 13 15
27 14 15
27 15 15
27 16 15
27 17 15
27 18 15
27 19 15
27 20 15
27 21 15
27 22 15
27 23 15
27 24 15
27 25 15
27 26 15
27 27 15
27 28 15
27 29 15
27 30 15
27 31 15
27 32 15
27 33 15
27 34 6
28 0 15
28 1 15
28 2 15
28 3 15
28 4 15
28 5 15
28 6 15
28 7 15
28 8 15
28 9 15
28 10 15
28 11 15
28 12 15
28 13 15
28 14 15
28 15 15
28 16 15
28 17 15
28 18 15
28 19 15
28 20 15
28 21 15
28 22 15
28 23 15
28 24 15
28 25 15
28 26 15
28 27 15
28 28 15
28 29 15
28 30 15
28 31 15
28 32 15
28 33 6
29 0 15
29 1 15
29 2 15
29 3 15
29 4 15
29 5 15
29 6 15
29 7 6
29 8 2
29 9 2
29 10 2
29 11 2
29 12 3
29 13 15
29 14 15
29 15 15
29 16 15
29 17 15
29 18 15
29 19 15
29 20 15
29 21 15
29 22 15
29 23 15
29 24 15
29 25 15
29 26 15
29 27 15
29 28 15
29 29 15
29 30 15
29 31 15
29 32 6
30 0 15
30 1 15
30 2 6
30 3 2
30 4 2
30 5 2
30 6 2
30 13 2
30 14 2
30 15 2
30 16 3
30 17 15
30 18 15
30 19 15
30 20 15
30 21 15
30 22 15
30 23 15
30 24 15
30 25 15
30 26 15
30 27 15
30 28 15
30 29 14
30 30 2
30 31 2
31 0 2
31 1 2
31 17 2
31 18 2
31 19 2
31 20 2
31 21 2
31 22 2
31 23 2
31 24 2
31 25 2
31 26 2
31 27 2
31 28 2
31 29 2
