0
0 0 15
0 1 15
0 2 15
0 3 15
0 4 15
0 5 15
0 6 15
0 7 15
0 8 15
0 9 15
0 10 15
0 11 15
0 12 15
0 13 4
1 0 2
1 1 3
1 2 15
1 3 15
1 4 15
1 5 15
1 6 15
1 7 15
1 8 15
1 9 15
1 10 15
1 11 15
1 12 6
1 18 8
1 19 8
2 2 3
2 3 15
2 4 15
2 5 15
2 6 15
2 7 15
2 8 15
2 9 15
2 10 15
2 11 15
2 12 4
2 17 9
2 18 15
2 19 15
2 20 12
3 2 1
3 3 15
3 4 15
3 5 15
3 6 15
3 7 15
3 8 15
3 9 15
3 10 15
3 11 6
3 16 9
3 17 6
3 18 2
3 19 2
3 20 3
3 21 12
4 1 8
4 2 9
4 3 15
4 4 15
4 5 15
4 6 15
4 7 15
4 8 15
4 9 15
4 10 15
4 11 4
4 15 9
4 16 15
4 17 4
4 20 1
4 21 15
4 22 12
5 0 9
5 1 15
5 2 15
5 3 15
5 4 15
5 5 15
5 6 15
5 7 15
5 8 15
5 9 15
5 10 6
5 14 9
5 15 6
5 16 2
5 21 2
5 22 3
5 23 12
6 0 15
6 1 15
6 2 15
6 3 15
6 4 15
6 5 15
6 6 15
6 7 15
6 8 15
6 9 6
6 13 1
6 14 15
6 15 4
6 22 1
6 23 15
6 24 4
7 0 15
7 1 15
7 2 15
7 3 15
7 4 15
7 5 15
7 6 15
7 7 15
7 8 6
7 13 1
7 14 15
7 15 4
7 22 1
7 23 15
7 24 4
8 0 15
8 1 15
8 2 15
8 3 15
8 4 15
8 5 15
8 6 15
8 7 6
8 14 3
8 15 12
8 16 8
8 21 8
8 22 9
8 23 6
9 0 15
9 1 15
9 2 15
9 3 15
9 4 15
9 5 6
9 6 2
9 15 3
9 16 15
9 17 4
9 20 1
9 21 15
9 22 6
10 0 15
10 1 14
10 2 2
10 3 2
10 4 2
10 16 3
10 17 4
10 20 1
10 21 6
11 0 2
11 1 2
11 16 1
11 17 4
11 20 1
11 21 4
12 16 1
12 17 4
12 20 1
12 21 4
13 16 1
13 17 12
13 20 9
13 21 4
14 17 2
14 20 2
