15
34 32 6
34 33 2
34 34 3
35 30 6
35 31 2
35 32 0
35 33 0
35 34 0
35 35 3
36 29 6
36 30 0
36 31 0
36 32 0
36 33 0
36 34 0
36 35 9
37 29 4
37 30 0
37 31 0
37 32 0
37 33 0
37 34 1
38 29 4
38 30 0
38 31 0
38 32 0
38 33 0
38 34 1
39 29 12
39 30 0
39 31 0
39 32 0
39 33 0
39 34 0
39 35 3
40 30 12
40 31 0
40 32 0
40 33 0
40 34 0
40 35 9
40 39 6
40 40 3
41 31 12
41 32 8
41 33 8
41 34 9
41 37 6
41 38 2
41 39 0
41 40 0
41 41 2
41 42 3
41 45 6
41 46 2
41 47 2
41 48 3
42 37 4
42 38 0
42 39 0
42 40 0
42 41 0
42 42 9
42 44 6
42 45 0
42 46 0
42 47 0
42 48 0
42 49 3
43 27 6
43 28 2
43 29 3
43 35 6
43 36 2
43 37 8
43 38 0
43 39 0
43 40 0
43 41 9
43 44 4
43 45 0
43 46 0
43 47 0
43 48 0
43 49 1
44 19 6
44 20 2
44 21 2
44 22 3
44 26 6
44 27 0
44 28 0
44 29 0
44 30 3
44 35 12
44 36 9
44 38 12
44 39 8
44 40 9
44 44 12
44 45 0
44 46 0
44 47 0
44 48 0
44 49 0
44 50 3
45 18 6
45 19 0
45 20 0
45 21 0
45 22 0
45 23 2
45 24 2
45 25 2
45 26 0
45 27 0
45 28 0
45 29 0
45 30 1
45 45 12
45 46 0
45 47 0
45 48 0
45 49 0
45 50 0
45 51 3
46 18 4
46 19 0
46 20 0
46 21 0
46 22 0
46 23 0
46 24 0
46 25 0
46 26 0
46 27 0
46 28 0
46 29 0
46 30 9
46 37 6
46 38 2
46 39 3
46 46 12
46 47 0
46 48 0
46 49 0
46 50 0
46 51 9
46 57 6
46 58 2
46 59 3
47 18 12
47 19 0
47 20 0
47 21 0
47 22 0
47 23 0
47 24 0
47 25 0
47 26 0
47 27 0
47 28 0
47 29 9
47 36 6
47 37 0
47 38 0
47 39 0
47 40 2
47 41 3
47 47 12
47 48 8
47 49 8
47 50 9
47 56 6
47 57 0
47 58 0
47 59 0
47 60 3
48 19 12
48 20 0
48 21 0
48 22 0
48 23 0
48 24 0
48 25 0
48 26 0
48 27 8
48 28 9
48 35 6
48 36 0
48 37 0
48 38 0
48 39 0
48 40 0
48 41 0
48 42 3
48 55 6
48 56 0
48 57 0
48 58 0
48 59 0
48 60 0
48 61 3
49 8 6
49 9 3
49 20 12
49 21 0
49 22 0
49 23 0
49 24 0
49 25 0
49 26 1
49 34 6
49 35 0
49 36 0
49 37 0
49 38 0
49 39 0
49 40 0
49 41 0
49 42 0
49 43 3
49 54 6
49 55 0
49 56 0
49 57 0
49 58 0
49 59 0
49 60 0
49 61 1
50 6 6
50 7 2
50 8 0
50 9 0
50 10 3
50 21 12
50 22 8
50 23 8
50 24 8
50 25 0
50 26 1
50 33 6
50 34 0
50 35 0
50 36 0
50 37 0
50 38 0
50 39 0
50 40 0
50 41 0
50 42 0
50 43 0
50 44 2
50 45 3
50 54 4
50 55 0
50 56 0
50 57 0
50 58 0
50 59 0
50 60 0
50 61 1
51 4 6
51 5 2
51 6 0
51 7 0
51 8 0
51 9 0
51 10 1
51 25 12
51 26 9
51 33 4
51 34 0
51 35 0
51 36 0
51 37 0
51 38 0
51 39 0
51 40 0
51 41 0
51 42 0
51 43 0
51 44 0
51 45 0
51 46 3
51 54 4
51 55 0
51 56 0
51 57 0
51 58 0
51 59 0
51 60 0
51 61 9
52 3 6
52 4 0
52 5 0
52 6 0
52 7 0
52 8 0
52 9 0
52 10 1
52 18 6
52 19 2
52 20 2
52 21 2
52 22 2
52 23 3
52 30 6
52 31 2
52 32 2
52 33 0
52 34 0
52 35 0
52 36 0
52 37 0
52 38 0
52 39 0
52 40 0
52 41 0
52 42 0
52 43 0
52 44 0
52 45 0
52 46 1
52 54 4
52 55 0
52 56 0
52 57 0
52 58 0
52 59 0
52 60 9
53 3 4
53 4 0
53 5 0
53 6 0
53 7 0
53 8 0
53 9 0
53 10 1
53 18 4
53 19 0
53 20 8
53 21 8
53 22 0
53 23 1
53 28 6
53 29 2
53 30 0
53 31 0
53 32 0
53 33 0
53 34 0
53 35 0
53 36 0
53 37 0
53 38 8
53 39 8
53 40 0
53 41 0
53 42 0
53 43 0
53 44 0
53 45 0
53 46 0
53 47 3
53 54 4
53 55 0
53 56 8
53 57 8
53 58 8
53 59 9
54 3 12
54 4 0
54 5 0
54 6 0
54 7 0
54 8 0
54 9 0
54 10 1
54 18 4
54 19 1
54 22 4
54 23 1
54 28 12
54 29 8
54 30 0
54 31 0
54 32 0
54 33 0
54 34 0
54 35 1
54 36 4
54 37 1
54 40 12
54 41 0
54 42 0
54 43 0
54 44 0
54 45 0
54 46 0
54 47 0
54 48 3
54 54 12
54 55 1
55 1 6
55 2 3
55 4 12
55 5 0
55 6 0
55 7 0
55 8 0
55 9 0
55 10 1
55 18 4
55 19 1
55 22 4
55 23 1
55 30 4
55 31 0
55 32 0
55 33 0
55 34 0
55 35 0
55 36 0
55 37 0
55 38 2
55 39 3
55 41 4
55 42 0
55 43 0
55 44 0
55 45 0
55 46 0
55 47 0
55 48 0
55 49 3
55 55 4
55 56 3
55 60 6
55 61 2
55 62 2
55 63 2
56 1 12
56 2 9
56 5 12
56 6 0
56 7 0
56 8 0
56 9 0
56 10 1
56 16 6
56 17 2
56 18 0
56 19 0
56 20 2
56 21 2
56 22 0
56 23 0
56 24 2
56 25 3
56 29 6
56 30 0
56 31 0
56 32 0
56 33 0
56 34 0
56 35 1
56 36 4
56 37 0
56 38 0
56 39 0
56 40 2
56 41 0
56 42 8
56 43 0
56 44 0
56 45 0
56 46 0
56 47 0
56 48 0
56 49 0
56 50 2
56 51 3
56 55 12
56 56 0
56 57 2
56 58 2
56 59 2
56 60 0
56 61 0
56 62 0
56 63 0
57 6 12
57 7 0
57 8 0
57 9 0
57 10 9
57 15 6
57 16 0
57 17 0
57 18 0
57 19 0
57 20 0
57 21 0
57 22 0
57 23 0
57 24 0
57 25 0
57 26 2
57 27 2
57 28 2
57 29 0
57 30 0
57 31 0
57 32 0
57 33 0
57 34 0
57 35 0
57 36 0
57 37 0
57 38 0
57 39 0
57 40 0
57 41 1
57 43 4
57 44 0
57 45 0
57 46 0
57 47 0
57 48 0
57 49 0
57 50 0
57 51 0
57 52 3
57 56 4
57 57 0
57 58 0
57 59 0
57 60 0
57 61 0
57 62 0
57 63 0
58 7 4
58 8 0
58 9 9
58 14 6
58 15 0
58 16 0
58 17 0
58 18 0
58 19 0
58 20 0
58 21 0
58 22 0
58 23 0
58 24 0
58 25 0
58 26 0
58 27 0
58 28 0
58 29 0
58 30 0
58 31 0
58 32 0
58 33 0
58 34 0
58 35 0
58 36 0
58 37 0
58 38 0
58 39 0
58 40 0
58 41 0
58 42 2
58 43 8
58 44 0
58 45 0
58 46 0
58 47 0
58 48 0
58 49 0
58 50 0
58 51 0
58 52 0
58 53 2
58 54 2
58 55 2
58 56 0
58 57 0
58 58 0
58 59 0
58 60 0
58 61 0
58 62 0
58 63 0
59 7 12
59 8 9
59 13 6
59 14 0
59 15 0
59 16 0
59 17 0
59 18 0
59 19 0
59 20 0
59 21 0
59 22 0
59 23 0
59 24 0
59 25 0
59 26 0
59 27 0
59 28 0
59 29 0
59 30 0
59 31 0
59 32 0
59 33 0
59 34 0
59 35 0
59 36 0
59 37 0
59 38 0
59 39 0
59 40 0
59 41 0
59 42 1
59 44 4
59 45 0
59 46 0
59 47 0
59 48 0
59 49 0
59 50 0
59 51 0
59 52 0
59 53 0
59 54 0
59 55 0
59 56 0
59 57 0
59 58 0
59 59 0
59 60 0
59 61 0
59 62 0
59 63 0
60 2 6
60 3 2
60 4 3
60 12 6
60 13 0
60 14 0
60 15 0
60 16 0
60 17 0
60 18 0
60 19 0
60 20 0
60 21 0
60 22 0
60 23 0
60 24 0
60 25 0
60 26 0
60 27 0
60 28 0
60 29 0
60 30 0
60 31 0
60 32 0
60 33 0
60 34 0
60 35 0
60 36 0
60 37 0
60 38 0
60 39 0
60 40 0
60 41 0
60 42 0
60 43 3
60 44 4
60 45 0
60 46 0
60 47 0
60 48 0
60 49 0
60 50 0
60 51 0
60 52 0
60 53 1
60 54 4
60 55 0
60 56 0
60 57 0
60 58 0
60 59 0
60 60 0
60 61 0
60 62 0
60 63 0
61 1 6
61 2 0
61 3 0
61 4 0
61 5 2
61 6 3
61 11 6
61 12 0
61 13 0
61 14 0
61 15 0
61 16 0
61 17 0
61 18 0
61 19 0
61 20 0
61 21 0
61 22 0
61 23 0
61 24 0
61 25 0
61 26 0
61 27 0
61 28 0
61 29 0
61 30 0
61 31 0
61 32 0
61 33 0
61 34 0
61 35 0
61 36 0
61 37 0
61 38 0
61 39 0
61 40 0
61 41 0
61 42 0
61 43 0
61 44 0
61 45 0
61 46 0
61 47 0
61 48 0
61 49 0
61 50 0
61 51 0
61 52 0
61 53 1
61 54 4
61 55 0
61 56 0
61 57 0
61 58 0
61 59 0
61 60 0
61 61 0
61 62 0
61 63 0
62 1 4
62 2 0
62 3 0
62 4 0
62 5 0
62 6 0
62 7 2
62 8 2
62 9 2
62 10 2
62 11 0
62 12 0
62 13 0
62 14 0
62 15 0
62 16 0
62 17 0
62 18 0
62 19 0
62 20 0
62 21 0
62 22 0
62 23 0
62 24 0
62 25 0
62 26 0
62 27 0
62 28 0
62 29 0
62 30 0
62 31 0
62 32 0
62 33 0
62 34 0
62 35 0
62 36 0
62 37 0
62 38 0
62 39 0
62 40 0
62 41 0
62 42 0
62 43 0
62 44 0
62 45 0
62 46 0
62 47 0
62 48 0
62 49 0
62 50 0
62 51 0
62 52 0
62 53 1
62 54 4
62 55 0
62 56 0
62 57 0
62 58 0
62 59 0
62 60 0
62 61 0
62 62 0
62 63 0
63 1 4
63 2 0
63 3 0
63 4 0
63 5 0
63 6 0
63 7 0
63 8 0
63 9 0
63 10 0
63 11 0
63 12 0
63 13 0
63 14 0
63 15 0
63 16 0
63 17 0
63 18 0
63 19 0
63 20 0
63 21 0
63 22 0
63 23 0
63 24 0
63 25 0
63 26 0
63 27 0
63 28 0
63 29 0
63 30 0
63 31 0
63 32 0
63 33 0
63 34 0
63 35 0
63 36 0
63 37 0
63 38 0
63 39 0
63 40 0
63 41 0
63 42 0
63 43 0
63 44 0
63 45 0
63 46 0
63 47 0
63 48 0
63 49 0
63 50 0
63 51 0
63 52 0
63 53 1
63 54 4
63 55 0
63 56 0
63 57 0
63 58 0
63 59 0
63 60 0
63 61 0
63 62 0
63 63 0
