0
0 0 15
0 1 15
0 2 12
0 6 1
0 7 15
0 8 12
0 15 8
0 16 8
0 17 8
0 18 8
0 19 9
0 20 15
0 21 4
0 63 1
1 0 15
1 1 15
1 2 15
1 3 12
1 7 3
1 8 15
1 9 12
1 10 8
1 11 8
1 12 8
1 13 8
1 14 9
1 15 15
1 16 6
1 17 2
1 18 2
1 19 2
1 20 2
1 63 1
2 0 15
2 1 15
2 2 15
2 3 15
2 4 4
2 8 2
2 9 2
2 10 2
2 11 2
2 12 2
2 13 2
2 14 2
2 15 2
2 63 1
3 0 15
3 1 15
3 2 15
3 3 15
3 4 4
3 63 1
4 0 15
4 1 15
4 2 15
4 3 6
4 63 1
5 0 15
5 1 15
5 2 15
5 3 12
5 63 1
6 0 15
6 1 15
6 2 15
6 3 15
6 4 4
6 63 1
7 0 15
7 1 15
7 2 15
7 3 15
7 4 4
7 63 1
8 0 15
8 1 15
8 2 15
8 3 15
8 4 4
8 63 1
9 0 15
9 1 15
9 2 15
9 3 15
9 4 4
9 63 1
10 0 15
10 1 15
10 2 15
10 3 15
10 4 4
10 63 1
11 0 15
11 1 15
11 2 15
11 3 15
11 4 12
11 63 1
12 0 15
12 1 15
12 2 15
12 3 15
12 4 15
12 5 12
12 63 1
13 0 15
13 1 15
13 2 15
13 3 15
13 4 15
13 5 15
13 6 12
13 7 8
13 8 8
13 63 1
14 0 15
14 1 15
14 2 15
14 3 15
14 4 15
14 5 15
14 6 15
14 7 15
14 8 15
14 9 12
14 63 1
15 0 15
15 1 15
15 2 15
15 3 15
15 4 15
15 5 15
15 6 15
15 7 15
15 8 15
15 9 15
15 10 12
15 63 1
16 0 15
16 1 15
16 2 15
16 3 15
16 4 15
16 5 15
16 6 15
16 7 15
16 8 15
16 9 15
16 10 15
16 11 4
16 63 1
17 0 15
17 1 15
17 2 15
17 3 15
17 4 15
17 5 15
17 6 15
17 7 15
17 8 15
17 9 15
17 10 15
17 11 4
17 63 1
18 0 15
18 1 15
18 2 15
18 3 15
18 4 15
18 5 15
18 6 15
18 7 15
18 8 15
18 9 15
18 10 6
18 63 1
19 0 15
19 1 15
19 2 15
19 3 15
19 4 15
19 5 15
19 6 15
19 7 15
19 8 15
19 9 15
19 10 4
19 63 1
20 0 15
20 1 15
20 2 15
20 3 15
20 4 15
20 5 15
20 6 15
20 7 15
20 8 15
20 9 6
20 63 1
21 0 15
21 1 15
21 2 15
21 3 15
21 4 15
21 5 15
21 6 15
21 7 15
21 8 15
21 9 4
21 63 1
22 0 15
22 1 15
22 2 15
22 3 15
22 4 15
22 5 15
22 6 15
22 7 15
22 8 15
22 9 4
22 63 1
23 0 15
23 1 15
23 2 15
23 3 15
23 4 15
23 5 15
23 6 15
23 7 15
23 8 6
23 63 1
24 0 15
24 1 15
24 2 15
24 3 15
24 4 15
24 5 15
24 6 15
24 7 6
24 63 1
25 0 15
25 1 15
25 2 15
25 3 15
25 4 15
25 5 15
25 6 15
25 7 4
25 63 1
26 0 15
26 1 15
26 2 15
26 3 15
26 4 15
26 5 15
26 6 15
26 7 4
26 63 1
27 0 15
27 1 15
27 2 15
27 3 15
27 4 15
27 5 15
27 6 6
27 63 1
28 0 15
28 1 15
28 2 15
28 3 15
28 4 15
28 5 6
28 63 1
29 0 15
29 1 15
29 2 15
29 3 15
29 4 15
29 5 4
29 8 8
29 9 8
29 10 8
29 12 8
29 13 8
29 14 8
29 15 8
29 16 8
29 17 8
29 18 8
29 63 1
30 0 15
30 1 15
30 2 15
30 3 15
30 4 6
30 7 1
30 8 15
30 9 6
30 10 2
30 12 3
30 13 15
30 14 6
30 15 2
30 16 2
30 17 3
30 18 15
30 19 4
30 63 1
31 0 15
31 1 15
31 2 15
31 3 15
31 4 4
31 7 1
31 8 6
31 12 1
31 13 6
31 18 3
31 19 4
31 63 1
32 0 15
32 1 15
32 2 15
32 3 15
32 4 4
32 7 1
32 8 4
32 18 1
32 19 4
32 63 1
33 0 15
33 1 15
33 2 15
33 3 6
33 18 1
33 19 4
33 63 1
34 0 15
34 1 15
34 2 15
34 3 4
34 7 1
34 8 4
34 18 1
34 19 4
34 39 8
34 40 8
34 41 8
34 42 8
34 43 8
34 44 8
34 45 8
34 63 1
35 0 15
35 1 15
35 2 6
35 7 1
35 8 12
35 12 1
35 13 12
35 18 9
35 19 4
35 38 1
35 39 6
35 40 2
35 41 2
35 42 2
35 43 10
35 44 10
35 45 3
35 46 4
35 63 1
36 0 15
36 1 15
36 2 12
36 7 1
36 8 15
36 9 12
36 10 8
36 12 9
36 13 15
36 14 12
36 15 8
36 16 8
36 17 9
36 18 15
36 19 4
36 38 1
36 39 4
36 43 2
36 44 3
36 45 5
36 46 4
36 63 1
37 0 15
37 1 15
37 2 15
37 3 12
37 4 8
37 8 2
37 9 2
37 10 2
37 12 2
37 13 2
37 14 2
37 15 2
37 16 2
37 17 2
37 18 2
37 38 1
37 39 4
37 43 8
37 44 9
37 45 5
37 46 4
37 63 1
38 0 15
38 1 15
38 2 15
38 3 15
38 4 15
38 5 12
38 38 1
38 39 4
38 43 2
38 44 2
38 45 1
38 46 4
38 63 1
39 0 15
39 1 15
39 2 15
39 3 15
39 4 15
39 5 15
39 6 12
39 45 1
39 46 4
39 63 1
40 0 15
40 1 15
40 2 15
40 3 15
40 4 15
40 5 15
40 6 15
40 7 4
40 38 1
40 39 4
40 45 1
40 46 4
40 63 1
41 0 15
41 1 15
41 2 15
41 3 15
41 4 15
41 5 15
41 6 15
41 7 4
41 38 1
41 39 4
41 45 1
41 46 4
41 63 1
42 0 15
42 1 15
42 2 15
42 3 15
42 4 15
42 5 15
42 6 15
42 7 4
42 38 1
42 39 12
42 40 8
42 41 8
42 42 8
42 43 8
42 44 8
42 45 9
42 46 4
42 63 1
43 0 15
43 1 15
43 2 15
43 3 15
43 4 15
43 5 15
43 6 6
43 39 2
43 40 2
43 41 2
43 42 2
43 43 2
43 44 2
43 45 2
43 63 1
44 0 15
44 1 15
44 2 15
44 3 15
44 4 15
44 5 15
44 6 4
44 63 1
45 0 15
45 1 15
45 2 15
45 3 15
45 4 15
45 5 6
45 63 1
46 0 15
46 1 15
46 2 15
46 3 15
46 4 15
46 5 4
46 63 1
47 0 15
47 1 15
47 2 15
47 3 15
47 4 6
47 63 1
48 0 15
48 1 15
48 2 15
48 3 15
48 4 12
48 63 1
49 0 15
49 1 15
49 2 15
49 3 15
49 4 15
49 5 12
49 6 8
49 7 8
49 63 1
50 0 15
50 1 15
50 2 15
50 3 15
50 4 15
50 5 15
50 6 15
50 7 15
50 8 12
50 63 1
51 0 15
51 1 15
51 2 15
51 3 15
51 4 15
51 5 15
51 6 15
51 7 15
51 8 15
51 9 12
51 63 1
52 0 15
52 1 15
52 2 15
52 3 15
52 4 15
52 5 15
52 6 15
52 7 15
52 8 15
52 9 15
52 10 4
52 63 1
53 0 15
53 1 15
53 2 15
53 3 15
53 4 15
53 5 15
53 6 15
53 7 15
53 8 15
53 9 15
53 10 4
53 15 8
53 16 8
53 57 8
53 58 8
53 63 1
54 0 15
54 1 15
54 2 15
54 3 15
54 4 15
54 5 15
54 6 15
54 7 15
54 8 15
54 9 15
54 10 4
54 14 1
54 15 6
54 16 3
54 17 4
54 42 8
54 43 8
54 55 8
54 56 9
54 57 15
54 58 15
54 59 12
54 60 8
54 63 1
55 0 15
55 1 15
55 2 15
55 3 15
55 4 15
55 5 15
55 6 15
55 7 15
55 8 15
55 9 15
55 10 4
55 14 1
55 15 4
55 16 1
55 17 4
55 41 9
55 42 15
55 43 15
55 44 12
55 54 9
55 55 15
55 56 15
55 57 15
55 58 15
55 59 15
55 60 15
55 61 4
55 63 1
56 0 15
56 1 15
56 2 15
56 3 15
56 4 15
56 5 15
56 6 15
56 7 15
56 8 15
56 9 6
56 40 9
56 41 15
56 42 15
56 43 15
56 44 15
56 45 12
56 53 9
56 54 15
56 55 15
56 56 15
56 57 15
56 58 15
56 59 15
56 60 15
56 61 12
56 63 1
57 0 15
57 1 15
57 2 15
57 3 15
57 4 15
57 5 15
57 6 15
57 7 15
57 8 6
57 17 1
57 18 4
57 39 9
57 40 15
57 41 15
57 42 6
57 43 3
57 44 15
57 45 15
57 46 12
57 52 1
57 53 15
57 54 15
57 55 15
57 56 15
57 57 15
57 58 15
57 59 15
57 60 15
57 61 15
57 62 4
57 63 1
58 0 15
58 1 15
58 2 15
58 3 15
58 4 15
58 5 6
58 6 2
58 7 2
58 14 1
58 15 12
58 17 9
58 18 4
58 38 1
58 39 15
58 40 15
58 41 6
58 44 3
58 45 15
58 46 15
58 47 4
58 52 9
58 53 15
58 54 15
58 55 15
58 56 15
58 57 15
58 58 15
58 59 15
58 60 15
58 61 15
58 62 4
58 63 1
59 0 15
59 1 15
59 2 15
59 3 15
59 4 6
59 15 2
59 17 2
59 38 1
59 39 15
59 40 6
59 44 1
59 45 15
59 46 15
59 47 12
59 51 9
59 52 15
59 53 6
59 54 3
59 55 15
59 56 15
59 57 15
59 58 15
59 59 15
59 60 15
59 61 6
59 63 1
60 0 15
60 1 15
60 2 15
60 3 15
60 4 4
60 39 2
60 45 3
60 46 15
60 47 15
60 48 12
60 49 8
60 50 9
60 51 15
60 52 6
60 55 3
60 56 15
60 57 15
60 58 15
60 59 15
60 60 15
60 61 4
60 63 1
61 0 15
61 1 15
61 2 15
61 3 6
61 45 1
61 46 15
61 47 15
61 48 15
61 49 15
61 50 15
61 51 15
61 52 4
61 56 3
61 57 15
61 58 15
61 59 6
61 60 2
61 63 1
62 0 15
62 1 15
62 2 15
62 3 4
62 46 2
62 47 3
62 48 15
62 49 15
62 50 6
62 51 2
62 57 2
62 58 2
62 63 1
63 0 15
63 1 15
63 2 6
63 48 2
63 49 2
63 63 1
