0
0 48 9
0 49 15
0 50 6
0 51 2
0 52 2
0 55 2
0 56 2
0 57 2
0 58 2
0 59 2
0 60 2
0 61 3
0 62 15
0 63 12
1 47 1
1 48 15
1 49 6
1 62 3
1 63 15
2 47 1
2 48 6
2 63 3
3 47 1
3 48 4
3 63 1
4 47 1
4 48 4
4 63 1
5 47 1
5 48 4
5 63 1
6 47 1
6 48 4
6 63 1
7 47 1
7 48 4
7 63 1
8 47 1
8 48 4
8 63 1
9 47 1
9 48 4
9 63 1
10 47 1
10 48 4
10 63 1
11 47 1
11 48 12
11 54 8
11 58 8
11 63 1
12 47 1
12 48 15
12 49 12
12 53 9
12 54 15
12 55 4
12 57 9
12 58 15
12 59 12
12 63 1
13 48 3
13 49 15
13 50 4
13 52 1
13 53 15
13 54 15
13 55 4
13 56 1
13 57 15
13 58 15
13 59 15
13 60 12
13 63 9
14 49 2
14 53 2
14 54 2
14 57 2
14 58 3
14 59 15
14 60 15
14 61 12
14 62 1
14 63 15
15 50 8
15 59 2
15 60 3
15 61 15
15 62 4
15 63 2
16 48 8
16 49 9
16 50 15
16 51 4
16 61 2
17 47 9
17 48 15
17 49 15
17 50 6
18 46 1
18 47 15
18 48 15
18 49 6
19 46 9
19 47 15
19 48 15
19 49 4
20 45 1
20 46 15
20 47 15
20 48 15
20 49 4
21 46 3
21 47 15
21 48 6
22 46 1
22 47 15
22 48 4
23 47 2
24 57 8
25 47 8
25 56 1
25 57 15
25 58 12
26 46 9
26 47 15
26 48 4
26 57 3
26 58 15
26 59 12
27 45 1
27 46 15
27 47 6
27 54 8
27 58 3
27 59 15
27 60 4
28 45 9
28 46 15
28 47 4
28 53 9
28 54 15
28 55 4
28 58 1
28 59 15
28 60 4
29 44 1
29 45 15
29 46 15
29 47 4
29 52 9
29 53 15
29 54 15
29 55 4
29 58 1
29 59 15
29 60 4
30 44 1
30 45 15
30 46 15
30 47 4
30 51 9
30 52 15
30 53 15
30 54 15
30 55 12
30 58 1
30 59 15
30 60 4
31 44 1
31 45 15
31 46 6
31 50 9
31 51 15
31 52 15
31 53 15
31 54 15
31 55 15
31 56 4
31 58 8
31 59 2
32 44 9
32 45 15
32 46 4
32 49 1
32 50 15
32 51 15
32 52 15
32 53 15
32 54 15
32 55 15
32 56 12
32 57 9
32 58 15
32 59 4
33 43 1
33 44 15
33 45 6
33 50 3
33 51 15
33 52 15
33 53 15
33 54 15
33 55 15
33 56 15
33 57 15
33 58 15
33 59 4
34 44 10
34 50 1
34 51 15
34 52 15
34 53 15
34 54 15
34 55 15
34 56 15
34 57 15
34 58 15
34 59 12
35 43 1
35 44 15
35 45 4
35 50 1
35 51 15
35 52 15
35 53 15
35 54 15
35 55 15
35 56 15
35 57 15
35 58 15
35 59 15
35 60 12
36 44 2
36 50 9
36 51 15
36 52 15
36 53 15
36 54 15
36 55 15
36 56 15
36 57 15
36 58 15
36 59 15
36 60 15
36 61 12
37 49 1
37 50 15
37 51 15
37 52 15
37 53 15
37 54 15
37 55 15
37 56 6
37 57 2
37 58 3
37 59 15
37 60 15
37 61 15
37 62 12
37 63 8
38 49 9
38 50 15
38 51 15
38 52 15
38 53 15
38 54 15
38 55 6
38 59 2
38 60 2
38 61 3
38 62 15
38 63 15
39 48 9
39 49 15
39 50 15
39 51 15
39 52 15
39 53 6
39 54 2
39 62 2
39 63 2
40 47 1
40 48 15
40 49 15
40 50 15
40 51 6
40 52 2
41 48 2
41 49 2
41 50 2
42 39 8
43 38 1
43 39 15
43 40 4
44 38 9
44 39 15
44 40 4
45 37 9
45 38 15
45 39 15
45 40 4
45 58 8
46 36 9
46 37 15
46 38 15
46 39 6
46 57 9
46 58 15
46 59 4
47 35 9
47 36 15
47 37 15
47 38 15
47 39 4
47 56 1
47 57 15
47 58 6
48 32 8
48 33 8
48 34 9
48 35 15
48 36 15
48 37 6
48 38 2
48 57 2
49 24 8
49 25 8
49 31 9
49 32 15
49 33 15
49 34 15
49 35 15
49 36 6
49 45 8
49 46 8
49 47 8
50 23 9
50 24 15
50 25 15
50 26 4
50 29 8
50 30 9
50 31 15
50 32 15
50 33 15
50 34 15
50 35 15
50 36 12
50 43 8
50 44 9
50 45 15
50 46 15
50 47 15
50 48 4
51 22 1
51 23 15
51 24 15
51 25 15
51 26 4
51 28 1
51 29 15
51 30 15
51 31 15
51 32 15
51 33 15
51 34 15
51 35 15
51 36 15
51 37 4
51 42 9
51 43 15
51 44 15
51 45 15
51 46 15
51 47 15
51 48 12
51 57 8
52 23 3
52 24 15
52 25 6
52 28 1
52 29 15
52 30 15
52 31 15
52 32 15
52 33 15
52 34 15
52 35 15
52 36 15
52 37 4
52 41 1
52 42 15
52 43 15
52 44 15
52 45 15
52 46 15
52 47 15
52 48 15
52 49 12
52 50 8
52 56 1
52 57 15
52 58 12
53 24 2
53 28 1
53 29 15
53 30 15
53 31 15
53 32 15
53 33 15
53 34 15
53 35 15
53 36 6
53 42 3
53 43 15
53 44 15
53 45 15
53 46 15
53 47 15
53 48 15
53 49 15
53 50 15
53 51 12
53 57 3
53 58 15
53 59 4
54 28 9
54 29 15
54 30 15
54 31 6
54 32 2
54 33 2
54 34 2
54 35 2
54 43 2
54 44 2
54 45 3
54 46 15
54 47 15
54 48 6
54 49 3
54 50 15
54 51 15
54 52 12
54 57 1
54 58 15
54 59 4
55 27 9
55 28 15
55 29 6
55 30 2
55 40 8
55 41 8
55 42 8
55 43 8
55 44 8
55 45 8
55 46 2
55 47 2
55 50 2
55 51 3
55 52 15
55 53 4
55 58 2
56 26 1
56 27 15
56 28 6
56 39 1
56 40 15
56 41 6
56 42 2
56 43 2
56 44 2
56 45 2
56 52 2
57 26 9
57 27 15
57 28 4
57 39 1
57 40 6
58 25 1
58 26 15
58 27 15
58 28 4
58 39 1
58 40 4
58 58 8
58 59 8
59 25 1
59 26 15
59 27 6
59 39 1
59 40 4
59 57 9
59 58 15
59 59 15
59 60 12
60 25 1
60 26 15
60 27 4
60 39 1
60 40 4
60 56 1
60 57 15
60 58 15
60 59 15
60 60 15
60 61 12
60 62 8
60 63 8
61 25 9
61 26 15
61 27 4
61 39 1
61 40 4
61 56 1
61 57 15
61 58 15
61 59 15
61 60 15
61 61 15
61 62 15
61 63 15
62 24 1
62 25 15
62 26 15
62 27 4
62 39 9
62 40 12
62 50 8
62 57 2
62 58 3
62 59 15
62 60 15
62 61 15
62 62 15
62 63 15
63 24 1
63 25 15
63 26 15
63 27 4
63 36 8
63 37 8
63 38 9
63 39 15
63 40 15
63 41 12
63 42 8
63 43 8
63 44 8
63 45 8
63 48 8
63 49 9
63 50 15
63 51 4
63 59 3
63 60 15
63 61 15
63 62 15
63 63 15
