0
6 14 1
6 15 4
6 16 1
6 17 4
7 14 1
7 15 4
7 16 1
7 17 4
8 14 1
8 15 4
8 16 1
8 17 4
9 14 1
9 15 4
9 16 1
9 17 4
10 14 1
10 15 4
10 16 1
10 17 4
11 6 8
11 7 8
11 8 8
11 9 8
11 10 8
11 11 8
11 14 1
11 15 4
11 16 1
11 17 4
11 20 8
11 21 8
11 22 8
11 23 8
11 24 8
11 25 8
12 5 1
12 6 15
12 7 6
12 8 2
12 9 2
12 10 3
12 11 15
12 12 4
12 19 1
12 20 15
12 21 6
12 22 2
12 23 2
12 24 3
12 25 15
12 26 4
13 5 1
13 6 6
13 11 3
13 12 12
13 13 8
13 14 8
13 17 8
13 18 8
13 19 9
13 20 6
13 25 3
13 26 4
14 5 1
14 6 4
14 11 1
14 12 6
14 13 2
14 14 2
14 17 2
14 18 2
14 19 3
14 20 4
14 25 1
14 26 4
15 5 1
15 6 12
15 11 9
15 12 4
15 20 8
15 25 9
15 26 4
16 5 1
16 6 15
16 7 12
16 8 8
16 9 8
16 10 1
16 11 15
16 12 12
16 13 8
16 14 8
16 15 8
16 16 8
16 17 8
16 18 8
16 19 9
16 20 15
16 21 4
16 22 8
16 23 8
16 24 9
16 25 15
16 26 4
17 6 2
17 7 3
17 8 6
17 9 2
17 11 3
17 12 6
17 13 2
17 14 2
17 15 2
17 16 2
17 17 2
17 18 2
17 19 3
17 20 6
17 22 3
17 23 6
17 24 2
17 25 2
18 7 1
18 8 4
18 11 1
18 12 4
18 19 1
18 20 4
18 22 1
18 23 4
19 7 1
19 8 4
19 11 1
19 12 4
19 19 1
19 20 4
19 22 1
19 23 4
20 7 1
20 8 4
20 11 1
20 12 4
20 19 1
20 20 4
20 22 1
20 23 4
21 7 1
21 8 4
21 11 1
21 12 4
21 19 1
21 20 4
21 22 1
21 23 4
22 7 1
22 8 4
22 11 1
22 12 4
22 19 1
22 20 4
22 22 1
22 23 4
23 7 1
23 8 4
23 11 1
23 12 4
23 19 1
23 20 4
23 22 1
23 23 4
24 7 1
24 8 4
24 11 1
24 12 4
24 19 1
24 20 4
24 22 1
24 23 4
25 6 8
25 7 9
25 8 12
25 9 8
25 11 9
25 12 12
25 13 8
25 14 8
25 16 8
25 17 8
25 18 8
25 19 9
25 20 12
25 22 9
25 23 12
25 24 8
25 25 8
26 5 1
26 6 15
26 7 6
26 8 2
26 9 2
26 10 1
26 11 15
26 12 6
26 13 2
26 14 2
26 16 2
26 17 2
26 18 2
26 19 3
26 20 15
26 21 4
26 22 2
26 23 2
26 24 3
26 25 15
26 26 4
27 5 1
27 6 6
27 11 2
27 20 2
27 25 3
27 26 4
28 5 1
28 6 4
28 11 1
28 12 12
28 13 8
28 14 8
28 15 8
28 16 8
28 17 8
28 18 8
28 19 9
28 20 4
28 25 1
28 26 4
29 5 1
29 6 12
29 11 9
29 12 6
29 13 2
29 14 2
29 15 2
29 16 2
29 17 2
29 18 2
29 19 3
29 20 12
29 25 9
29 26 4
30 5 1
30 6 15
30 7 12
30 8 8
30 9 8
30 10 9
30 11 15
30 12 4
30 19 1
30 20 15
30 21 12
30 22 8
30 23 8
30 24 9
30 25 15
30 26 4
31 6 2
31 7 2
31 8 2
31 9 2
31 10 2
31 11 2
31 20 2
31 21 2
31 22 2
31 23 2
31 24 2
31 25 2
