0
0 0 1
0 1 15
0 2 4
0 5 1
0 6 15
0 7 4
0 14 1
0 15 15
0 16 15
0 17 15
0 18 15
0 19 4
0 22 1
0 23 4
0 25 1
0 26 15
0 27 15
0 28 15
0 29 15
0 30 15
0 31 15
0 32 15
0 33 5
0 34 15
0 35 15
0 36 15
0 37 15
0 38 15
0 39 12
0 40 8
0 45 8
0 46 8
0 49 8
0 50 8
0 51 8
0 52 8
0 53 9
0 54 15
0 55 4
1 0 1
1 1 6
1 6 3
1 7 4
1 14 1
1 15 15
1 16 15
1 17 15
1 18 15
1 19 4
1 24 8
1 25 9
1 26 15
1 27 15
1 28 15
1 29 15
1 30 15
1 31 15
1 32 15
1 33 5
1 34 15
1 35 15
1 36 15
1 37 15
1 38 15
1 39 15
1 40 15
1 41 12
1 42 8
1 45 11
1 46 15
1 47 4
1 48 1
1 49 15
1 50 15
1 51 15
1 52 15
1 53 15
1 54 15
1 55 4
2 0 1
2 1 4
2 6 1
2 7 4
2 15 11
2 16 15
2 17 15
2 18 6
2 21 8
2 22 8
2 23 1
2 24 15
2 25 15
2 26 15
2 27 15
2 28 15
2 29 15
2 30 15
2 31 15
2 32 15
2 33 13
2 34 15
2 35 15
2 36 15
2 37 15
2 38 15
2 39 15
2 40 15
2 41 15
2 42 15
2 43 12
2 44 1
2 45 15
2 46 15
2 47 4
2 49 2
2 50 2
2 51 2
2 52 3
2 53 15
2 54 15
2 55 4
3 0 1
3 1 12
3 6 9
3 7 4
3 14 1
3 15 15
3 16 15
3 17 15
3 18 12
3 20 1
3 21 15
3 22 15
3 23 4
3 24 3
3 25 15
3 26 15
3 27 15
3 28 15
3 29 15
3 30 15
3 31 15
3 32 15
3 33 15
3 34 15
3 35 15
3 36 15
3 37 7
3 38 15
3 39 15
3 40 15
3 41 15
3 42 15
3 43 15
3 44 12
3 45 2
3 46 2
3 49 8
3 52 1
3 53 15
3 54 15
3 55 4
4 0 1
4 1 15
4 2 12
4 5 1
4 6 15
4 7 4
4 14 9
4 15 15
4 16 15
4 17 15
4 18 15
4 19 4
4 20 1
4 21 14
4 22 10
4 24 9
4 25 15
4 26 15
4 27 15
4 28 15
4 29 15
4 30 15
4 31 15
4 32 6
4 33 2
4 34 2
4 35 2
4 36 2
4 37 1
4 38 15
4 39 15
4 40 15
4 41 15
4 42 15
4 43 15
4 44 15
4 45 4
4 48 1
4 49 15
4 50 12
4 51 8
4 53 3
4 54 15
4 55 4
5 1 3
5 2 15
5 3 4
5 5 9
5 6 6
5 13 1
5 14 15
5 15 15
5 16 15
5 17 15
5 18 15
5 19 4
5 20 9
5 21 15
5 22 15
5 23 5
5 24 15
5 25 15
5 26 15
5 27 15
5 28 15
5 29 6
5 30 2
5 31 2
5 38 3
5 39 15
5 40 15
5 41 15
5 42 15
5 43 15
5 44 15
5 45 12
5 49 2
5 50 3
5 51 15
5 52 4
5 54 2
6 0 8
6 1 9
6 2 15
6 3 4
6 4 1
6 5 15
6 6 4
6 13 1
6 14 15
6 15 15
6 16 15
6 17 6
6 18 2
6 19 1
6 20 15
6 21 15
6 22 6
6 23 9
6 24 15
6 25 6
6 26 2
6 27 2
6 28 2
6 39 2
6 40 3
6 41 15
6 42 15
6 43 15
6 44 15
6 45 15
6 46 4
6 50 1
6 51 15
6 52 12
7 0 2
7 1 2
7 2 3
7 3 4
7 4 1
7 5 6
7 13 9
7 14 15
7 15 15
7 16 6
7 20 2
7 21 2
7 22 9
7 23 15
7 24 6
7 41 3
7 42 15
7 43 15
7 44 15
7 45 15
7 46 12
7 50 9
7 51 15
7 52 15
7 53 4
8 0 8
8 1 8
8 2 8
8 12 1
8 13 15
8 14 15
8 15 15
8 16 4
8 17 8
8 18 8
8 21 9
8 22 15
8 23 15
8 24 4
8 42 2
8 43 3
8 44 15
8 45 15
8 46 15
8 47 4
8 48 8
8 49 9
8 50 15
8 51 15
8 52 6
9 0 2
9 1 3
9 2 15
9 3 4
9 4 1
9 5 12
9 12 1
9 13 15
9 14 15
9 15 15
9 16 5
9 17 15
9 18 15
9 19 4
9 20 9
9 21 15
9 22 15
9 23 15
9 24 4
9 43 1
9 44 15
9 45 15
9 46 15
9 47 12
9 48 11
9 49 15
9 50 15
9 51 6
10 1 9
10 2 15
10 3 4
10 4 1
10 5 15
10 6 12
10 12 1
10 13 15
10 14 15
10 15 15
10 16 13
10 17 15
10 18 15
10 19 13
10 20 15
10 21 15
10 22 6
10 23 2
10 44 3
10 45 15
10 46 15
10 47 15
10 48 15
10 49 15
10 50 15
10 51 12
10 52 8
11 0 1
11 1 15
11 2 14
11 3 8
11 5 10
11 6 11
11 7 12
11 13 3
11 14 15
11 15 15
11 16 15
11 17 15
11 18 15
11 19 15
11 20 15
11 21 15
11 22 12
11 44 1
11 45 15
11 46 15
11 47 15
11 48 14
11 49 3
11 50 15
11 51 15
11 52 15
11 53 4
12 0 1
12 1 6
12 2 2
12 3 2
12 5 2
12 6 3
12 7 15
12 8 12
12 9 8
12 14 3
12 15 15
12 16 15
12 17 15
12 18 15
12 19 15
12 20 15
12 21 15
12 22 6
12 44 1
12 45 15
12 46 15
12 47 15
12 48 15
12 49 13
12 50 15
12 51 15
12 52 6
13 0 1
13 1 4
13 7 2
13 8 2
13 9 2
13 15 2
13 16 3
13 17 15
13 18 15
13 19 6
13 20 2
13 21 2
13 44 1
13 45 15
13 46 15
13 47 15
13 48 15
13 49 15
13 50 15
13 51 15
13 52 4
14 0 1
14 1 4
14 8 1
14 9 5
14 10 4
14 17 2
14 18 2
14 45 3
14 46 15
14 47 15
14 48 15
14 49 15
14 50 15
14 51 6
15 0 1
15 1 4
15 8 1
15 9 5
15 10 12
15 46 2
15 47 2
15 48 2
15 49 2
15 50 2
16 0 1
16 1 4
16 8 1
16 9 5
16 10 15
16 11 12
16 12 8
16 13 8
17 0 1
17 1 4
17 8 1
17 9 12
17 10 2
17 11 2
17 12 2
17 13 3
17 14 12
18 0 1
18 1 4
18 8 1
18 9 15
18 10 12
18 11 8
18 12 8
18 13 9
18 14 15
18 15 12
19 0 1
19 1 4
19 8 1
19 9 15
19 10 6
19 11 11
19 12 6
19 13 2
19 14 3
19 15 15
19 16 4
20 0 1
20 1 12
20 8 1
20 9 6
20 11 2
20 15 3
20 16 4
21 0 1
21 1 15
21 2 12
21 8 1
21 9 4
21 15 1
21 16 4
22 1 3
22 2 15
22 3 12
22 4 8
22 5 8
22 6 8
22 7 8
22 8 9
22 9 12
22 10 8
22 15 9
22 16 4
23 2 2
23 3 2
23 4 2
23 5 2
23 6 2
23 7 2
23 8 2
23 9 3
23 10 15
23 11 12
23 14 9
23 15 15
23 16 4
24 10 3
24 11 15
24 12 12
24 13 9
24 14 15
24 15 6
25 11 2
25 12 2
25 13 2
25 14 2
26 46 8
26 50 8
27 45 1
27 46 15
27 47 4
27 49 1
27 50 15
27 51 4
28 46 3
28 47 4
28 49 1
28 50 6
29 46 1
29 47 4
29 49 1
29 50 4
30 46 1
30 47 4
30 49 1
30 50 4
31 46 1
31 47 4
31 49 1
31 50 4
33 24 8
33 25 8
33 26 8
33 27 8
33 28 8
33 29 8
33 30 8
33 31 8
33 32 8
33 33 8
33 34 8
33 35 8
34 24 2
34 25 2
34 26 2
34 27 2
34 28 2
34 29 2
34 30 2
34 31 2
34 32 2
34 33 2
34 34 2
34 35 2
35 21 8
35 22 8
35 23 8
35 24 8
35 25 8
35 26 8
35 27 8
35 28 8
35 29 8
35 30 8
35 31 8
35 32 8
35 33 8
35 34 8
35 35 8
35 36 8
35 37 8
36 18 8
36 20 1
36 21 6
36 22 2
36 23 2
36 24 2
36 25 2
36 26 2
36 27 2
36 28 2
36 29 2
36 30 2
36 31 2
36 32 2
36 33 2
36 34 2
36 35 2
36 36 3
36 37 15
36 38 5
36 39 4
37 11 8
37 12 8
37 13 8
37 14 8
37 15 8
37 16 8
37 17 9
37 18 15
37 19 4
37 20 1
37 21 4
37 23 8
37 24 8
37 25 8
37 26 8
37 31 8
37 32 8
37 33 8
37 34 8
37 37 3
37 38 4
38 10 1
38 11 6
38 12 2
38 13 2
38 14 2
38 15 2
38 16 2
38 17 2
38 18 2
38 20 1
38 21 4
38 22 1
38 23 15
38 24 6
38 25 3
38 26 15
38 27 4
38 30 1
38 31 15
38 32 6
38 33 2
38 34 2
38 37 1
38 38 4
39 20 1
39 21 12
39 22 9
39 23 6
39 26 3
39 27 12
39 30 9
39 31 6
39 34 1
39 35 4
39 37 9
39 38 4
40 10 1
40 11 4
40 21 2
40 22 2
40 27 2
40 30 2
40 36 1
40 37 15
40 38 4
41 10 1
41 11 4
41 34 1
41 35 12
41 36 8
41 37 2
41 39 8
42 10 1
42 11 4
42 35 2
42 36 2
42 38 1
42 39 15
42 40 12
42 42 8
42 44 8
42 45 8
42 47 8
43 39 2
43 40 2
43 42 2
43 44 2
43 45 2
43 47 2
44 39 8
44 40 8
44 42 8
44 43 8
44 44 8
44 47 8
45 10 1
45 11 4
45 35 8
45 36 8
45 38 1
45 39 15
45 40 6
45 42 2
45 43 2
45 44 2
45 47 2
46 10 1
46 11 4
46 35 2
46 36 3
46 37 12
46 38 1
46 39 6
47 10 1
47 11 4
47 21 8
47 22 8
47 27 8
47 30 8
47 34 1
47 35 4
47 36 1
47 37 15
47 38 5
47 39 4
48 10 1
48 11 4
48 20 1
48 21 6
48 22 3
48 23 4
48 27 2
48 30 3
48 31 12
48 34 9
48 35 4
48 37 3
48 38 5
48 39 4
49 10 1
49 11 12
49 12 8
49 13 8
49 14 8
49 15 8
49 16 8
49 17 8
49 18 8
49 20 1
49 21 4
49 22 1
49 23 12
49 26 1
49 27 4
49 30 1
49 31 15
49 32 4
49 33 1
49 34 15
49 35 4
49 37 1
49 38 5
49 39 4
50 11 2
50 12 2
50 13 2
50 14 2
50 15 2
50 16 2
50 17 3
50 18 15
50 19 4
50 20 1
50 21 4
50 22 1
50 23 15
50 24 4
50 26 1
50 27 4
50 31 2
50 34 2
50 37 9
50 38 4
51 18 2
51 20 1
51 21 12
51 22 8
51 23 10
51 24 8
51 25 8
51 26 8
51 27 8
51 28 8
51 29 8
51 30 8
51 31 8
51 32 8
51 33 8
51 34 8
51 35 8
51 36 9
51 37 6
52 21 2
52 22 2
52 23 2
52 24 2
52 25 2
52 26 2
52 27 2
52 28 2
52 29 2
52 30 2
52 31 2
52 32 2
52 33 2
52 34 2
52 35 2
52 36 2
58 0 8
58 1 8
58 2 8
58 3 8
58 4 8
59 0 15
59 1 6
59 2 2
59 3 3
59 4 15
59 5 4
60 0 6
60 4 3
60 5 4
61 0 4
61 4 1
61 5 4
62 0 12
62 4 8
63 0 15
63 1 12
63 2 8
63 3 9
63 4 15
63 5 4
