0
0 0 15
0 1 4
0 44 8
0 46 8
0 47 8
0 48 8
0 49 8
0 50 8
0 51 8
0 52 9
0 53 15
0 54 4
1 0 15
1 1 4
1 43 1
1 44 15
1 45 13
1 46 15
1 47 15
1 48 15
1 49 15
1 50 15
1 51 15
1 52 15
1 53 6
2 0 15
2 1 4
2 43 1
2 44 15
2 45 15
2 46 15
2 47 15
2 48 15
2 49 15
2 50 15
2 51 15
2 52 15
2 53 12
2 54 8
3 0 15
3 1 4
3 43 1
3 44 15
3 45 15
3 46 15
3 47 15
3 48 15
3 49 15
3 50 15
3 51 15
3 52 15
3 53 15
3 54 15
3 55 4
4 0 15
4 1 4
4 40 8
4 41 8
4 42 8
4 44 11
4 45 15
4 46 15
4 47 15
4 48 15
4 49 15
4 50 15
4 51 15
4 52 15
4 53 15
4 54 15
4 55 4
5 0 15
5 1 4
5 37 1
5 38 4
5 40 2
5 41 2
5 42 2
5 43 1
5 44 15
5 45 15
5 46 15
5 47 6
5 48 3
5 49 15
5 50 15
5 51 15
5 52 15
5 53 6
5 54 2
6 0 15
6 1 12
6 44 2
6 45 2
6 46 2
6 48 1
6 49 15
6 50 15
6 51 15
6 52 14
7 0 15
7 1 15
7 2 4
7 11 8
7 12 8
7 13 8
7 14 8
7 15 8
7 16 8
7 49 2
7 50 2
7 51 2
7 52 2
8 0 15
8 1 15
8 2 4
8 10 1
8 11 15
8 12 6
8 13 2
8 14 2
8 15 2
8 16 3
8 17 4
9 0 15
9 1 15
9 2 4
9 11 3
9 12 4
9 16 1
9 17 4
10 0 15
10 1 15
10 2 4
10 11 1
10 12 12
10 13 8
10 14 8
10 16 9
10 17 4
10 31 8
10 32 8
10 33 8
10 34 8
10 35 8
11 0 15
11 1 15
11 2 4
11 9 1
11 10 4
11 12 2
11 13 2
11 14 2
11 16 3
11 17 4
11 28 8
11 30 1
11 31 15
11 32 6
11 33 2
11 34 2
11 35 2
12 0 15
12 1 6
12 9 1
12 10 4
12 16 1
12 17 4
12 27 1
12 28 15
12 29 4
12 31 2
13 0 15
13 1 4
13 9 1
13 10 4
13 28 2
13 44 8
13 46 8
13 47 8
14 0 15
14 1 4
14 16 1
14 17 4
14 28 8
14 29 8
14 30 8
14 31 8
14 44 2
14 46 2
14 47 2
15 0 15
15 1 4
15 9 1
15 10 4
15 27 1
15 28 6
15 29 2
15 30 2
15 31 2
15 57 8
16 0 15
16 1 4
16 9 1
16 10 4
16 27 9
16 28 4
16 33 1
16 34 4
16 45 8
16 56 1
16 57 15
16 58 4
17 0 15
17 1 12
17 9 1
17 10 12
17 11 8
17 12 8
17 13 8
17 14 8
17 15 8
17 16 9
17 17 4
17 26 9
17 27 15
17 28 4
17 33 1
17 34 4
17 44 1
17 45 15
17 46 4
17 51 8
17 57 2
17 58 8
18 0 15
18 1 15
18 2 4
18 10 2
18 11 2
18 12 2
18 13 2
18 14 2
18 15 2
18 16 2
18 24 8
18 26 2
18 27 3
18 28 12
18 29 8
18 32 8
18 33 9
18 34 4
18 44 1
18 45 15
18 46 12
18 50 1
18 51 15
18 52 4
18 57 1
18 58 15
18 59 4
19 0 15
19 1 6
19 23 1
19 24 15
19 25 4
19 28 2
19 29 2
19 32 2
19 33 3
19 34 12
19 35 8
19 45 3
19 46 15
19 47 4
19 51 2
19 54 8
19 55 8
19 56 8
19 58 2
20 0 15
20 1 4
20 20 8
20 22 1
20 23 4
20 24 2
20 34 2
20 35 3
20 36 4
20 46 2
20 54 2
20 55 2
20 56 2
21 0 15
21 1 12
21 15 8
21 16 8
21 17 8
21 19 1
21 20 15
21 21 4
21 22 1
21 23 4
21 35 1
21 36 4
21 47 8
22 0 15
22 1 15
22 2 4
22 15 2
22 16 2
22 17 2
22 20 3
22 21 4
22 22 1
22 23 4
22 35 1
22 36 4
22 46 1
22 47 15
22 48 4
23 0 15
23 1 15
23 2 4
23 20 1
23 21 4
23 22 1
23 23 12
23 24 8
23 31 8
23 32 8
23 33 8
23 34 8
23 35 9
23 36 4
23 47 2
23 48 8
24 0 15
24 1 15
24 2 12
24 23 2
24 24 3
24 25 4
24 30 1
24 31 6
24 32 2
24 33 2
24 34 2
24 35 2
24 47 1
24 48 15
24 49 4
25 0 15
25 1 15
25 2 15
25 3 4
25 21 8
25 48 2
26 0 15
26 1 6
26 2 2
26 20 1
26 21 15
26 22 4
26 45 8
27 0 15
27 1 12
27 2 8
27 21 2
27 44 9
27 45 15
27 46 4
28 0 15
28 1 15
28 2 15
28 3 4
28 27 1
28 28 4
28 43 9
28 44 15
28 45 15
28 46 4
28 48 1
28 49 4
29 0 15
29 1 15
29 2 15
29 3 12
29 28 1
29 29 4
29 42 1
29 43 15
29 44 15
29 45 15
29 46 4
30 0 15
30 1 15
30 2 15
30 3 15
30 4 4
30 42 1
30 43 15
30 44 15
30 45 6
31 0 15
31 1 15
31 2 15
31 3 6
31 28 8
31 29 8
31 31 8
31 42 1
31 43 15
31 44 6
31 47 1
31 48 4
32 0 15
32 1 15
32 2 15
32 3 4
32 28 2
32 29 2
32 30 1
32 31 15
32 32 4
32 43 2
33 0 15
33 1 6
33 2 2
33 31 2
34 0 15
34 1 12
34 2 8
35 0 15
35 1 15
35 2 15
35 3 4
36 0 15
36 1 15
36 2 15
36 3 12
37 0 15
37 1 15
37 2 15
37 3 15
37 4 4
37 8 8
37 9 8
37 30 8
38 0 15
38 1 15
38 2 15
38 3 6
38 7 1
38 8 15
38 9 6
38 29 1
38 30 15
38 31 4
39 0 15
39 1 15
39 2 15
39 3 4
39 7 1
39 8 6
39 30 2
40 0 15
40 1 15
40 2 15
40 3 4
40 7 1
40 8 4
40 9 8
41 0 15
41 1 15
41 2 15
41 3 4
41 7 8
41 8 8
41 9 10
41 10 8
41 11 8
41 12 8
41 13 8
41 29 1
41 30 4
42 0 15
42 1 15
42 2 15
42 3 4
42 6 1
42 7 15
42 8 14
42 9 10
42 10 10
42 11 10
42 12 11
42 13 15
42 14 4
42 27 8
42 28 8
42 29 8
42 30 9
42 31 4
43 0 15
43 1 15
43 2 15
43 3 4
43 7 3
43 8 6
43 9 2
43 10 2
43 11 2
43 12 3
43 13 6
43 14 8
43 27 2
43 28 2
43 29 2
43 30 3
43 31 4
44 0 15
44 1 15
44 2 15
44 3 4
44 6 1
44 7 5
44 8 4
44 12 1
44 13 5
44 14 15
44 15 4
44 16 8
44 17 8
44 26 1
44 27 4
44 30 1
44 31 4
45 0 15
45 1 15
45 2 6
45 6 1
45 7 13
45 8 12
45 9 8
45 10 8
45 12 9
45 13 12
45 14 10
45 15 8
45 16 11
45 17 15
45 18 4
45 26 1
45 27 4
45 30 1
45 31 4
46 0 15
46 1 15
46 2 4
46 6 1
46 7 15
46 8 15
46 9 15
46 10 6
46 12 3
46 13 15
46 14 15
46 15 6
46 16 3
46 17 6
46 26 8
46 30 1
46 31 12
47 0 15
47 1 15
47 2 4
47 7 3
47 8 15
47 9 7
47 10 12
47 13 2
47 14 2
47 16 1
47 17 4
47 25 9
47 26 15
47 27 4
47 28 8
47 29 8
47 30 1
47 31 15
47 32 12
48 0 15
48 1 6
48 5 8
48 7 9
48 8 15
48 9 5
48 10 6
48 16 1
48 17 5
48 18 4
48 24 1
48 25 6
48 26 2
48 28 2
48 29 2
48 31 2
48 32 3
48 33 4
49 0 15
49 1 4
49 4 1
49 5 15
49 6 12
49 7 10
49 8 10
49 9 9
49 10 4
49 24 1
49 25 4
49 32 1
49 33 4
50 0 15
50 1 4
50 5 3
50 6 15
50 7 6
50 8 3
50 9 15
50 10 12
50 24 1
50 25 4
51 0 15
51 1 12
51 5 1
51 6 6
51 9 3
51 10 6
51 16 1
51 17 5
51 18 4
51 24 1
51 25 4
51 32 1
51 33 4
52 0 15
52 1 15
52 2 4
52 5 1
52 6 12
52 10 8
52 12 8
52 13 8
52 14 8
52 16 1
52 17 5
52 18 4
52 32 1
52 33 4
53 0 15
53 1 15
53 2 4
53 5 9
53 6 15
53 7 12
53 9 1
53 10 6
53 12 3
53 13 15
53 14 15
53 15 12
53 16 9
53 17 13
53 18 4
53 24 1
53 25 4
53 32 1
53 33 4
54 0 15
54 1 6
54 4 1
54 5 15
54 6 14
54 7 3
54 8 4
54 9 1
54 10 4
54 12 1
54 13 6
54 14 10
54 15 2
54 16 3
54 17 15
54 18 4
54 24 1
54 25 4
54 32 1
54 33 4
55 0 15
55 1 4
55 5 3
55 6 15
55 7 13
55 8 12
55 9 9
55 10 4
55 12 1
55 13 5
55 14 15
55 15 4
55 17 2
55 24 1
55 25 4
55 32 1
55 33 4
56 0 15
56 1 4
56 6 3
56 7 15
56 8 15
56 9 15
56 10 4
56 12 1
56 13 5
56 14 6
56 24 1
56 25 12
56 26 8
56 27 8
56 30 8
56 31 8
56 32 9
56 33 4
57 0 15
57 1 4
57 7 3
57 8 15
57 9 7
57 10 12
57 12 9
57 13 12
57 22 8
57 25 2
57 26 2
57 27 2
57 30 2
57 31 2
57 32 2
58 0 15
58 1 4
58 8 2
58 10 10
58 12 11
58 13 15
58 14 4
58 21 1
58 22 15
58 23 4
59 0 15
59 1 4
59 9 1
59 10 15
59 11 5
59 12 14
59 13 2
59 22 2
60 0 15
60 1 4
60 10 3
60 11 5
60 12 15
60 13 12
60 32 1
60 33 4
60 46 9
60 47 4
61 0 15
61 1 4
61 12 2
61 13 2
61 32 1
61 33 4
61 45 1
61 46 15
61 47 4
62 0 15
62 1 4
62 32 1
62 33 4
62 46 10
63 0 15
63 1 4
63 32 1
63 33 4
63 45 1
63 46 15
63 47 4
