0
14 52 8
14 53 8
15 51 9
15 52 15
15 53 15
15 54 12
16 50 9
16 51 15
16 52 6
16 53 3
16 54 15
16 55 12
16 59 8
16 60 8
16 61 8
16 62 8
16 63 8
17 49 9
17 50 15
17 51 6
17 54 3
17 55 15
17 56 4
17 58 1
17 59 15
17 60 6
17 61 3
17 62 15
17 63 6
18 48 1
18 49 15
18 50 6
18 54 9
18 55 15
18 56 4
18 58 1
18 59 6
18 62 3
18 63 4
19 35 8
19 48 1
19 49 15
19 50 12
19 53 1
19 54 15
19 55 6
19 58 1
19 59 4
19 62 1
19 63 4
20 34 9
20 35 15
20 36 4
20 49 3
20 50 15
20 51 12
20 54 2
20 62 1
20 63 4
21 33 9
21 34 15
21 35 6
21 37 8
21 50 3
21 51 15
21 52 4
21 58 1
21 59 4
21 62 1
21 63 4
22 32 9
22 33 15
22 34 6
22 36 9
22 37 15
22 38 4
22 51 2
22 58 1
22 59 4
22 62 1
22 63 4
23 31 1
23 32 15
23 33 6
23 35 9
23 36 15
23 37 6
23 57 8
23 58 9
23 59 12
23 60 8
23 61 8
23 62 9
23 63 4
24 31 1
24 32 6
24 34 1
24 35 15
24 36 6
24 47 8
24 48 8
24 49 8
24 50 8
24 56 1
24 57 15
24 58 6
24 59 2
24 60 2
24 61 3
24 62 15
24 63 4
25 31 1
25 32 4
25 34 9
25 35 6
25 45 1
25 46 4
25 47 2
25 48 2
25 49 2
25 50 2
25 53 1
25 54 4
25 56 1
25 57 6
25 61 1
25 62 6
26 31 1
26 32 4
26 33 1
26 34 15
26 35 4
26 45 1
26 46 4
26 50 1
26 51 4
26 53 1
26 54 4
26 61 1
26 62 4
27 33 1
27 34 6
27 45 1
27 46 4
27 50 1
27 51 4
27 56 1
27 57 4
28 33 1
28 34 12
28 45 1
28 46 4
28 56 1
28 57 4
28 61 1
28 62 4
29 33 1
29 34 15
29 35 4
29 45 1
29 46 4
29 50 1
29 51 4
29 56 1
29 57 4
29 61 1
29 62 4
30 34 3
30 35 4
30 45 1
30 46 4
30 48 8
30 49 8
30 50 8
30 51 8
30 52 8
30 53 8
30 56 1
30 57 12
30 58 8
30 59 8
30 60 8
30 61 9
30 62 4
31 34 1
31 35 4
31 48 2
31 49 2
31 50 2
31 51 2
31 52 2
31 53 2
31 57 2
31 58 2
31 59 2
31 60 2
31 61 2
32 31 1
32 32 4
32 34 9
32 35 4
33 31 1
33 32 4
33 33 1
33 34 15
33 35 4
34 31 1
34 32 4
34 33 1
34 34 6
34 38 8
34 40 8
34 41 8
34 50 8
34 51 8
34 52 8
34 55 8
34 56 8
34 57 8
35 31 9
35 32 4
35 33 1
35 34 12
35 37 9
35 38 15
35 39 4
35 40 2
35 41 2
35 49 9
35 50 15
35 51 6
35 52 2
35 55 2
35 56 3
35 57 15
35 58 12
36 27 8
36 28 8
36 29 8
36 30 9
36 31 15
36 32 4
36 33 1
36 34 15
36 35 12
36 36 9
36 37 15
36 38 6
36 48 9
36 49 15
36 50 6
36 57 3
36 58 15
36 59 12
37 26 9
37 27 15
37 28 6
37 29 2
37 30 2
37 31 2
37 34 2
37 35 2
37 36 2
37 37 2
37 47 9
37 48 15
37 49 6
37 58 3
37 59 15
37 60 12
38 25 9
38 26 15
38 27 6
38 28 8
38 29 8
38 30 8
38 31 8
38 34 8
38 35 8
38 36 8
38 46 9
38 47 15
38 48 6
38 59 3
38 60 15
38 61 4
39 23 8
39 24 9
39 25 15
39 26 6
39 27 9
39 28 15
39 29 6
39 30 3
39 31 15
39 32 4
39 33 1
39 34 15
39 35 6
39 36 2
39 39 8
39 40 8
39 41 8
39 42 8
39 43 8
39 44 8
39 45 9
39 46 15
39 47 6
39 60 2
40 23 2
40 24 2
40 25 2
40 26 9
40 27 15
40 28 6
40 31 3
40 32 4
40 33 1
40 34 6
40 38 9
40 39 15
40 40 6
40 41 2
40 42 2
40 43 2
40 44 2
40 45 2
40 46 2
41 24 8
41 25 9
41 26 15
41 27 6
41 31 1
41 32 4
41 33 1
41 34 4
41 37 9
41 38 15
41 39 6
41 60 1
41 61 12
42 23 9
42 24 15
42 25 6
42 26 2
42 31 1
42 32 4
42 33 1
42 34 4
42 36 9
42 37 15
42 38 6
42 60 1
42 61 15
42 62 12
43 23 2
43 24 2
43 31 9
43 32 4
43 35 9
43 36 15
43 37 6
43 61 3
43 62 15
43 63 4
44 30 9
44 31 15
44 32 4
44 34 1
44 35 15
44 36 6
44 62 3
44 63 4
45 29 1
45 30 15
45 31 6
45 34 1
45 35 14
45 62 1
45 63 4
46 30 2
46 34 1
46 35 15
46 36 4
46 62 1
46 63 4
47 35 3
47 36 4
47 62 1
47 63 4
48 35 1
48 36 4
48 62 1
48 63 4
49 35 1
49 36 4
49 62 9
49 63 4
50 35 1
50 36 4
50 55 8
50 58 8
50 61 9
50 62 15
50 63 4
51 35 1
51 36 4
51 54 1
51 55 6
51 58 3
51 59 4
51 60 1
51 61 15
51 62 6
52 58 1
52 59 4
52 60 1
52 61 6
53 34 1
53 35 4
53 58 1
53 59 4
53 60 1
53 61 4
54 34 1
54 35 4
54 58 1
54 59 4
54 60 1
54 61 12
55 34 1
55 35 12
55 54 1
55 55 12
55 56 8
55 57 8
55 58 9
55 59 4
55 60 1
55 61 15
55 62 4
56 34 1
56 35 15
56 36 12
56 55 2
56 56 2
56 57 2
56 58 2
56 61 3
56 62 4
57 35 3
57 36 15
57 37 12
57 38 8
57 39 8
57 54 8
57 55 8
57 56 8
57 61 9
57 62 4
58 36 2
58 37 2
58 38 3
58 39 15
58 40 12
58 41 8
58 42 8
58 43 8
58 51 8
58 54 2
58 55 3
58 56 15
58 57 12
58 60 9
58 61 15
58 62 4
59 39 2
59 40 2
59 41 2
59 42 3
59 43 15
59 44 12
59 45 8
59 46 8
59 47 8
59 48 8
59 49 8
59 50 9
59 51 15
59 52 4
59 56 3
59 57 15
59 58 12
59 59 9
59 60 15
59 61 6
60 43 2
60 44 2
60 45 2
60 46 2
60 47 2
60 48 2
60 49 2
60 50 2
60 51 2
60 57 2
60 58 2
60 59 2
60 60 2
