15
0 0 0
0 1 0
0 2 0
0 3 0
0 4 0
0 5 0
0 6 0
0 7 1
0 24 4
0 25 1
1 0 0
1 1 0
1 2 0
1 3 0
1 4 0
1 5 0
1 6 0
1 7 9
1 12 6
1 13 2
1 14 2
1 15 3
1 24 4
1 25 1
2 0 0
2 1 0
2 2 0
2 3 0
2 4 0
2 5 0
2 6 1
2 12 4
2 13 0
2 14 0
2 15 1
2 22 6
2 23 2
2 24 0
2 25 0
2 26 2
2 27 3
3 0 0
3 1 0
3 2 0
3 3 0
3 4 0
3 5 0
3 6 0
3 7 3
3 12 4
3 13 0
3 14 0
3 15 1
3 22 12
3 23 8
3 24 0
3 25 0
3 26 8
3 27 9
4 0 0
4 1 0
4 2 0
4 3 0
4 4 0
4 5 0
4 6 0
4 7 1
4 12 12
4 13 0
4 14 0
4 15 0
4 16 3
4 24 4
4 25 1
5 0 0
5 1 0
5 2 0
5 3 0
5 4 0
5 5 0
5 6 0
5 7 0
5 8 3
5 13 4
5 14 0
5 15 0
5 16 0
5 17 2
5 18 3
5 24 12
5 25 9
6 0 0
6 1 0
6 2 0
6 3 0
6 4 0
6 5 0
6 6 0
6 7 0
6 8 0
6 9 3
6 13 12
6 14 8
6 15 0
6 16 0
6 17 0
6 18 1
7 0 0
7 1 0
7 2 0
7 3 0
7 4 0
7 5 0
7 6 0
7 7 0
7 8 0
7 9 0
7 10 3
7 15 12
7 16 8
7 17 8
7 18 9
8 0 0
8 1 0
8 2 0
8 3 0
8 4 0
8 5 0
8 6 0
8 7 0
8 8 0
8 9 0
8 10 0
8 11 3
9 0 0
9 1 0
9 2 0
9 3 0
9 4 0
9 5 0
9 6 0
9 7 0
9 8 0
9 9 0
9 10 0
9 11 0
9 12 3
9 19 6
9 20 2
9 21 2
9 22 3
10 0 0
10 1 0
10 2 0
10 3 0
10 4 0
10 5 0
10 6 0
10 7 0
10 8 0
10 9 0
10 10 0
10 11 0
10 12 0
10 13 3
10 18 6
10 19 0
10 20 0
10 21 0
10 22 0
10 23 3
11 0 0
11 1 0
11 2 0
11 3 0
11 4 0
11 5 0
11 6 0
11 7 0
11 8 0
11 9 0
11 10 0
11 11 0
11 12 0
11 13 1
11 18 4
11 19 0
11 20 0
11 21 0
11 22 0
11 23 0
11 24 3
12 0 0
12 1 0
12 2 0
12 3 0
12 4 0
12 5 0
12 6 0
12 7 0
12 8 0
12 9 0
12 10 0
12 11 0
12 12 0
12 13 1
12 18 4
12 19 0
12 20 0
12 21 0
12 22 0
12 23 0
12 24 0
12 25 3
13 0 0
13 1 0
13 2 0
13 3 0
13 4 0
13 5 0
13 6 0
13 7 0
13 8 0
13 9 0
13 10 0
13 11 0
13 12 0
13 13 0
13 14 3
13 17 6
13 18 0
13 19 0
13 20 0
13 21 0
13 22 0
13 23 0
13 24 0
13 25 1
14 0 0
14 1 0
14 2 0
14 3 0
14 4 0
14 5 0
14 6 0
14 7 0
14 8 0
14 9 0
14 10 0
14 11 0
14 12 0
14 13 0
14 14 1
14 17 12
14 18 8
14 19 8
14 20 0
14 21 0
14 22 0
14 23 0
14 24 0
14 25 1
15 0 0
15 1 0
15 2 0
15 3 0
15 4 0
15 5 0
15 6 0
15 7 0
15 8 0
15 9 0
15 10 0
15 11 0
15 12 0
15 13 0
15 14 9
15 20 4
15 21 0
15 22 0
15 23 0
15 24 0
15 25 1
16 0 0
16 1 0
16 2 0
16 3 0
16 4 0
16 5 0
16 6 0
16 7 0
16 8 0
16 9 0
16 10 0
16 11 0
16 12 0
16 13 1
16 19 6
16 20 0
16 21 0
16 22 0
16 23 0
16 24 0
16 25 1
17 0 0
17 1 0
17 2 0
17 3 0
17 4 0
17 5 0
17 6 0
17 7 0
17 8 8
17 9 8
17 10 8
17 11 8
17 12 0
17 13 1
17 19 12
17 20 0
17 21 0
17 22 0
17 23 0
17 24 0
17 25 1
18 0 0
18 1 0
18 2 0
18 3 0
18 4 0
18 5 0
18 6 0
18 7 0
18 8 2
18 9 2
18 10 2
18 11 2
18 12 0
18 13 9
18 20 4
18 21 0
18 22 0
18 23 0
18 24 0
18 25 1
19 0 0
19 1 0
19 2 0
19 3 0
19 4 0
19 5 0
19 6 0
19 7 0
19 8 0
19 9 0
19 10 0
19 11 0
19 12 1
19 20 4
19 21 0
19 22 0
19 23 0
19 24 0
19 25 1
20 0 0
20 1 0
20 2 0
20 3 0
20 4 0
20 5 0
20 6 0
20 7 0
20 8 0
20 9 0
20 10 0
20 11 0
20 12 1
20 20 4
20 21 0
20 22 0
20 23 0
20 24 0
20 25 1
21 0 0
21 1 0
21 2 0
21 3 0
21 4 0
21 5 0
21 6 0
21 7 0
21 8 0
21 9 0
21 10 0
21 11 0
21 12 9
21 20 12
21 21 0
21 22 0
21 23 0
21 24 0
21 25 9
22 0 0
22 1 0
22 2 0
22 3 0
22 4 0
22 5 0
22 6 0
22 7 0
22 8 0
22 9 0
22 10 0
22 11 1
22 21 12
22 22 8
22 23 8
22 24 9
23 0 0
23 1 0
23 2 0
23 3 0
23 4 0
23 5 0
23 6 0
23 7 0
23 8 0
23 9 0
23 10 8
23 11 0
23 12 3
24 0 0
24 1 0
24 2 0
24 3 0
24 4 0
24 5 0
24 6 0
24 7 0
24 8 0
24 9 1
24 11 4
24 12 1
24 15 6
24 16 2
24 17 2
24 18 3
25 0 0
25 1 0
25 2 0
25 3 0
25 4 0
25 5 0
25 6 0
25 7 0
25 8 8
25 9 9
25 11 4
25 12 0
25 13 2
25 14 2
25 15 0
25 16 0
25 17 0
25 18 0
25 19 3
26 0 0
26 1 0
26 2 0
26 3 0
26 4 0
26 5 0
26 6 0
26 7 1
26 11 4
26 12 0
26 13 0
26 14 0
26 15 0
26 16 0
26 17 0
26 18 0
26 19 1
27 0 0
27 1 0
27 2 0
27 3 0
27 4 0
27 5 0
27 6 8
27 7 0
27 8 3
27 11 4
27 12 0
27 13 0
27 14 0
27 15 0
27 16 0
27 17 0
27 18 0
27 19 9
28 0 0
28 1 0
28 2 0
28 3 0
28 4 0
28 5 1
28 7 4
28 8 1
28 11 4
28 12 0
28 13 0
28 14 0
28 15 0
28 16 0
28 17 0
28 18 9
29 0 0
29 1 0
29 2 0
29 3 0
29 4 0
29 5 1
29 7 4
29 8 1
29 10 6
29 11 0
29 12 0
29 13 0
29 14 0
29 15 0
29 16 8
29 17 9
30 0 0
30 1 0
30 2 0
30 3 0
30 4 0
30 5 1
30 7 12
30 8 9
30 10 4
30 11 0
30 12 0
30 13 0
30 14 0
30 15 1
31 0 0
31 1 0
31 2 0
31 3 0
31 4 0
31 5 1
31 10 12
31 11 0
31 12 0
31 13 0
31 14 0
31 15 1
32 0 0
32 1 0
32 2 0
32 3 0
32 4 0
32 5 0
32 6 3
32 11 4
32 12 0
32 13 0
32 14 0
32 15 1
33 0 0
33 1 0
33 2 0
33 3 0
33 4 0
33 5 0
33 6 1
33 11 12
33 12 0
33 13 0
33 14 0
33 15 1
33 21 6
33 22 2
33 23 3
34 0 0
34 1 0
34 2 0
34 3 0
34 4 0
34 5 0
34 6 1
34 12 4
34 13 0
34 14 0
34 15 0
34 16 3
34 20 6
34 21 0
34 22 0
34 23 0
34 24 3
35 0 0
35 1 0
35 2 0
35 3 0
35 4 0
35 5 0
35 6 0
35 7 3
35 12 12
35 13 0
35 14 0
35 15 0
35 16 1
35 20 4
35 21 0
35 22 0
35 23 0
35 24 0
35 25 2
35 26 3
36 0 0
36 1 0
36 2 0
36 3 0
36 4 0
36 5 0
36 6 0
36 7 0
36 8 3
36 13 12
36 14 8
36 15 8
36 16 9
36 20 4
36 21 0
36 22 0
36 23 0
36 24 0
36 25 0
36 26 0
36 27 3
37 0 0
37 1 0
37 2 0
37 3 0
37 4 0
37 5 0
37 6 0
37 7 0
37 8 0
37 9 3
37 20 4
37 21 0
37 22 0
37 23 0
37 24 0
37 25 0
37 26 0
37 27 1
38 0 0
38 1 0
38 2 0
38 3 0
38 4 0
38 5 0
38 6 0
38 7 0
38 8 0
38 9 1
38 20 12
38 21 0
38 22 0
38 23 0
38 24 0
38 25 0
38 26 0
38 27 9
39 0 0
39 1 0
39 2 0
39 3 0
39 4 0
39 5 0
39 6 0
39 7 0
39 8 0
39 9 1
39 21 12
39 22 0
39 23 0
39 24 0
39 25 0
39 26 9
40 0 0
40 1 0
40 2 0
40 3 0
40 4 0
40 5 0
40 6 0
40 7 0
40 8 0
40 9 0
40 10 3
40 22 12
40 23 8
40 24 8
40 25 9
41 0 0
41 1 0
41 2 0
41 3 0
41 4 0
41 5 0
41 6 0
41 7 0
41 8 0
41 9 0
41 10 1
42 0 0
42 1 0
42 2 0
42 3 0
42 4 0
42 5 0
42 6 0
42 7 0
42 8 0
42 9 0
42 10 1
42 15 6
42 16 2
42 17 3
43 0 0
43 1 0
43 2 0
43 3 0
43 4 0
43 5 0
43 6 0
43 7 0
43 8 0
43 9 0
43 10 1
43 14 6
43 15 0
43 16 0
43 17 0
43 18 3
44 0 0
44 1 0
44 2 0
44 3 0
44 4 0
44 5 0
44 6 0
44 7 0
44 8 0
44 9 0
44 10 9
44 13 6
44 14 0
44 15 0
44 16 0
44 17 0
44 18 0
44 19 3
45 0 0
45 1 0
45 2 0
45 3 0
45 4 0
45 5 0
45 6 0
45 7 0
45 8 0
45 9 1
45 13 4
45 14 0
45 15 0
45 16 0
45 17 0
45 18 0
45 19 1
46 0 0
46 1 0
46 2 0
46 3 0
46 4 0
46 5 0
46 6 0
46 7 0
46 8 0
46 9 1
46 12 6
46 13 0
46 14 0
46 15 0
46 16 0
46 17 0
46 18 0
46 19 1
47 0 0
47 1 0
47 2 0
47 3 0
47 4 0
47 5 0
47 6 0
47 7 0
47 8 0
47 9 9
47 11 6
47 12 0
47 13 0
47 14 0
47 15 0
47 16 0
47 17 0
47 18 0
47 19 9
48 0 0
48 1 0
48 2 0
48 3 0
48 4 0
48 5 0
48 6 0
48 7 0
48 8 9
48 11 4
48 12 0
48 13 0
48 14 0
48 15 0
48 16 8
48 17 8
48 18 9
49 0 0
49 1 0
49 2 0
49 3 0
49 4 0
49 5 0
49 6 0
49 7 9
49 11 4
49 12 0
49 13 0
49 14 0
49 15 9
49 22 6
49 23 3
50 0 0
50 1 0
50 2 0
50 3 0
50 4 0
50 5 0
50 6 9
50 9 6
50 10 2
50 11 8
50 12 8
50 13 8
50 14 9
50 22 12
50 23 9
51 0 0
51 1 0
51 2 0
51 3 0
51 4 0
51 5 9
51 9 4
51 10 1
52 0 0
52 1 0
52 2 0
52 3 0
52 4 9
52 9 4
52 10 1
53 0 0
53 1 0
53 2 0
53 3 1
53 9 12
53 10 9
54 0 0
54 1 0
54 2 0
54 3 1
54 12 6
54 13 2
54 14 3
55 0 0
55 1 0
55 2 0
55 3 9
55 6 6
55 7 3
55 11 6
55 12 0
55 13 0
55 14 1
56 0 0
56 1 0
56 2 1
56 6 4
56 7 1
56 10 6
56 11 0
56 12 0
56 13 0
56 14 1
57 0 0
57 1 0
57 2 1
57 4 6
57 5 2
57 6 0
57 7 0
57 8 2
57 9 2
57 10 0
57 11 0
57 12 0
57 13 8
57 14 9
57 19 6
57 20 2
57 21 2
57 22 2
57 23 2
57 24 3
58 0 0
58 1 0
58 2 1
58 4 12
58 5 8
58 6 0
58 7 0
58 8 0
58 9 0
58 10 0
58 11 0
58 12 9
58 18 6
58 19 0
58 20 0
58 21 0
58 22 0
58 23 0
58 24 1
59 0 0
59 1 0
59 2 9
59 6 4
59 7 0
59 8 0
59 9 0
59 10 0
59 11 1
59 18 4
59 19 0
59 20 0
59 21 0
59 22 0
59 23 0
59 24 1
60 0 0
60 1 1
60 6 12
60 7 8
60 8 0
60 9 0
60 10 0
60 11 1
60 18 4
60 19 0
60 20 0
60 21 0
60 22 0
60 23 0
60 24 9
61 0 0
61 1 9
61 8 12
61 9 8
61 10 8
61 11 9
61 18 4
61 19 0
61 20 0
61 21 0
61 22 0
61 23 9
62 0 9
62 18 12
62 19 8
62 20 8
62 21 8
62 22 9
