0
0 20 1
0 21 15
0 22 15
0 23 15
0 24 15
0 25 15
0 26 15
0 27 15
0 28 15
0 29 15
0 30 15
0 31 15
0 32 15
0 33 15
0 34 15
0 35 15
0 36 15
0 37 15
0 38 15
0 39 15
0 40 15
0 41 15
0 42 15
0 43 15
0 44 15
0 45 15
0 46 15
0 47 15
0 48 15
0 49 15
0 50 15
0 51 15
0 52 15
0 53 15
0 54 15
0 55 15
0 56 15
0 57 15
0 58 15
0 59 15
0 60 15
0 61 15
0 62 15
0 63 15
1 12 8
1 13 8
1 20 1
1 21 15
1 22 15
1 23 15
1 24 15
1 25 15
1 26 15
1 27 15
1 28 15
1 29 15
1 30 15
1 31 15
1 32 15
1 33 15
1 34 15
1 35 15
1 36 15
1 37 15
1 38 15
1 39 15
1 40 15
1 41 15
1 42 15
1 43 15
1 44 15
1 45 15
1 46 15
1 47 15
1 48 15
1 49 15
1 50 15
1 51 15
1 52 15
1 53 15
1 54 15
1 55 15
1 56 15
1 57 15
1 58 15
1 59 15
1 60 15
1 61 15
1 62 15
1 63 15
2 12 2
2 13 2
2 21 2
2 22 3
2 23 15
2 24 15
2 25 15
2 26 15
2 27 15
2 28 15
2 29 15
2 30 15
2 31 15
2 32 15
2 33 15
2 34 15
2 35 15
2 36 15
2 37 15
2 38 15
2 39 15
2 40 15
2 41 15
2 42 15
2 43 15
2 44 15
2 45 15
2 46 15
2 47 15
2 48 15
2 49 15
2 50 15
2 51 15
2 52 15
2 53 15
2 54 15
2 55 15
2 56 15
2 57 15
2 58 15
2 59 15
2 60 15
2 61 15
2 62 15
2 63 15
3 22 1
3 23 15
3 24 15
3 25 15
3 26 15
3 27 15
3 28 15
3 29 6
3 30 3
3 31 15
3 32 15
3 33 15
3 34 15
3 35 15
3 36 15
3 37 15
3 38 15
3 39 15
3 40 15
3 41 15
3 42 15
3 43 15
3 44 15
3 45 15
3 46 15
3 47 15
3 48 15
3 49 15
3 50 15
3 51 15
3 52 15
3 53 15
3 54 15
3 55 15
3 56 15
3 57 15
3 58 15
3 59 15
3 60 15
3 61 15
3 62 15
3 63 15
4 1 1
4 2 4
4 22 1
4 23 15
4 24 15
4 25 15
4 26 15
4 27 15
4 28 15
4 29 12
4 30 9
4 31 15
4 32 15
4 33 15
4 34 15
4 35 15
4 36 15
4 37 15
4 38 15
4 39 15
4 40 15
4 41 15
4 42 15
4 43 15
4 44 15
4 45 15
4 46 15
4 47 15
4 48 15
4 49 15
4 50 15
4 51 15
4 52 15
4 53 15
4 54 15
4 55 15
4 56 15
4 57 15
4 58 15
4 59 15
4 60 15
4 61 15
4 62 15
4 63 15
5 18 1
5 19 4
5 23 3
5 24 15
5 25 15
5 26 15
5 27 6
5 28 11
5 29 15
5 30 15
5 31 6
5 32 3
5 33 15
5 34 15
5 35 15
5 36 15
5 37 15
5 38 15
5 39 15
5 40 15
5 41 15
5 42 15
5 43 15
5 44 15
5 45 15
5 46 15
5 47 15
5 48 15
5 49 15
5 50 15
5 51 15
5 52 15
5 53 6
5 54 2
5 55 2
5 56 3
5 57 15
5 58 15
5 59 15
5 60 15
5 61 15
5 62 15
5 63 15
6 1 1
6 2 4
6 18 1
6 19 4
6 23 1
6 24 15
6 25 15
6 26 15
6 27 13
6 28 15
6 29 15
6 30 15
6 31 4
6 32 1
6 33 15
6 34 15
6 35 15
6 36 15
6 37 15
6 38 15
6 39 15
6 40 15
6 41 15
6 42 15
6 43 15
6 44 15
6 45 15
6 46 15
6 47 15
6 48 15
6 49 15
6 50 15
6 51 6
6 52 2
6 57 3
6 58 15
6 59 15
6 60 15
6 61 15
6 62 15
6 63 15
7 1 1
7 2 4
7 3 8
7 4 1
7 5 4
7 18 1
7 19 4
7 24 3
7 25 15
7 26 15
7 27 15
7 28 15
7 29 15
7 30 6
7 33 11
7 34 15
7 35 15
7 36 15
7 37 15
7 38 15
7 39 15
7 40 15
7 41 15
7 42 15
7 43 15
7 44 15
7 45 15
7 46 15
7 47 15
7 48 15
7 49 15
7 50 15
7 51 4
7 58 3
7 59 15
7 60 15
7 61 15
7 62 15
7 63 15
8 3 2
8 18 1
8 19 4
8 25 3
8 26 15
8 27 15
8 28 15
8 29 15
8 30 12
8 31 8
8 32 9
8 33 15
8 34 15
8 35 15
8 36 15
8 37 15
8 38 15
8 39 15
8 40 15
8 41 15
8 42 15
8 43 15
8 44 15
8 45 15
8 46 15
8 47 15
8 48 15
8 49 15
8 50 15
8 51 4
8 58 1
8 59 15
8 60 15
8 61 15
8 62 15
8 63 15
9 18 9
9 19 4
9 26 3
9 27 15
9 28 15
9 29 15
9 30 15
9 31 15
9 32 15
9 33 15
9 34 15
9 35 15
9 36 15
9 37 15
9 38 15
9 39 15
9 40 15
9 41 15
9 42 15
9 43 15
9 44 15
9 45 15
9 46 15
9 47 15
9 48 15
9 49 15
9 50 15
9 51 12
9 59 3
9 60 15
9 61 15
9 62 15
9 63 15
10 2 8
10 3 8
10 4 8
10 5 8
10 6 8
10 7 8
10 17 1
10 18 15
10 19 4
10 27 3
10 28 15
10 29 15
10 30 15
10 31 15
10 32 15
10 33 15
10 34 15
10 35 15
10 36 15
10 37 15
10 38 15
10 39 15
10 40 15
10 41 15
10 42 15
10 43 15
10 44 15
10 45 15
10 46 15
10 47 15
10 48 15
10 49 15
10 50 15
10 51 15
10 52 12
10 60 3
10 61 15
10 62 15
10 63 15
11 1 1
11 2 6
11 3 2
11 4 2
11 5 2
11 6 2
11 7 3
11 8 4
11 18 2
11 28 3
11 29 15
11 30 15
11 31 15
11 32 15
11 33 15
11 34 15
11 35 15
11 36 15
11 37 15
11 38 15
11 39 15
11 40 15
11 41 15
11 42 15
11 43 15
11 44 15
11 45 15
11 46 15
11 47 15
11 48 15
11 49 15
11 50 15
11 51 15
11 52 15
11 53 4
11 60 1
11 61 15
11 62 15
11 63 15
12 1 1
12 2 4
12 7 1
12 8 4
12 29 2
12 30 3
12 31 15
12 32 15
12 33 15
12 34 15
12 35 15
12 36 15
12 37 15
12 38 15
12 39 15
12 40 15
12 41 15
12 42 15
12 43 15
12 44 15
12 45 15
12 46 15
12 47 15
12 48 15
12 49 15
12 50 15
12 51 15
12 52 15
12 53 12
12 54 8
12 60 1
12 61 15
12 62 15
12 63 15
13 1 1
13 2 4
13 7 1
13 8 4
13 31 3
13 32 15
13 33 15
13 34 15
13 35 15
13 36 15
13 37 15
13 38 15
13 39 15
13 40 15
13 41 15
13 42 15
13 43 15
13 44 15
13 45 15
13 46 15
13 47 15
13 48 15
13 49 15
13 50 15
13 51 15
13 52 15
13 53 15
13 54 15
13 55 12
13 60 1
13 61 15
13 62 15
13 63 15
14 1 1
14 2 4
14 7 1
14 8 12
14 9 8
14 10 8
14 11 8
14 12 8
14 32 2
14 33 2
14 34 3
14 35 15
14 36 15
14 37 15
14 38 15
14 39 15
14 40 6
14 41 2
14 42 2
14 43 3
14 44 15
14 45 15
14 46 15
14 47 15
14 48 15
14 49 15
14 50 15
14 51 15
14 52 15
14 53 15
14 54 15
14 55 15
14 56 12
14 60 1
14 61 15
14 62 15
14 63 15
15 1 1
15 2 4
15 7 1
15 8 15
15 9 6
15 10 2
15 11 2
15 12 3
15 13 4
15 17 8
15 18 8
15 19 8
15 20 8
15 21 8
15 22 8
15 23 8
15 35 2
15 36 2
15 37 2
15 38 2
15 39 2
15 44 3
15 45 15
15 46 15
15 47 15
15 48 15
15 49 15
15 50 15
15 51 15
15 52 15
15 53 15
15 54 15
15 55 15
15 56 15
15 57 12
15 58 8
15 60 9
15 61 15
15 62 15
15 63 15
16 0 8
16 1 9
16 2 12
16 3 8
16 4 8
16 6 8
16 7 9
16 8 6
16 16 1
16 17 15
16 18 6
16 19 2
16 20 2
16 21 2
16 22 3
16 23 15
16 24 4
16 45 2
16 46 3
16 47 15
16 48 15
16 49 15
16 50 15
16 51 15
16 52 15
16 53 15
16 54 15
16 55 15
16 56 15
16 57 15
16 58 15
16 59 13
16 60 15
16 61 15
16 62 15
16 63 15
17 0 2
17 1 2
17 2 2
17 3 2
17 4 2
17 6 2
17 7 3
17 8 4
17 12 1
17 13 4
17 16 1
17 17 6
17 23 3
17 24 4
17 47 2
17 48 3
17 49 15
17 50 15
17 51 15
17 52 15
17 53 15
17 54 15
17 55 15
17 56 15
17 57 15
17 58 15
17 59 15
17 60 15
17 61 15
17 62 15
17 63 15
18 7 1
18 8 4
18 16 1
18 17 12
18 23 9
18 24 4
18 49 3
18 50 15
18 51 15
18 52 15
18 53 15
18 54 15
18 55 15
18 56 15
18 57 15
18 58 15
18 59 15
18 60 15
18 61 15
18 62 15
18 63 15
19 7 1
19 8 4
19 12 1
19 13 4
19 16 1
19 17 15
19 18 4
19 22 1
19 23 15
19 24 4
19 50 3
19 51 15
19 52 15
19 53 15
19 54 15
19 55 15
19 56 15
19 57 15
19 58 15
19 59 15
19 60 15
19 61 15
19 62 15
19 63 15
20 7 1
20 8 4
20 12 1
20 13 4
20 17 2
20 23 3
20 24 4
20 50 1
20 51 15
20 52 15
20 53 15
20 54 15
20 55 15
20 56 15
20 57 15
20 58 15
20 59 15
20 60 15
20 61 15
20 62 15
20 63 15
21 7 1
21 8 12
21 12 1
21 13 4
21 17 8
21 23 1
21 24 4
21 51 3
21 52 15
21 53 15
21 54 15
21 55 15
21 56 15
21 57 15
21 58 15
21 59 15
21 60 15
21 61 15
21 62 15
21 63 15
22 7 1
22 8 15
22 9 12
22 10 8
22 11 8
22 12 9
22 13 4
22 16 1
22 17 6
22 23 1
22 24 4
22 52 3
22 53 15
22 54 15
22 55 15
22 56 15
22 57 15
22 58 15
22 59 15
22 60 15
22 61 15
22 62 15
22 63 15
23 2 8
23 3 8
23 4 8
23 5 8
23 6 8
23 7 8
23 8 2
23 9 2
23 10 2
23 11 2
23 12 2
23 16 1
23 17 4
23 23 1
23 24 4
23 53 3
23 54 15
23 55 15
23 56 15
23 57 15
23 58 15
23 59 15
23 60 15
23 61 15
23 62 15
23 63 15
24 1 1
24 2 15
24 3 6
24 4 2
24 5 2
24 6 3
24 7 15
24 8 4
24 16 1
24 17 12
24 23 9
24 24 4
24 53 1
24 54 15
24 55 15
24 56 15
24 57 15
24 58 15
24 59 15
24 60 15
24 61 15
24 62 15
24 63 15
25 1 1
25 2 6
25 7 3
25 8 4
25 14 8
25 16 1
25 17 15
25 18 12
25 19 8
25 20 8
25 21 8
25 22 9
25 23 15
25 24 4
25 54 3
25 55 15
25 56 15
25 57 15
25 58 15
25 59 15
25 60 15
25 61 15
25 62 15
25 63 15
26 1 1
26 2 4
26 7 1
26 8 4
26 11 1
26 12 4
26 13 1
26 14 15
26 15 4
26 17 2
26 18 2
26 19 2
26 20 2
26 21 2
26 22 2
26 23 2
26 54 1
26 55 15
26 56 15
26 57 15
26 58 15
26 59 15
26 60 15
26 61 15
26 62 15
26 63 15
27 1 1
27 2 4
27 7 1
27 8 4
27 11 1
27 12 4
27 13 1
27 14 14
27 54 1
27 55 15
27 56 15
27 57 15
27 58 15
27 59 15
27 60 15
27 61 15
27 62 15
27 63 15
28 1 1
28 2 12
28 7 9
28 8 4
28 13 1
28 14 15
28 15 12
28 54 1
28 55 15
28 56 15
28 57 15
28 58 15
28 59 15
28 60 15
28 61 15
28 62 15
28 63 15
29 1 1
29 2 15
29 3 12
29 4 8
29 6 9
29 7 15
29 8 4
29 14 3
29 15 15
29 16 4
29 54 1
29 55 15
29 56 15
29 57 15
29 58 15
29 59 15
29 60 15
29 61 15
29 62 15
29 63 15
30 2 2
30 3 2
30 4 2
30 6 2
30 7 2
30 10 8
30 12 9
30 13 4
30 15 3
30 16 12
30 24 8
30 55 3
30 56 15
30 57 15
30 58 15
30 59 15
30 60 15
30 61 15
30 62 15
30 63 15
31 9 1
31 10 15
31 11 13
31 12 15
31 13 4
31 15 1
31 16 15
31 17 12
31 18 8
31 22 8
31 24 2
31 55 9
31 56 15
31 57 15
31 58 15
31 59 15
31 60 15
31 61 15
31 62 15
31 63 15
32 6 8
32 10 2
32 11 2
32 12 2
32 16 2
32 17 3
32 18 15
32 19 12
32 20 8
32 21 9
32 22 15
32 23 4
32 54 1
32 55 15
32 56 15
32 57 15
32 58 15
32 59 15
32 60 15
32 61 15
32 62 15
32 63 15
33 3 8
33 4 8
33 5 9
33 6 15
33 7 4
33 13 8
33 14 8
33 15 8
33 16 8
33 17 8
33 18 10
33 19 2
33 20 2
33 21 2
33 22 2
33 23 8
33 24 8
33 25 8
33 54 1
33 55 15
33 56 15
33 57 15
33 58 15
33 59 15
33 60 15
33 61 15
33 62 15
33 63 15
34 3 2
34 4 2
34 5 2
34 6 2
34 12 1
34 13 15
34 14 6
34 15 2
34 16 2
34 17 3
34 18 15
34 19 12
34 22 9
34 23 15
34 24 7
34 25 15
34 26 4
34 54 1
34 55 15
34 56 15
34 57 15
34 58 15
34 59 15
34 60 15
34 61 15
34 62 15
34 63 15
35 13 2
35 18 2
35 19 2
35 22 2
35 23 2
35 25 2
35 55 3
35 56 15
35 57 15
35 58 15
35 59 15
35 60 15
35 61 15
35 62 15
35 63 15
36 55 1
36 56 15
36 57 15
36 58 15
36 59 15
36 60 15
36 61 15
36 62 15
36 63 15
37 17 8
37 18 8
37 56 3
37 57 15
37 58 15
37 59 6
37 60 3
37 61 15
37 62 15
37 63 15
38 15 8
38 16 9
38 17 15
38 18 6
38 56 1
38 57 15
38 58 15
38 59 12
38 61 10
38 62 2
38 63 2
39 13 8
39 15 2
39 16 2
39 17 2
39 27 1
39 28 4
39 56 8
39 57 11
39 58 15
39 59 15
39 60 13
39 61 15
39 62 12
39 63 8
40 9 8
40 12 1
40 13 15
40 14 4
40 56 2
40 57 2
40 58 2
40 59 2
40 60 2
40 61 2
40 62 2
40 63 2
41 5 8
41 6 8
41 8 1
41 9 15
41 10 4
41 13 2
42 4 1
42 5 15
42 6 6
42 9 2
43 4 1
43 5 6
43 56 8
43 57 8
43 58 8
43 59 8
43 60 8
43 61 8
43 62 8
43 63 8
44 4 1
44 5 4
44 56 2
44 57 3
44 58 15
44 59 15
44 60 15
44 61 15
44 62 15
44 63 15
45 57 1
45 58 15
45 59 15
45 60 6
45 61 2
45 62 2
45 63 2
46 4 8
46 30 8
46 57 1
46 58 15
46 59 15
46 60 12
46 61 8
46 62 8
46 63 8
47 3 1
47 4 15
47 5 4
47 29 1
47 30 15
47 31 4
47 58 3
47 59 15
47 60 15
47 61 15
47 62 15
47 63 15
48 3 1
48 4 6
48 17 8
48 18 8
48 19 8
48 20 8
48 21 8
48 22 8
48 23 8
48 30 2
48 58 1
48 59 15
48 60 15
48 61 15
48 62 15
48 63 15
49 3 1
49 4 4
49 16 1
49 17 15
49 18 6
49 19 3
49 20 15
49 21 6
49 22 3
49 23 15
49 24 4
49 58 1
49 59 15
49 60 15
49 61 15
49 62 15
49 63 15
50 3 9
50 4 4
50 16 1
50 17 6
50 19 1
50 20 6
50 23 3
50 24 4
50 58 1
50 59 15
50 60 15
50 61 15
50 62 15
50 63 15
51 2 1
51 3 15
51 4 4
51 16 1
51 17 4
51 23 1
51 24 4
51 58 1
51 59 15
51 60 15
51 61 15
51 62 15
51 63 15
52 2 1
52 3 6
52 16 1
52 17 4
52 19 1
52 20 12
52 23 9
52 24 4
52 58 1
52 59 15
52 60 15
52 61 15
52 62 15
52 63 15
53 2 1
53 3 4
53 16 1
53 17 4
53 19 1
53 20 15
53 21 12
53 22 9
53 23 15
53 24 4
53 58 9
53 59 15
53 60 6
53 61 3
53 62 15
53 63 15
54 16 1
54 17 4
54 20 2
54 21 2
54 22 2
54 23 3
54 24 4
54 57 1
54 58 15
54 59 15
54 60 12
54 61 9
54 62 15
54 63 15
55 16 1
55 17 4
55 23 1
55 24 4
55 57 1
55 58 15
55 59 15
55 60 15
55 61 15
55 62 6
55 63 2
56 3 1
56 4 4
56 23 1
56 24 4
56 29 1
56 30 4
56 57 1
56 58 15
56 59 15
56 60 15
56 61 15
56 62 12
56 63 8
57 16 1
57 17 12
57 23 9
57 24 4
57 58 3
57 59 15
57 60 15
57 61 15
57 62 15
57 63 15
58 16 1
58 17 15
58 18 12
58 19 8
58 20 8
58 21 8
58 22 9
58 23 15
58 24 4
58 29 8
58 59 3
58 60 15
58 61 15
58 62 15
58 63 15
59 6 8
59 7 8
59 17 2
59 18 2
59 19 2
59 20 2
59 21 2
59 22 2
59 23 2
59 28 9
59 29 15
59 30 4
59 60 3
59 61 15
59 62 15
59 63 15
60 6 2
60 7 2
60 25 8
60 27 1
60 28 15
60 29 6
60 60 1
60 61 15
60 62 15
60 63 15
61 16 8
61 18 8
61 24 9
61 25 15
61 26 4
61 28 2
61 61 3
61 62 15
61 63 15
62 16 2
62 17 1
62 18 15
62 19 4
62 23 1
62 24 15
62 25 6
62 62 3
62 63 15
63 18 2
63 24 2
63 63 2
