15
2 57 6
2 58 2
2 59 3
3 56 6
3 57 0
3 58 0
3 59 1
4 55 6
4 56 0
4 57 0
4 58 0
4 59 1
5 55 4
5 56 0
5 57 0
5 58 0
5 59 1
6 55 4
6 56 0
6 57 0
6 58 0
6 59 1
7 55 4
7 56 0
7 57 0
7 58 0
7 59 0
7 60 3
8 55 4
8 56 0
8 57 0
8 58 0
8 59 0
8 60 1
9 55 4
9 56 0
9 57 0
9 58 0
9 59 0
9 60 1
10 55 12
10 56 0
10 57 0
10 58 0
10 59 0
10 60 1
11 56 12
11 57 8
11 58 0
11 59 0
11 60 1
12 58 12
12 59 8
12 60 9
14 50 6
14 51 3
15 49 6
15 50 0
15 51 0
15 52 3
16 49 4
16 50 0
16 51 0
16 52 0
16 53 3
17 49 12
17 50 0
17 51 0
17 52 0
17 53 1
18 50 12
18 51 0
18 52 0
18 53 1
19 51 12
19 52 8
19 53 9
21 58 6
21 59 2
21 60 2
21 61 2
21 62 3
22 33 6
22 34 2
22 35 2
22 36 2
22 37 2
22 38 3
22 58 4
22 59 0
22 60 0
22 61 0
22 62 1
23 32 6
23 33 0
23 34 0
23 35 0
23 36 0
23 37 0
23 38 0
23 39 2
23 40 3
23 58 4
23 59 0
23 60 0
23 61 0
23 62 1
24 29 6
24 30 2
24 31 2
24 32 0
24 33 0
24 34 0
24 35 0
24 36 0
24 37 0
24 38 0
24 39 0
24 40 0
24 41 3
24 58 4
24 59 0
24 60 0
24 61 0
24 62 1
25 28 6
25 29 0
25 30 0
25 31 0
25 32 0
25 33 0
25 34 0
25 35 0
25 36 0
25 37 0
25 38 0
25 39 0
25 40 0
25 41 0
25 42 2
25 43 3
25 58 12
25 59 0
25 60 0
25 61 0
25 62 1
26 27 6
26 28 0
26 29 0
26 30 0
26 31 0
26 32 0
26 33 0
26 34 0
26 35 0
26 36 0
26 37 0
26 38 0
26 39 0
26 40 0
26 41 0
26 42 0
26 43 0
26 44 3
26 59 12
26 60 0
26 61 0
26 62 1
27 26 6
27 27 0
27 28 0
27 29 0
27 30 0
27 31 0
27 32 0
27 33 0
27 34 0
27 35 0
27 36 0
27 37 0
27 38 0
27 39 0
27 40 0
27 41 0
27 42 0
27 43 0
27 44 0
27 45 2
27 46 3
27 60 12
27 61 8
27 62 9
28 26 4
28 27 0
28 28 0
28 29 0
28 30 0
28 31 0
28 32 0
28 33 0
28 34 0
28 35 0
28 36 0
28 37 0
28 38 0
28 39 0
28 40 0
28 41 0
28 42 0
28 43 0
28 44 0
28 45 0
28 46 0
28 47 2
28 48 2
28 49 3
29 25 6
29 26 0
29 27 0
29 28 0
29 29 0
29 30 0
29 31 0
29 32 0
29 33 0
29 34 8
29 35 8
29 36 8
29 37 8
29 38 0
29 39 0
29 40 0
29 41 0
29 42 0
29 43 0
29 44 0
29 45 0
29 46 0
29 47 0
29 48 0
29 49 0
29 50 2
29 51 3
30 24 6
30 25 0
30 26 0
30 27 0
30 28 0
30 29 0
30 30 0
30 31 0
30 32 0
30 33 1
30 35 6
30 36 3
30 38 12
30 39 8
30 40 8
30 41 8
30 42 8
30 43 0
30 44 0
30 45 0
30 46 0
30 47 0
30 48 0
30 49 0
30 50 0
30 51 0
30 52 3
31 24 4
31 25 0
31 26 0
31 27 0
31 28 0
31 29 0
31 30 0
31 31 0
31 32 0
31 33 0
31 34 2
31 35 0
31 36 0
31 37 2
31 38 2
31 39 2
31 40 2
31 41 3
31 43 12
31 44 0
31 45 0
31 46 0
31 47 0
31 48 0
31 49 0
31 50 0
31 51 0
31 52 0
31 53 3
32 23 6
32 24 0
32 25 0
32 26 0
32 27 0
32 28 0
32 29 0
32 30 0
32 31 0
32 32 0
32 33 1
32 34 12
32 35 0
32 36 0
32 37 0
32 38 0
32 39 0
32 40 1
32 41 4
32 42 3
32 44 12
32 45 0
32 46 0
32 47 0
32 48 0
32 49 0
32 50 0
32 51 0
32 52 0
32 53 1
33 23 4
33 24 0
33 25 0
33 26 0
33 27 0
33 28 0
33 29 0
33 30 0
33 31 0
33 32 0
33 33 1
33 35 12
33 36 8
33 37 0
33 38 0
33 39 0
33 40 1
33 41 4
33 42 0
33 43 3
33 45 12
33 46 0
33 47 0
33 48 0
33 49 0
33 50 0
33 51 0
33 52 0
33 53 0
33 54 3
34 23 12
34 24 0
34 25 0
34 26 0
34 27 0
34 28 0
34 29 0
34 30 0
34 31 0
34 32 0
34 33 9
34 35 7
34 37 4
34 38 0
34 39 0
34 40 9
34 41 4
34 42 0
34 43 0
34 44 3
34 46 4
34 47 0
34 48 0
34 49 0
34 50 0
34 51 0
34 52 0
34 53 0
34 54 1
34 61 6
34 62 2
34 63 2
35 24 4
35 25 0
35 26 0
35 27 0
35 28 0
35 29 0
35 30 0
35 31 0
35 32 1
35 33 6
35 34 2
35 35 0
35 36 2
35 37 0
35 38 8
35 39 9
35 41 4
35 42 0
35 43 0
35 44 0
35 45 3
35 46 4
35 47 0
35 48 0
35 49 0
35 50 0
35 51 0
35 52 0
35 53 0
35 54 1
35 60 6
35 61 0
35 62 0
35 63 0
36 24 12
36 25 0
36 26 0
36 27 0
36 28 0
36 29 0
36 30 0
36 31 0
36 32 1
36 33 4
36 34 0
36 35 0
36 36 0
36 37 1
36 40 6
36 41 0
36 42 0
36 43 0
36 44 0
36 45 1
36 46 4
36 47 0
36 48 0
36 49 0
36 50 0
36 51 0
36 52 0
36 53 0
36 54 1
36 60 4
36 61 0
36 62 0
36 63 0
37 25 4
37 26 0
37 27 0
37 28 0
37 29 0
37 30 0
37 31 0
37 32 0
37 33 0
37 34 0
37 35 0
37 36 0
37 37 9
37 39 6
37 40 0
37 41 0
37 42 0
37 43 0
37 44 0
37 45 1
37 46 4
37 47 0
37 48 0
37 49 0
37 50 0
37 51 0
37 52 0
37 53 0
37 54 9
37 60 4
37 61 0
37 62 0
37 63 0
38 25 4
38 26 0
38 27 0
38 28 0
38 29 0
38 30 0
38 31 0
38 32 1
38 33 4
38 34 0
38 35 0
38 36 1
38 38 6
38 39 0
38 40 0
38 41 0
38 42 0
38 43 0
38 44 0
38 45 1
38 46 4
38 47 0
38 48 0
38 49 0
38 50 0
38 51 0
38 52 0
38 53 1
38 60 4
38 61 0
38 62 0
38 63 0
39 25 12
39 26 8
39 27 0
39 28 0
39 29 0
39 30 0
39 31 0
39 32 1
39 33 12
39 34 0
39 35 0
39 36 8
39 37 2
39 38 0
39 39 0
39 40 0
39 41 0
39 42 0
39 43 0
39 44 0
39 45 9
39 46 4
39 47 0
39 48 0
39 49 0
39 50 0
39 51 0
39 52 0
39 53 1
39 60 12
39 61 0
39 62 0
39 63 0
40 0 2
40 1 2
40 2 2
40 3 2
40 4 2
40 5 2
40 6 2
40 7 2
40 8 2
40 9 2
40 10 2
40 11 2
40 12 2
40 13 2
40 14 2
40 15 2
40 16 2
40 17 2
40 18 2
40 19 2
40 20 2
40 21 2
40 22 2
40 23 2
40 24 2
40 25 2
40 26 2
40 27 0
40 28 0
40 29 0
40 30 0
40 31 0
40 32 1
40 34 12
40 35 9
40 37 4
40 38 0
40 39 0
40 40 0
40 41 0
40 42 0
40 43 0
40 44 9
40 46 4
40 47 0
40 48 0
40 49 0
40 50 0
40 51 0
40 52 0
40 53 9
40 61 4
40 62 0
40 63 0
41 0 0
41 1 0
41 2 0
41 3 0
41 4 0
41 5 0
41 6 0
41 7 0
41 8 0
41 9 0
41 10 0
41 11 0
41 12 0
41 13 0
41 14 0
41 15 0
41 16 0
41 17 0
41 18 0
41 19 0
41 20 0
41 21 0
41 22 0
41 23 0
41 24 0
41 25 0
41 26 0
41 27 0
41 28 0
41 29 0
41 30 0
41 31 0
41 32 0
41 33 3
41 36 6
41 37 0
41 38 0
41 39 0
41 40 0
41 41 0
41 42 0
41 43 9
41 45 6
41 46 0
41 47 0
41 48 0
41 49 0
41 50 0
41 51 8
41 52 9
41 60 6
41 61 0
41 62 0
41 63 0
42 0 0
42 1 0
42 2 0
42 3 0
42 4 0
42 5 0
42 6 0
42 7 0
42 8 0
42 9 0
42 10 0
42 11 0
42 12 0
42 13 0
42 14 0
42 15 0
42 16 0
42 17 0
42 18 0
42 19 0
42 20 0
42 21 0
42 22 0
42 23 0
42 24 0
42 25 0
42 26 0
42 27 0
42 28 0
42 29 0
42 30 0
42 31 0
42 32 0
42 33 0
42 34 3
42 36 12
42 37 0
42 38 0
42 39 0
42 40 0
42 41 0
42 42 9
42 44 6
42 45 0
42 46 0
42 47 0
42 48 0
42 49 0
42 50 9
42 60 4
42 61 0
42 62 0
42 63 0
43 0 8
43 1 8
43 2 0
43 3 0
43 4 0
43 5 8
43 6 8
43 7 8
43 8 8
43 9 8
43 10 8
43 11 8
43 12 8
43 13 8
43 14 8
43 15 8
43 16 8
43 17 8
43 18 8
43 19 0
43 20 0
43 21 0
43 22 8
43 23 8
43 24 8
43 25 8
43 26 8
43 27 0
43 28 0
43 29 0
43 30 0
43 31 0
43 32 0
43 33 0
43 34 0
43 35 3
43 37 4
43 38 8
43 39 8
43 40 8
43 41 9
43 43 6
43 44 0
43 45 0
43 46 0
43 47 0
43 48 0
43 49 9
43 59 6
43 60 0
43 61 0
43 62 0
43 63 0
44 2 12
44 3 8
44 4 9
44 19 12
44 20 8
44 21 9
44 26 6
44 27 0
44 28 0
44 29 0
44 30 0
44 31 0
44 32 0
44 33 0
44 34 0
44 35 0
44 36 2
44 37 0
44 38 2
44 39 2
44 40 2
44 41 2
44 42 2
44 43 0
44 44 0
44 45 0
44 46 0
44 47 0
44 48 1
44 58 6
44 59 0
44 60 0
44 61 0
44 62 0
44 63 0
45 26 4
45 27 0
45 28 0
45 29 0
45 30 0
45 31 0
45 32 0
45 33 0
45 34 0
45 35 0
45 36 0
45 37 0
45 38 0
45 39 0
45 40 0
45 41 0
45 42 0
45 43 0
45 44 0
45 45 0
45 46 0
45 47 0
45 48 9
45 58 4
45 59 0
45 60 0
45 61 0
45 62 0
45 63 0
46 26 4
46 27 0
46 28 0
46 29 0
46 30 0
46 31 0
46 32 0
46 33 0
46 34 0
46 35 0
46 36 0
46 37 0
46 38 0
46 39 0
46 40 0
46 41 0
46 42 0
46 43 0
46 44 0
46 45 0
46 46 0
46 47 9
46 58 4
46 59 0
46 60 0
46 61 0
46 62 0
46 63 8
47 26 4
47 27 0
47 28 0
47 29 0
47 30 0
47 31 0
47 32 0
47 33 0
47 34 0
47 35 0
47 36 0
47 37 0
47 38 0
47 39 0
47 40 0
47 41 0
47 42 0
47 43 0
47 44 0
47 45 0
47 46 1
47 58 12
47 59 0
47 60 0
47 61 0
47 62 9
48 26 12
48 27 0
48 28 0
48 29 0
48 30 0
48 31 0
48 32 0
48 33 0
48 34 0
48 35 0
48 36 0
48 37 0
48 38 0
48 39 0
48 40 0
48 41 0
48 42 0
48 43 0
48 44 0
48 45 0
48 46 9
48 59 12
48 60 8
48 61 9
49 27 12
49 28 0
49 29 0
49 30 0
49 31 0
49 32 0
49 33 0
49 34 0
49 35 0
49 36 0
49 37 0
49 38 0
49 39 0
49 40 0
49 41 0
49 42 0
49 43 0
49 44 0
49 45 9
50 28 12
50 29 8
50 30 8
50 31 0
50 32 0
50 33 8
50 34 8
50 35 8
50 36 0
50 37 0
50 38 0
50 39 0
50 40 0
50 41 0
50 42 0
50 43 8
50 44 9
51 31 12
51 32 9
51 36 12
51 37 8
51 38 0
51 39 0
51 40 0
51 41 0
51 42 9
52 38 12
52 39 8
52 40 8
52 41 9
54 59 6
54 60 2
54 61 2
54 62 2
54 63 2
55 58 6
55 59 0
55 60 0
55 61 0
55 62 0
55 63 0
56 58 4
56 59 0
56 60 0
56 61 0
56 62 0
56 63 0
57 58 4
57 59 0
57 60 0
57 61 0
57 62 0
57 63 0
58 58 4
58 59 0
58 60 0
58 61 0
58 62 0
58 63 8
59 58 12
59 59 0
59 60 0
59 61 0
59 62 9
60 59 12
60 60 8
60 61 9
63 0 2
63 1 3
