0
10 14 8
10 15 8
10 16 8
10 17 8
10 18 8
10 19 8
11 13 9
11 14 15
11 15 6
11 16 2
11 17 2
11 18 2
11 19 2
11 21 8
11 27 8
11 28 8
11 29 8
11 30 8
11 31 8
11 32 8
11 33 8
11 44 8
11 45 8
11 46 8
11 47 8
11 48 8
11 49 8
11 50 8
11 51 8
11 54 8
11 55 8
11 56 8
11 57 8
11 58 8
11 59 8
12 7 8
12 8 8
12 9 8
12 10 8
12 11 8
12 12 9
12 13 15
12 14 6
12 20 1
12 21 15
12 22 4
12 23 8
12 24 8
12 25 8
12 26 9
12 27 15
12 28 6
12 29 2
12 30 2
12 31 2
12 32 3
12 33 15
12 34 12
12 36 8
12 37 8
12 38 8
12 43 9
12 44 15
12 45 6
12 46 2
12 47 2
12 48 2
12 49 2
12 50 3
12 51 15
12 52 12
12 53 9
12 54 15
12 55 6
12 56 2
12 57 2
12 58 3
12 59 15
12 60 12
13 6 9
13 7 15
13 8 6
13 9 2
13 10 2
13 11 2
13 12 2
13 13 2
13 21 2
13 23 2
13 24 2
13 25 2
13 26 2
13 27 2
13 33 2
13 34 2
13 36 10
13 37 11
13 38 15
13 39 12
13 40 8
13 41 8
13 42 9
13 43 15
13 44 6
13 51 2
13 52 2
13 53 2
13 54 2
13 59 3
13 60 15
13 61 4
14 5 9
14 6 15
14 7 6
14 35 1
14 36 6
14 37 3
14 38 6
14 39 2
14 40 2
14 41 2
14 42 2
14 43 2
14 60 3
14 61 4
15 4 1
15 5 15
15 6 6
15 35 1
15 36 12
15 37 9
15 38 4
15 60 1
15 61 4
16 4 1
16 5 6
16 36 2
16 37 2
16 60 1
16 61 4
17 4 1
17 5 4
17 60 1
17 61 4
18 4 9
18 5 4
18 28 8
18 29 8
18 30 8
18 31 8
18 32 8
18 33 8
18 34 8
18 35 8
18 36 8
18 37 8
19 3 1
19 4 15
19 5 4
19 28 2
19 29 2
19 30 2
19 31 2
19 32 2
19 33 2
19 34 2
19 35 2
19 36 2
19 37 3
19 38 4
19 60 1
19 61 4
20 3 1
20 4 6
20 38 8
20 60 1
20 61 4
21 3 1
21 4 4
21 27 1
21 28 4
21 37 1
21 38 15
21 39 4
22 3 1
22 4 4
22 38 11
22 39 4
23 3 1
23 4 4
23 27 8
23 37 1
23 38 15
23 39 4
23 59 1
23 60 4
24 3 1
24 4 4
24 18 8
24 19 8
24 20 8
24 21 8
24 22 8
24 23 8
24 24 8
24 25 8
24 26 9
24 27 15
24 28 12
24 29 8
24 30 8
24 31 8
24 34 8
24 35 8
24 36 8
24 37 8
24 38 10
24 59 1
24 60 4
25 3 1
25 4 12
25 17 1
25 18 6
25 19 2
25 20 2
25 21 2
25 22 2
25 23 2
25 24 3
25 25 6
25 26 2
25 27 3
25 28 6
25 29 2
25 30 2
25 31 2
25 34 2
25 35 2
25 36 2
25 37 3
25 38 15
25 39 4
25 61 8
26 3 1
26 4 15
26 5 4
26 24 1
26 25 4
26 27 1
26 28 4
26 38 10
26 60 1
26 61 15
26 62 4
27 4 3
27 5 4
27 17 1
27 18 4
27 27 1
27 28 4
27 37 1
27 38 15
27 39 4
27 61 3
27 62 4
28 4 1
28 5 4
28 24 1
28 25 12
28 27 9
28 28 4
28 38 2
29 4 1
29 5 12
29 19 8
29 21 8
29 22 8
29 23 8
29 24 9
29 25 15
29 26 13
29 27 15
29 28 4
29 37 1
29 38 4
29 61 1
29 62 4
30 4 1
30 5 15
30 6 4
30 17 9
30 18 4
30 19 2
30 21 2
30 22 2
30 23 2
30 24 2
30 25 2
30 26 2
30 27 3
30 28 4
30 37 1
30 38 4
31 5 3
31 6 4
31 16 1
31 17 15
31 18 4
31 37 1
31 38 4
32 5 1
32 6 4
32 17 10
32 23 8
32 24 8
32 25 8
32 26 8
32 27 9
32 28 12
32 29 8
32 30 8
32 31 8
32 32 8
32 33 8
32 34 8
32 35 8
32 36 8
32 37 9
32 38 4
32 62 1
32 63 4
33 5 1
33 6 4
33 16 1
33 17 15
33 18 4
33 22 1
33 23 15
33 24 6
33 25 2
33 26 2
33 27 2
33 28 2
33 29 2
33 30 2
33 31 2
33 32 3
33 33 15
33 34 6
33 35 2
33 36 2
33 37 3
33 38 4
33 62 9
33 63 4
34 5 1
34 6 12
34 17 3
34 18 4
34 23 10
34 33 3
34 34 4
34 37 1
34 38 4
34 61 9
34 62 15
34 63 4
35 5 1
35 6 15
35 7 4
35 22 1
35 23 15
35 24 4
35 25 8
35 33 1
35 34 4
35 37 1
35 38 4
35 60 1
35 61 15
35 62 6
36 6 3
36 7 4
36 22 1
36 23 6
36 25 3
36 26 4
36 33 1
36 34 4
36 60 1
36 61 6
37 6 1
37 7 4
37 17 1
37 18 4
37 22 1
37 23 4
37 25 1
37 26 4
38 6 1
38 7 4
38 17 9
38 18 4
38 22 1
38 23 4
38 25 1
38 26 4
38 33 1
38 34 4
38 37 1
38 38 4
39 6 1
39 7 4
39 16 1
39 17 15
39 18 4
39 22 1
39 23 12
39 25 9
39 26 4
39 33 9
39 34 4
39 37 1
39 38 4
39 60 1
39 61 4
40 6 1
40 7 4
40 16 1
40 17 14
40 22 1
40 23 15
40 24 13
40 25 15
40 26 12
40 27 8
40 28 8
40 29 8
40 30 8
40 31 8
40 32 9
40 33 15
40 34 12
40 35 8
40 36 8
40 37 9
40 38 4
40 60 1
40 61 4
41 16 1
41 17 15
41 18 4
41 22 1
41 23 6
41 24 2
41 25 2
41 26 2
41 27 2
41 28 2
41 29 2
41 30 2
41 31 10
41 32 10
41 33 10
41 34 10
41 35 2
41 36 2
41 37 3
41 38 4
41 60 1
41 61 12
42 17 3
42 18 4
42 30 1
42 31 6
42 32 2
42 33 2
42 34 3
42 35 4
42 37 1
42 38 4
42 60 1
42 61 15
42 62 4
43 6 1
43 7 4
43 17 1
43 18 4
43 30 1
43 31 4
43 37 1
43 38 4
43 61 3
43 62 4
44 0 8
44 1 8
44 6 1
44 7 4
44 17 1
44 18 4
44 30 1
44 31 4
44 37 1
44 38 12
44 61 1
44 62 4
45 0 15
45 1 15
45 2 12
45 6 1
45 7 12
45 17 1
45 18 4
45 22 1
45 23 4
45 30 1
45 31 12
45 32 8
45 33 8
45 34 9
45 35 4
45 37 1
45 38 15
45 39 4
46 0 15
46 1 15
46 2 15
46 3 12
46 6 1
46 7 15
46 8 12
46 17 1
46 18 4
46 22 1
46 23 4
46 31 2
46 32 2
46 33 2
46 34 2
46 38 10
46 61 9
46 62 4
47 0 15
47 1 15
47 2 15
47 3 15
47 4 4
47 7 3
47 8 15
47 9 12
47 17 1
47 18 4
47 20 8
47 22 9
47 23 4
47 24 8
47 27 8
47 29 8
47 31 8
47 32 8
47 33 8
47 34 8
47 36 8
47 37 9
47 38 15
47 39 4
47 60 1
47 61 15
47 62 4
48 0 15
48 1 15
48 2 15
48 3 15
48 4 4
48 8 3
48 9 15
48 10 12
48 20 2
48 22 2
48 24 2
48 27 2
48 29 2
48 31 2
48 32 2
48 33 2
48 34 2
48 36 2
48 37 2
48 38 10
48 61 2
49 0 15
49 1 15
49 2 15
49 3 15
49 4 4
49 9 3
49 10 15
49 11 12
49 30 1
49 31 4
49 37 1
49 38 15
49 39 4
49 60 1
49 61 4
50 0 3
50 1 15
50 2 15
50 3 15
50 4 4
50 10 3
50 11 15
50 12 4
50 30 1
50 31 4
50 38 11
50 39 4
51 1 3
51 2 15
51 3 15
51 4 4
51 11 2
51 13 8
51 37 1
51 38 15
51 39 4
51 60 9
51 61 4
52 1 1
52 2 15
52 3 15
52 4 4
52 12 1
52 13 15
52 14 12
52 30 1
52 31 4
52 37 1
52 38 6
52 59 9
52 60 15
52 61 4
53 1 1
53 2 15
53 3 15
53 4 4
53 13 3
53 14 15
53 15 12
53 37 1
53 38 4
53 58 9
53 59 15
53 60 6
54 1 1
54 2 15
54 3 15
54 4 4
54 14 3
54 15 15
54 16 4
54 17 8
54 21 8
54 25 8
54 31 8
54 32 8
54 33 8
54 34 8
54 35 8
54 36 8
54 37 9
54 38 4
54 52 8
54 53 8
54 54 8
54 55 8
54 56 8
54 57 9
54 58 15
54 59 6
55 1 1
55 2 15
55 3 15
55 4 4
55 15 2
55 16 1
55 17 15
55 18 12
55 19 8
55 20 1
55 21 15
55 22 4
55 24 1
55 25 15
55 26 12
55 31 2
55 32 2
55 33 2
55 34 2
55 35 2
55 36 2
55 37 2
55 45 8
55 46 8
55 47 8
55 48 8
55 49 8
55 50 8
55 51 9
55 52 15
55 53 6
55 54 2
55 55 2
55 56 2
55 57 2
55 58 2
56 2 3
56 3 15
56 4 4
56 17 2
56 18 2
56 19 2
56 21 2
56 25 3
56 26 15
56 27 12
56 37 8
56 38 8
56 39 8
56 40 8
56 41 8
56 42 8
56 43 8
56 44 9
56 45 15
56 46 6
56 47 2
56 48 2
56 49 2
56 50 2
56 51 2
56 52 2
57 2 1
57 3 15
57 4 12
57 26 3
57 27 15
57 28 12
57 29 8
57 30 8
57 31 8
57 32 8
57 33 8
57 34 8
57 35 8
57 36 9
57 37 15
57 38 6
57 39 2
57 40 2
57 41 2
57 42 2
57 43 2
57 44 2
57 45 2
58 2 9
58 3 15
58 4 15
58 5 4
58 27 2
58 28 2
58 29 2
58 30 2
58 31 2
58 32 2
58 33 2
58 34 2
58 35 2
58 36 2
58 37 2
59 1 1
59 2 15
59 3 15
59 4 15
59 5 4
60 1 9
60 2 15
60 3 15
60 4 15
60 5 4
61 0 1
61 1 15
61 2 15
61 3 15
61 4 15
61 5 4
62 0 1
62 1 15
62 2 15
62 3 15
62 4 15
62 5 4
63 0 1
63 1 15
63 2 15
63 3 15
63 4 15
63 5 4
