0
0 0 15
0 1 15
0 2 4
0 5 1
0 6 15
0 7 4
0 12 1
0 13 15
0 14 15
0 15 12
1 0 15
1 1 15
1 2 4
1 6 2
1 7 8
1 13 3
1 14 15
1 15 15
1 16 4
2 0 15
2 1 15
2 2 4
2 6 1
2 7 15
2 8 12
2 13 1
2 14 15
2 15 15
2 16 4
3 0 15
3 1 15
3 2 12
3 7 3
3 8 15
3 9 4
3 14 3
3 15 15
3 16 4
4 0 3
4 1 15
4 2 15
4 3 12
4 7 1
4 8 15
4 9 12
4 14 1
4 15 15
4 16 4
5 1 3
5 2 15
5 3 15
5 4 4
5 7 1
5 8 15
5 9 15
5 10 12
5 15 2
5 16 8
6 2 3
6 3 15
6 4 4
6 7 1
6 8 15
6 9 15
6 10 15
6 11 4
6 15 1
6 16 15
6 17 4
7 2 9
7 3 15
7 4 4
7 7 1
7 8 15
7 9 15
7 10 15
7 11 12
7 15 1
7 16 15
7 17 12
8 1 9
8 2 15
8 3 15
8 4 4
8 8 3
8 9 15
8 10 15
8 11 15
8 12 4
8 15 1
8 16 15
8 17 15
8 18 12
9 0 1
9 1 15
9 2 15
9 3 15
9 4 12
9 8 1
9 9 15
9 10 15
9 11 15
9 12 4
9 15 1
9 16 15
9 17 15
9 18 15
9 19 12
10 0 1
10 1 15
10 2 15
10 3 15
10 4 15
10 5 4
10 8 1
10 9 15
10 10 15
10 11 15
10 12 4
10 16 3
10 17 15
10 18 15
10 19 15
10 20 12
11 1 3
11 2 15
11 3 15
11 4 6
11 8 1
11 9 15
11 10 15
11 11 15
11 12 4
11 16 1
11 17 15
11 18 15
11 19 15
11 20 15
11 21 4
12 2 3
12 3 15
12 4 4
12 8 9
12 9 15
12 10 15
12 11 6
12 16 1
12 17 15
12 18 15
12 19 15
12 20 15
12 21 4
13 3 2
13 7 1
13 8 15
13 9 15
13 10 15
13 11 4
13 16 9
13 17 15
13 18 15
13 19 15
13 20 15
13 21 4
14 7 1
14 8 15
14 9 15
14 10 6
14 15 1
14 16 15
14 17 15
14 18 15
14 19 15
14 20 6
15 8 2
15 9 2
15 15 9
15 16 15
15 17 15
15 18 15
15 19 6
16 14 1
16 15 15
16 16 15
16 17 15
16 18 6
17 14 9
17 15 15
17 16 15
17 17 6
18 13 9
18 14 15
18 15 15
18 16 6
19 12 1
19 13 15
19 14 15
19 15 6
20 12 1
20 13 15
20 14 6
21 12 9
21 13 15
21 14 4
22 9 8
22 10 8
22 11 9
22 12 15
22 13 15
22 14 4
23 7 8
23 8 9
23 9 15
23 10 15
23 11 15
23 12 15
23 13 6
24 6 1
24 7 15
24 8 15
24 9 15
24 10 15
24 11 15
24 12 6
25 6 9
25 7 15
25 8 15
25 9 6
25 10 2
25 11 2
26 5 1
26 6 15
26 7 15
26 8 6
27 5 9
27 6 15
27 7 6
28 4 1
28 5 15
28 6 15
28 7 4
29 4 1
29 5 15
29 6 15
29 7 4
30 5 3
30 6 15
30 7 12
31 5 1
31 6 15
31 7 15
31 8 4
32 6 3
32 7 15
32 8 12
33 7 3
33 8 15
33 9 12
34 8 3
34 9 15
34 10 12
35 9 3
35 10 15
35 11 12
36 9 1
36 10 15
36 11 15
36 12 4
37 9 1
37 10 15
37 11 6
38 9 1
38 10 15
38 11 4
39 9 1
39 10 15
39 11 12
40 8 8
40 9 9
40 10 15
40 11 15
40 12 4
41 0 8
41 1 8
41 4 8
41 5 8
41 6 8
41 7 9
41 8 15
41 9 15
41 10 6
41 11 2
42 0 15
42 1 15
42 2 12
42 3 9
42 4 15
42 5 15
42 6 15
42 7 15
42 8 15
42 9 6
43 0 15
43 1 15
43 2 15
43 3 15
43 4 15
43 5 15
43 6 15
43 7 6
43 8 2
44 0 15
44 1 6
44 2 2
44 3 3
44 4 15
44 5 6
44 6 2
45 0 2
45 4 2
