0
35 31 8
36 30 1
36 31 15
36 32 12
37 30 1
37 31 15
37 32 15
37 33 12
38 31 3
38 32 15
38 33 15
38 34 12
39 32 3
39 33 15
39 34 15
39 35 12
40 33 3
40 34 15
40 35 15
40 36 12
41 34 3
41 35 15
41 36 15
41 37 12
41 38 8
41 39 8
42 35 3
42 36 15
42 37 15
42 38 15
42 39 15
42 40 12
42 41 8
43 36 2
43 37 3
43 38 15
43 39 15
43 40 15
43 41 15
43 42 4
44 38 2
44 39 3
44 40 15
44 41 15
44 42 12
45 40 3
45 41 15
45 42 15
45 43 12
46 41 3
46 42 15
46 43 15
46 44 12
46 45 8
47 42 2
47 43 3
47 44 15
47 45 15
47 46 12
47 47 8
48 44 2
48 45 3
48 46 15
48 47 15
48 48 12
48 49 8
49 46 2
49 47 3
49 48 15
49 49 15
49 50 12
49 51 8
50 48 3
50 49 15
50 50 15
50 51 15
50 52 12
50 53 8
51 49 2
51 50 2
51 51 3
51 52 15
51 53 15
51 54 12
51 55 8
52 52 3
52 53 15
52 54 15
52 55 15
52 56 12
52 57 8
52 58 8
53 53 3
53 54 15
53 55 15
53 56 15
53 57 15
53 58 15
53 59 12
53 60 8
54 54 2
54 55 2
54 56 2
54 57 3
54 58 15
54 59 15
54 60 15
54 61 4
55 58 3
55 59 15
55 60 15
55 61 12
56 59 3
56 60 15
56 61 15
56 62 4
57 59 1
57 60 15
57 61 15
57 62 12
58 60 3
58 61 15
58 62 15
58 63 12
59 60 1
59 61 15
59 62 15
59 63 15
60 61 2
60 62 3
60 63 15
61 63 2
