0
0 8 1
0 9 15
0 10 15
0 11 15
0 12 15
0 13 15
0 14 15
0 15 15
0 16 15
0 17 15
0 18 15
0 19 15
0 20 15
0 21 15
0 22 15
0 23 15
0 24 15
0 25 15
0 26 15
0 27 15
0 28 15
0 29 15
0 30 15
0 31 15
0 32 15
0 33 15
0 34 15
0 35 15
0 36 15
0 37 15
0 38 15
0 39 15
0 40 15
0 41 15
0 42 15
0 43 15
0 44 15
0 45 15
0 46 15
0 47 15
0 48 15
0 49 15
0 50 15
0 51 15
0 52 15
0 53 15
0 54 15
0 55 15
0 56 15
0 57 15
0 58 15
0 59 15
0 60 15
0 61 15
0 62 15
0 63 15
1 9 2
1 10 2
1 11 2
1 12 2
1 13 2
1 14 2
1 15 3
1 16 15
1 17 15
1 18 15
1 19 15
1 20 15
1 21 15
1 22 15
1 23 15
1 24 15
1 25 15
1 26 15
1 27 15
1 28 15
1 29 15
1 30 15
1 31 15
1 32 15
1 33 15
1 34 15
1 35 15
1 36 15
1 37 15
1 38 15
1 39 15
1 40 15
1 41 15
1 42 15
1 43 15
1 44 15
1 45 15
1 46 15
1 47 15
1 48 15
1 49 15
1 50 15
1 51 15
1 52 15
1 53 15
1 54 15
1 55 15
1 56 15
1 57 15
1 58 15
1 59 15
1 60 15
1 61 15
1 62 15
1 63 15
2 16 2
2 17 2
2 18 2
2 19 3
2 20 15
2 21 15
2 22 15
2 23 15
2 24 15
2 25 15
2 26 15
2 27 15
2 28 15
2 29 15
2 30 15
2 31 15
2 32 15
2 33 15
2 34 15
2 35 15
2 36 15
2 37 15
2 38 15
2 39 15
2 40 15
2 41 15
2 42 15
2 43 15
2 44 15
2 45 15
2 46 15
2 47 6
2 48 2
2 49 3
2 50 15
2 51 15
2 52 6
2 53 2
2 54 2
2 55 2
2 56 2
2 57 3
2 58 15
2 59 15
2 60 15
2 61 15
2 62 15
2 63 15
3 20 2
3 21 3
3 22 15
3 23 15
3 24 15
3 25 6
3 26 2
3 27 3
3 28 15
3 29 15
3 30 15
3 31 15
3 32 15
3 33 15
3 34 15
3 35 15
3 36 15
3 37 15
3 38 15
3 39 15
3 40 15
3 41 15
3 42 15
3 43 15
3 44 15
3 45 15
3 46 6
3 49 1
3 50 15
3 51 15
3 52 4
3 58 3
3 59 15
3 60 15
3 61 15
3 62 15
3 63 15
4 22 2
4 23 2
4 24 2
4 28 2
4 29 3
4 30 15
4 31 15
4 32 15
4 33 15
4 34 15
4 35 15
4 36 15
4 37 15
4 38 15
4 39 15
4 40 15
4 41 15
4 42 15
4 43 15
4 44 15
4 45 6
4 50 2
4 51 2
4 59 3
4 60 15
4 61 15
4 62 15
4 63 15
5 30 2
5 31 2
5 32 3
5 33 15
5 34 15
5 35 15
5 36 15
5 37 15
5 38 15
5 39 15
5 40 15
5 41 15
5 42 15
5 43 15
5 44 15
5 45 4
5 60 3
5 61 15
5 62 15
5 63 15
6 33 2
6 34 2
6 35 2
6 36 2
6 37 2
6 38 2
6 39 3
6 40 15
6 41 15
6 42 15
6 43 15
6 44 6
6 60 1
6 61 15
6 62 15
6 63 15
7 22 8
7 23 8
7 24 8
7 25 8
7 26 8
7 40 2
7 41 2
7 42 2
7 43 2
7 61 3
7 62 15
7 63 15
8 21 1
8 22 6
8 23 2
8 24 2
8 25 2
8 26 3
8 27 4
8 61 1
8 62 15
8 63 15
9 21 1
9 22 4
9 26 1
9 27 4
9 61 1
9 62 15
9 63 15
10 21 1
10 22 4
10 26 1
10 27 4
10 61 1
10 62 15
10 63 15
11 21 1
11 22 4
11 61 9
11 62 15
11 63 15
12 21 1
12 22 4
12 26 1
12 27 4
12 60 1
12 61 15
12 62 15
12 63 15
13 21 1
13 22 4
13 26 1
13 27 4
13 60 9
13 61 15
13 62 15
13 63 15
14 21 1
14 22 4
14 26 1
14 27 4
14 59 1
14 60 15
14 61 15
14 62 15
14 63 15
15 21 1
15 22 12
15 23 8
15 24 8
15 25 8
15 26 9
15 27 4
15 59 9
15 60 15
15 61 15
15 62 15
15 63 15
16 22 2
16 23 2
16 24 2
16 25 2
16 26 2
16 58 9
16 59 15
16 60 15
16 61 15
16 62 15
16 63 15
17 57 9
17 58 15
17 59 15
17 60 15
17 61 15
17 62 15
17 63 15
18 56 1
18 57 15
18 58 15
18 59 6
18 60 3
18 61 15
18 62 15
18 63 15
19 56 1
19 57 15
19 58 15
19 59 12
19 60 9
19 61 15
19 62 15
19 63 15
20 56 1
20 57 15
20 58 15
20 59 15
20 60 15
20 61 6
20 62 3
20 63 15
21 56 1
21 57 15
21 58 15
21 59 15
21 60 15
21 61 12
21 62 8
21 63 2
22 56 1
22 57 15
22 58 15
22 59 15
22 60 15
22 61 15
22 62 15
22 63 4
23 56 9
23 57 15
23 58 15
23 59 6
23 60 3
23 61 15
23 62 6
23 63 8
24 55 9
24 56 15
24 57 15
24 58 15
24 59 12
24 60 9
24 61 15
24 62 13
24 63 15
25 54 9
25 55 15
25 56 15
25 57 15
25 58 15
25 59 15
25 60 15
25 61 15
25 62 15
25 63 6
26 53 1
26 54 15
26 55 15
26 56 15
26 57 15
26 58 15
26 59 15
26 60 6
26 61 3
26 62 15
26 63 12
27 53 1
27 54 15
27 55 15
27 56 15
27 57 15
27 58 15
27 59 15
27 60 12
27 61 9
27 62 15
27 63 15
28 54 3
28 55 15
28 56 15
28 57 15
28 58 15
28 59 15
28 60 15
28 61 15
28 62 15
28 63 15
29 54 1
29 55 15
29 56 15
29 57 15
29 58 15
29 59 15
29 60 15
29 61 15
29 62 15
29 63 15
30 54 9
30 55 15
30 56 15
30 57 15
30 58 15
30 59 15
30 60 15
30 61 15
30 62 15
30 63 15
31 53 1
31 54 15
31 55 15
31 56 15
31 57 15
31 58 15
31 59 15
31 60 15
31 61 15
31 62 15
31 63 15
32 54 3
32 55 15
32 56 15
32 57 15
32 58 15
32 59 15
32 60 15
32 61 15
32 62 15
32 63 15
33 54 1
33 55 15
33 56 15
33 57 15
33 58 15
33 59 15
33 60 15
33 61 15
33 62 15
33 63 15
34 55 3
34 56 15
34 57 15
34 58 15
34 59 15
34 60 15
34 61 15
34 62 15
34 63 15
35 56 3
35 57 15
35 58 15
35 59 15
35 60 15
35 61 15
35 62 15
35 63 15
36 57 3
36 58 15
36 59 15
36 60 15
36 61 15
36 62 15
36 63 15
37 58 3
37 59 15
37 60 15
37 61 15
37 62 15
37 63 15
38 58 1
38 59 15
38 60 15
38 61 15
38 62 15
38 63 15
39 58 1
39 59 15
39 60 15
39 61 6
39 62 3
39 63 15
40 58 1
40 59 15
40 60 15
40 61 12
40 62 1
40 63 15
41 58 1
41 59 15
41 60 15
41 61 15
41 62 4
41 63 10
42 58 1
42 59 15
42 60 15
42 61 15
42 62 13
42 63 15
43 59 3
43 60 15
43 61 15
43 62 15
43 63 6
44 59 1
44 60 15
44 61 15
44 62 15
44 63 12
45 59 1
45 60 15
45 61 15
45 62 15
45 63 15
46 60 3
46 61 15
46 62 15
46 63 15
47 60 1
47 61 15
47 62 15
47 63 15
48 60 1
48 61 15
48 62 15
48 63 15
49 61 3
49 62 15
49 63 6
50 61 9
50 62 15
50 63 12
51 60 9
51 61 15
51 62 15
51 63 15
52 59 1
52 60 15
52 61 15
52 62 15
52 63 15
53 59 1
53 60 15
53 61 15
53 62 15
53 63 15
54 59 1
54 60 15
54 61 15
54 62 15
54 63 15
55 60 3
55 61 15
55 62 15
55 63 15
56 60 9
56 61 15
56 62 15
56 63 15
57 0 1
57 1 4
57 59 1
57 60 15
57 61 15
57 62 15
57 63 15
58 60 3
58 61 15
58 62 15
58 63 15
59 61 3
59 62 15
59 63 15
60 61 1
60 62 15
60 63 15
61 61 1
61 62 15
61 63 15
62 62 3
62 63 15
63 62 1
63 63 15
