0
0 0 15
0 1 15
0 2 15
0 3 15
0 4 15
0 5 15
0 6 15
0 7 15
0 8 15
0 9 15
0 10 15
0 11 15
0 12 15
0 13 15
0 14 15
0 15 15
0 16 15
0 17 15
0 18 15
0 19 15
0 20 15
0 21 15
0 22 15
0 23 15
0 24 15
0 25 15
0 26 15
0 27 15
0 28 15
0 29 15
0 30 15
0 31 15
0 32 15
0 33 15
0 34 15
0 35 15
0 36 15
0 37 15
0 38 15
0 39 15
0 40 15
0 41 15
0 42 15
0 43 15
0 44 15
0 45 15
0 46 15
0 47 15
0 48 5
0 49 15
0 50 15
0 51 15
0 52 15
0 53 15
0 54 15
0 55 15
0 56 15
0 57 15
0 58 15
0 59 15
0 60 15
0 61 15
0 62 15
0 63 4
1 0 15
1 1 15
1 2 15
1 3 15
1 4 15
1 5 15
1 6 15
1 7 15
1 8 15
1 9 15
1 10 6
1 11 3
1 12 15
1 13 15
1 14 15
1 15 15
1 16 15
1 17 15
1 18 15
1 19 15
1 20 15
1 21 15
1 22 15
1 23 15
1 24 15
1 25 15
1 26 15
1 27 15
1 28 15
1 29 15
1 30 15
1 31 15
1 32 15
1 33 15
1 34 15
1 35 15
1 36 15
1 37 15
1 38 15
1 39 15
1 40 15
1 41 15
1 42 15
1 43 7
1 44 15
1 45 15
1 46 6
1 47 2
1 49 2
1 50 2
1 51 3
1 52 15
1 53 15
1 54 15
1 55 15
1 56 15
1 57 15
1 58 15
1 59 15
1 60 15
1 61 15
1 62 6
2 0 15
2 1 15
2 2 15
2 3 15
2 4 15
2 5 15
2 6 15
2 7 15
2 8 15
2 9 6
2 12 3
2 13 15
2 14 15
2 15 15
2 16 15
2 17 15
2 18 15
2 19 15
2 20 15
2 21 15
2 22 15
2 23 15
2 24 15
2 25 15
2 26 7
2 27 15
2 28 15
2 29 15
2 30 15
2 31 15
2 32 15
2 33 15
2 34 15
2 35 15
2 36 15
2 37 15
2 38 15
2 39 15
2 40 15
2 41 15
2 42 6
2 44 2
2 45 2
2 52 2
2 53 3
2 54 15
2 55 15
2 56 15
2 57 15
2 58 15
2 59 15
2 60 15
2 61 6
3 0 15
3 1 15
3 2 15
3 3 15
3 4 15
3 5 15
3 6 15
3 7 6
3 8 2
3 13 3
3 14 15
3 15 15
3 16 15
3 17 15
3 18 15
3 19 15
3 20 15
3 21 15
3 22 15
3 23 15
3 24 15
3 25 6
3 27 2
3 28 3
3 29 15
3 30 15
3 31 15
3 32 15
3 33 6
3 34 2
3 35 3
3 36 15
3 37 15
3 38 15
3 39 15
3 40 15
3 41 6
3 54 3
3 55 15
3 56 15
3 57 15
3 58 6
3 59 2
3 60 2
4 0 15
4 1 15
4 2 15
4 3 15
4 4 15
4 5 6
4 6 2
4 14 2
4 15 2
4 16 2
4 17 3
4 18 15
4 19 15
4 20 15
4 21 15
4 22 15
4 23 15
4 24 14
4 28 1
4 29 15
4 30 15
4 31 15
4 32 6
4 36 3
4 37 15
4 38 15
4 39 15
4 40 6
4 55 2
4 56 2
4 57 2
5 0 15
5 1 15
5 2 15
5 3 6
5 4 2
5 18 2
5 19 3
5 20 15
5 21 15
5 22 15
5 23 15
5 24 15
5 25 4
5 29 3
5 30 15
5 31 6
5 37 3
5 38 15
5 39 15
5 40 4
6 0 15
6 1 15
6 2 15
6 3 4
6 20 2
6 21 3
6 22 15
6 23 15
6 24 15
6 25 4
6 30 2
6 38 2
6 39 2
7 0 15
7 1 15
7 2 6
7 21 1
7 22 15
7 23 15
7 24 15
7 25 12
8 0 15
8 1 6
8 22 3
8 23 15
8 24 15
8 25 15
8 26 4
9 0 15
9 1 12
9 23 3
9 24 15
9 25 6
10 0 15
10 1 15
10 2 4
10 24 2
11 0 15
11 1 15
11 2 4
12 0 15
12 1 15
12 2 4
13 0 15
13 1 15
13 2 4
14 0 15
14 1 6
15 0 2
