0
12 49 1
12 50 4
13 49 1
13 50 4
14 49 1
14 50 4
15 49 1
15 50 4
16 50 8
17 49 1
17 50 15
17 51 4
18 50 2
24 56 1
24 57 4
25 15 8
25 16 8
25 18 1
25 19 4
25 56 1
25 57 4
26 14 9
26 15 15
26 16 15
26 17 4
26 56 1
26 57 4
27 11 8
27 12 8
27 13 9
27 14 15
27 15 6
27 16 2
27 56 1
27 57 4
28 10 9
28 11 15
28 12 15
28 13 15
28 14 6
28 18 8
28 56 1
28 57 4
29 9 1
29 10 15
29 11 6
29 12 2
29 13 10
29 17 9
29 18 15
29 19 4
30 9 1
30 10 15
30 11 4
30 12 9
30 13 15
30 14 4
30 16 1
30 17 15
30 18 6
30 56 1
30 57 4
31 10 2
31 11 1
31 12 15
31 13 14
31 14 8
31 15 8
31 17 2
31 56 1
31 57 4
32 12 2
32 13 3
32 14 15
32 15 15
32 16 4
32 56 1
32 57 4
33 13 1
33 14 15
33 15 6
33 56 1
33 57 4
34 14 2
34 56 1
34 57 4
35 56 1
35 57 4
36 56 1
36 57 4
37 56 1
37 57 4
38 56 1
38 57 4
40 56 1
40 57 4
41 56 1
41 57 4
42 56 1
42 57 4
43 56 1
43 57 4
44 56 1
44 57 4
45 56 1
45 57 4
46 56 1
46 57 4
47 56 1
47 57 4
52 60 8
53 59 1
53 60 15
53 61 4
54 60 2
56 6 8
56 30 1
56 31 4
56 33 1
56 34 4
57 5 1
57 6 15
57 7 4
57 30 1
57 31 4
58 6 2
60 6 1
60 7 4
61 6 1
61 7 4
62 6 1
62 7 4
62 44 8
62 46 8
63 6 1
63 7 4
63 43 1
63 44 15
63 45 5
63 46 15
63 47 4
