0
0 0 15
0 1 15
0 2 15
0 3 15
0 4 15
0 5 15
0 6 15
0 7 15
0 8 15
0 9 15
0 10 15
0 11 15
0 12 15
0 13 15
0 14 15
0 15 15
0 16 15
0 17 15
0 18 15
0 19 15
0 20 15
0 21 15
0 22 15
0 23 15
0 24 15
0 25 15
0 26 15
0 27 15
0 28 15
0 29 15
0 30 15
0 31 15
0 32 15
0 33 15
0 34 15
0 35 15
0 36 15
0 37 15
0 38 15
0 39 15
0 40 15
0 41 15
0 42 15
0 43 15
0 44 15
0 45 15
0 46 15
0 47 15
0 48 15
0 49 15
0 50 15
0 51 15
0 52 15
0 53 15
0 54 15
0 55 15
0 56 15
0 57 15
0 58 15
0 59 15
0 60 15
0 61 15
0 62 15
0 63 15
1 0 15
1 1 6
1 2 2
1 3 2
1 4 3
1 5 15
1 6 15
1 7 15
1 8 15
1 9 15
1 10 15
1 11 15
1 12 15
1 13 15
1 14 15
1 15 15
1 16 15
1 17 15
1 18 15
1 19 15
1 20 15
1 21 15
1 22 15
1 23 15
1 24 15
1 25 15
1 26 15
1 27 15
1 28 15
1 29 15
1 30 15
1 31 15
1 32 15
1 33 15
1 34 15
1 35 15
1 36 15
1 37 15
1 38 15
1 39 15
1 40 15
1 41 15
1 42 15
1 43 15
1 44 15
1 45 15
1 46 15
1 47 15
1 48 15
1 49 15
1 50 15
1 51 15
1 52 15
1 53 15
1 54 15
1 55 15
1 56 15
1 57 15
1 58 15
1 59 15
1 60 15
1 61 15
1 62 15
1 63 15
2 0 2
2 5 3
2 6 15
2 7 15
2 8 15
2 9 15
2 10 15
2 11 15
2 12 15
2 13 15
2 14 15
2 15 15
2 16 15
2 17 15
2 18 15
2 19 15
2 20 15
2 21 15
2 22 15
2 23 15
2 24 15
2 25 15
2 26 15
2 27 15
2 28 15
2 29 15
2 30 15
2 31 15
2 32 15
2 33 15
2 34 15
2 35 15
2 36 15
2 37 6
2 38 2
2 39 2
2 40 3
2 41 15
2 42 15
2 43 15
2 44 15
2 45 15
2 46 15
2 47 15
2 48 15
2 49 15
2 50 15
2 51 15
2 52 15
2 53 15
2 54 15
2 55 15
2 56 15
2 57 15
2 58 15
2 59 15
2 60 15
2 61 15
2 62 15
2 63 15
3 6 2
3 7 3
3 8 15
3 9 15
3 10 15
3 11 15
3 12 15
3 13 15
3 14 15
3 15 15
3 16 15
3 17 15
3 18 15
3 19 15
3 20 15
3 21 15
3 22 15
3 23 15
3 24 15
3 25 15
3 26 15
3 27 15
3 28 15
3 29 15
3 30 15
3 31 15
3 32 15
3 33 15
3 34 15
3 35 15
3 36 6
3 40 1
3 41 15
3 42 15
3 43 15
3 44 15
3 45 15
3 46 15
3 47 15
3 48 15
3 49 15
3 50 15
3 51 15
3 52 15
3 53 15
3 54 15
3 55 15
3 56 15
3 57 15
3 58 15
3 59 15
3 60 15
3 61 15
3 62 15
3 63 15
4 8 2
4 9 2
4 10 3
4 11 15
4 12 15
4 13 15
4 14 15
4 15 15
4 16 15
4 17 15
4 18 15
4 19 15
4 20 15
4 21 15
4 22 15
4 23 15
4 24 15
4 25 15
4 26 15
4 27 15
4 28 15
4 29 15
4 30 15
4 31 15
4 32 15
4 33 15
4 34 6
4 35 2
4 41 3
4 42 15
4 43 15
4 44 15
4 45 15
4 46 15
4 47 15
4 48 15
4 49 15
4 50 15
4 51 15
4 52 15
4 53 15
4 54 15
4 55 15
4 56 15
4 57 15
4 58 15
4 59 15
4 60 15
4 61 15
4 62 15
4 63 15
5 11 2
5 12 3
5 13 15
5 14 15
5 15 15
5 16 15
5 17 7
5 18 15
5 19 15
5 20 15
5 21 15
5 22 15
5 23 15
5 24 15
5 25 15
5 26 15
5 27 15
5 28 15
5 29 15
5 30 15
5 31 15
5 32 15
5 33 6
5 41 1
5 42 15
5 43 15
5 44 15
5 45 15
5 46 15
5 47 15
5 48 15
5 49 15
5 50 15
5 51 15
5 52 15
5 53 15
5 54 15
5 55 15
5 56 15
5 57 15
5 58 15
5 59 15
5 60 15
5 61 15
5 62 15
5 63 15
6 13 2
6 14 2
6 15 2
6 16 2
6 18 2
6 19 3
6 20 15
6 21 15
6 22 15
6 23 15
6 24 15
6 25 15
6 26 15
6 27 15
6 28 15
6 29 15
6 30 15
6 31 15
6 32 15
6 33 4
6 41 9
6 42 15
6 43 15
6 44 15
6 45 15
6 46 15
6 47 15
6 48 15
6 49 15
6 50 15
6 51 15
6 52 15
6 53 15
6 54 15
6 55 15
6 56 15
6 57 15
6 58 15
6 59 15
6 60 15
6 61 15
6 62 15
6 63 15
7 20 3
7 21 15
7 22 15
7 23 15
7 24 15
7 25 15
7 26 15
7 27 15
7 28 15
7 29 15
7 30 15
7 31 15
7 32 15
7 33 4
7 40 1
7 41 15
7 42 15
7 43 15
7 44 15
7 45 15
7 46 15
7 47 15
7 48 15
7 49 15
7 50 15
7 51 15
7 52 15
7 53 15
7 54 15
7 55 15
7 56 15
7 57 15
7 58 15
7 59 15
7 60 15
7 61 15
7 62 15
7 63 15
8 21 2
8 22 2
8 23 3
8 24 15
8 25 15
8 26 15
8 27 15
8 28 15
8 29 15
8 30 15
8 31 6
8 32 2
8 40 1
8 41 15
8 42 15
8 43 15
8 44 15
8 45 15
8 46 15
8 47 15
8 48 15
8 49 15
8 50 15
8 51 15
8 52 15
8 53 15
8 54 15
8 55 15
8 56 15
8 57 15
8 58 15
8 59 15
8 60 15
8 61 15
8 62 15
8 63 15
9 24 3
9 25 15
9 26 15
9 27 15
9 28 15
9 29 15
9 30 15
9 31 4
9 40 9
9 41 15
9 42 15
9 43 15
9 44 15
9 45 15
9 46 15
9 47 15
9 48 15
9 49 15
9 50 15
9 51 15
9 52 15
9 53 15
9 54 15
9 55 15
9 56 15
9 57 15
9 58 15
9 59 15
9 60 15
9 61 15
9 62 15
9 63 15
10 25 3
10 26 15
10 27 15
10 28 15
10 29 15
10 30 6
10 39 1
10 40 15
10 41 15
10 42 15
10 43 15
10 44 15
10 45 15
10 46 15
10 47 15
10 48 15
10 49 15
10 50 15
10 51 15
10 52 15
10 53 15
10 54 15
10 55 15
10 56 15
10 57 15
10 58 15
10 59 15
10 60 15
10 61 15
10 62 15
10 63 15
11 25 1
11 26 15
11 27 15
11 28 15
11 29 6
11 39 1
11 40 15
11 41 15
11 42 15
11 43 15
11 44 15
11 45 15
11 46 15
11 47 15
11 48 15
11 49 15
11 50 15
11 51 15
11 52 15
11 53 15
11 54 15
11 55 15
11 56 15
11 57 15
11 58 15
11 59 15
11 60 15
11 61 15
11 62 15
11 63 15
12 26 3
12 27 15
12 28 15
12 29 4
12 39 1
12 40 15
12 41 15
12 42 15
12 43 15
12 44 15
12 45 15
12 46 15
12 47 15
12 48 15
12 49 15
12 50 15
12 51 15
12 52 15
12 53 15
12 54 15
12 55 15
12 56 15
12 57 15
12 58 15
12 59 15
12 60 15
12 61 15
12 62 15
12 63 15
13 27 2
13 28 2
13 39 1
13 40 15
13 41 15
13 42 15
13 43 15
13 44 15
13 45 15
13 46 6
13 47 2
13 48 2
13 49 3
13 50 15
13 51 15
13 52 15
13 53 15
13 54 15
13 55 15
13 56 15
13 57 15
13 58 6
13 59 3
13 60 15
13 61 15
13 62 15
13 63 15
14 40 3
14 41 15
14 42 15
14 43 15
14 44 6
14 45 2
14 50 3
14 51 15
14 52 15
14 53 15
14 54 15
14 55 15
14 56 15
14 57 6
14 60 2
14 61 3
14 62 15
14 63 15
15 41 3
15 42 15
15 43 6
15 51 2
15 52 2
15 53 3
15 54 15
15 55 15
15 56 15
15 57 4
15 62 2
15 63 2
16 42 2
16 53 1
16 54 15
16 55 15
16 56 14
17 53 1
17 54 15
17 55 15
17 56 15
17 57 4
18 53 1
18 54 15
18 55 15
18 56 15
18 57 12
19 53 1
19 54 15
19 55 15
19 56 15
19 57 15
19 58 12
20 18 8
20 19 8
20 20 8
20 28 8
20 29 8
20 30 8
20 31 8
20 53 1
20 54 15
20 55 15
20 56 15
20 57 15
20 58 15
20 59 4
21 17 1
21 18 6
21 19 2
21 20 2
21 21 1
21 22 12
21 26 9
21 27 4
21 28 2
21 29 2
21 30 2
21 31 3
21 32 4
21 54 3
21 55 15
21 56 15
21 57 15
21 58 6
22 17 1
22 18 4
22 21 1
22 22 15
22 23 12
22 24 8
22 25 9
22 26 15
22 27 4
22 31 1
22 32 4
22 55 2
22 56 2
22 57 2
23 17 1
23 18 4
23 22 2
23 23 2
23 24 2
23 25 2
23 26 2
23 31 1
23 32 4
24 17 1
24 18 4
24 31 1
24 32 4
25 17 1
25 18 4
25 31 1
25 32 4
26 17 1
26 18 4
26 31 1
26 32 4
27 17 1
27 18 4
27 31 1
27 32 4
28 17 1
28 18 12
28 19 8
28 20 8
28 21 8
28 22 8
28 23 8
28 26 8
28 27 8
28 28 8
28 29 8
28 30 8
28 31 9
28 32 4
29 18 2
29 19 2
29 20 2
29 21 2
29 22 2
29 23 2
29 26 2
29 27 2
29 28 2
29 29 2
29 30 2
29 31 2
32 32 8
32 33 8
33 32 2
33 33 2
34 30 1
34 31 4
34 35 8
35 34 1
35 35 15
35 36 12
36 35 2
36 36 2
36 37 1
36 38 4
37 37 1
37 38 4
38 30 1
38 31 4
38 37 1
38 38 4
39 30 1
39 31 4
39 37 1
39 38 4
40 30 1
40 31 4
40 32 8
40 33 8
40 34 8
40 35 8
40 36 8
41 32 2
41 33 2
41 34 2
41 35 2
41 36 2
46 21 8
46 24 8
46 25 8
46 26 8
46 27 8
47 21 2
47 24 2
47 25 2
47 26 2
47 27 3
47 28 4
48 27 1
48 28 4
49 19 1
49 20 4
49 27 1
49 28 4
50 19 1
50 20 4
50 27 1
50 28 4
51 27 1
51 28 4
52 20 8
52 21 8
52 22 8
52 23 8
52 24 8
52 25 8
52 26 8
52 27 8
53 20 2
53 21 2
53 22 2
53 23 2
53 24 2
53 25 2
53 26 2
53 27 2
