0
0 0 15
0 1 15
0 2 15
0 3 15
0 4 15
0 5 15
0 6 4
0 63 1
1 0 15
1 1 15
1 2 15
1 3 15
1 4 15
1 5 6
1 63 1
2 0 15
2 1 15
2 2 15
2 3 15
2 4 15
2 5 4
2 63 1
3 0 15
3 1 15
3 2 15
3 3 15
3 4 6
3 63 1
4 0 15
4 1 15
4 2 15
4 3 15
4 4 4
4 63 1
5 0 15
5 1 15
5 2 15
5 3 15
5 4 4
5 63 1
6 0 15
6 1 15
6 2 15
6 3 15
6 4 4
6 31 8
6 63 1
7 0 15
7 1 15
7 2 15
7 3 6
7 29 8
7 30 9
7 31 15
7 32 12
7 33 8
7 63 1
8 0 15
8 1 15
8 2 15
8 3 4
8 28 1
8 29 15
8 30 15
8 31 15
8 32 15
8 33 15
8 34 12
8 35 8
8 41 8
8 42 8
8 43 8
8 44 8
8 45 8
8 63 1
9 0 15
9 1 15
9 2 15
9 3 4
9 28 9
9 29 15
9 30 15
9 31 15
9 32 15
9 33 15
9 34 15
9 35 15
9 36 12
9 40 9
9 41 15
9 42 15
9 43 15
9 44 15
9 45 15
9 46 12
9 47 8
9 63 1
10 0 15
10 1 15
10 2 15
10 3 4
10 27 1
10 28 15
10 29 15
10 30 15
10 31 15
10 32 15
10 33 15
10 34 15
10 35 15
10 36 15
10 37 12
10 38 8
10 39 9
10 40 15
10 41 6
10 42 2
10 43 2
10 44 3
10 45 15
10 46 15
10 47 15
10 48 12
10 63 1
11 0 15
11 1 15
11 2 15
11 3 4
11 27 1
11 28 15
11 29 15
11 30 15
11 31 6
11 32 2
11 33 2
11 34 3
11 35 15
11 36 15
11 37 15
11 38 15
11 39 15
11 40 15
11 41 4
11 45 3
11 46 15
11 47 15
11 48 15
11 49 4
11 63 1
12 0 15
12 1 15
12 2 15
12 3 4
12 27 1
12 28 15
12 29 15
12 30 15
12 31 4
12 35 2
12 36 2
12 37 2
12 38 2
12 39 2
12 40 2
12 46 3
12 47 15
12 48 15
12 49 12
12 63 1
13 0 15
13 1 15
13 2 15
13 3 4
13 27 1
13 28 15
13 29 15
13 30 6
13 46 1
13 47 15
13 48 15
13 49 15
13 50 12
13 63 1
14 0 15
14 1 15
14 2 15
14 3 4
14 27 9
14 28 15
14 29 15
14 30 4
14 47 3
14 48 15
14 49 15
14 50 15
14 51 4
14 63 1
15 0 15
15 1 15
15 2 15
15 3 4
15 17 8
15 18 8
15 19 8
15 25 8
15 26 9
15 27 15
15 28 15
15 29 6
15 48 3
15 49 15
15 50 15
15 51 4
15 63 1
16 0 15
16 1 15
16 2 15
16 3 4
16 16 9
16 17 15
16 18 15
16 19 15
16 20 12
16 21 8
16 22 8
16 23 8
16 24 9
16 25 15
16 26 15
16 27 15
16 28 15
16 29 4
16 38 8
16 41 9
16 42 12
16 43 8
16 44 8
16 45 8
16 48 1
16 49 15
16 50 15
16 51 12
16 63 1
17 0 15
17 1 15
17 2 15
17 3 4
17 15 9
17 16 15
17 17 15
17 18 15
17 19 15
17 20 15
17 21 15
17 22 15
17 23 15
17 24 15
17 25 15
17 26 15
17 27 6
17 28 2
17 37 1
17 38 15
17 39 4
17 41 3
17 42 15
17 43 6
17 44 3
17 45 15
17 46 4
17 49 3
17 50 15
17 51 15
17 52 12
17 63 1
18 0 15
18 1 15
18 2 6
18 13 8
18 14 9
18 15 15
18 16 6
18 17 2
18 18 2
18 19 2
18 20 2
18 21 2
18 22 3
18 23 15
18 24 6
18 25 2
18 26 2
18 38 2
18 42 2
18 45 2
18 50 3
18 51 15
18 52 15
18 53 4
18 63 1
19 0 15
19 1 15
19 2 4
19 12 1
19 13 15
19 14 15
19 15 6
19 23 2
19 42 8
19 45 8
19 50 1
19 51 15
19 52 15
19 53 4
19 63 1
20 0 15
20 1 15
20 2 4
20 12 1
20 13 15
20 14 6
20 41 9
20 42 15
20 43 12
20 44 9
20 45 15
20 46 12
20 50 1
20 51 15
20 52 15
20 53 4
20 63 1
21 0 15
21 1 15
21 2 4
21 13 2
21 41 2
21 42 2
21 43 2
21 44 3
21 45 15
21 46 6
21 50 1
21 51 15
21 52 15
21 53 12
21 63 1
22 0 15
22 1 15
22 2 4
22 34 8
22 35 8
22 36 8
22 37 8
22 38 8
22 45 3
22 46 4
22 51 3
22 52 15
22 53 15
22 54 4
22 63 1
23 0 15
23 1 15
23 2 4
23 33 9
23 34 15
23 35 15
23 36 15
23 37 15
23 38 15
23 39 12
23 52 3
23 53 15
23 54 12
23 63 1
24 0 15
24 1 15
24 2 12
24 13 8
24 14 8
24 15 8
24 30 8
24 31 8
24 32 9
24 33 15
24 34 15
24 35 15
24 36 15
24 37 15
24 38 15
24 39 15
24 40 12
24 41 8
24 46 8
24 49 8
24 52 1
24 53 15
24 54 15
24 55 4
24 63 1
25 0 15
25 1 15
25 2 15
25 3 4
25 12 1
25 13 15
25 14 15
25 15 15
25 16 12
25 17 8
25 29 1
25 30 15
25 31 15
25 32 15
25 33 15
25 34 15
25 35 15
25 36 15
25 37 15
25 38 15
25 39 15
25 40 15
25 41 15
25 42 12
25 45 1
25 46 15
25 47 4
25 48 1
25 49 15
25 50 4
25 52 1
25 53 15
25 54 15
25 55 4
25 63 1
26 0 15
26 1 15
26 2 15
26 3 4
26 12 1
26 13 15
26 14 15
26 15 15
26 16 15
26 17 15
26 18 4
26 29 9
26 30 15
26 31 15
26 32 15
26 33 15
26 34 15
26 35 6
26 36 2
26 37 2
26 38 3
26 39 15
26 40 15
26 41 15
26 42 15
26 43 12
26 46 2
26 49 2
26 52 9
26 53 15
26 54 15
26 55 4
26 63 1
27 0 15
27 1 15
27 2 15
27 3 4
27 13 2
27 14 2
27 15 3
27 16 15
27 17 15
27 18 12
27 28 9
27 29 15
27 30 15
27 31 15
27 32 15
27 33 15
27 34 6
27 39 3
27 40 15
27 41 15
27 42 15
27 43 15
27 44 12
27 51 1
27 52 15
27 53 15
27 54 6
27 63 1
28 0 15
28 1 15
28 2 15
28 3 4
28 16 3
28 17 15
28 18 15
28 19 4
28 27 9
28 28 15
28 29 15
28 30 15
28 31 15
28 32 15
28 33 6
28 40 2
28 41 3
28 42 15
28 43 15
28 44 15
28 45 12
28 51 9
28 52 15
28 53 15
28 54 4
28 63 1
29 0 15
29 1 15
29 2 15
29 3 4
29 17 3
29 18 15
29 19 12
29 26 1
29 27 15
29 28 15
29 29 15
29 30 15
29 31 6
29 32 2
29 42 3
29 43 15
29 44 15
29 45 15
29 46 12
29 50 9
29 51 15
29 52 15
29 53 6
29 63 1
30 0 15
30 1 15
30 2 15
30 3 4
30 17 1
30 18 15
30 19 15
30 20 4
30 25 8
30 26 9
30 27 15
30 28 15
30 29 15
30 30 6
30 43 3
30 44 15
30 45 15
30 46 15
30 47 12
30 48 8
30 49 9
30 50 15
30 51 15
30 52 6
30 63 1
31 0 15
31 1 15
31 2 15
31 3 4
31 18 3
31 19 15
31 20 12
31 21 8
31 22 8
31 23 8
31 24 9
31 25 15
31 26 15
31 27 15
31 28 15
31 29 6
31 44 2
31 45 3
31 46 15
31 47 15
31 48 15
31 49 15
31 50 15
31 51 15
31 52 4
31 63 1
32 0 15
32 1 15
32 2 15
32 3 4
32 18 1
32 19 15
32 20 15
32 21 15
32 22 15
32 23 15
32 24 15
32 25 15
32 26 15
32 27 6
32 28 2
32 46 2
32 47 3
32 48 15
32 49 15
32 50 6
32 51 2
32 63 1
33 0 15
33 1 15
33 2 6
33 19 2
33 20 3
33 21 15
33 22 15
33 23 15
33 24 15
33 25 6
33 26 2
33 48 2
33 49 2
33 63 1
34 0 15
34 1 15
34 2 4
34 21 2
34 22 2
34 23 2
34 24 2
34 63 1
35 0 15
35 1 15
35 2 4
35 63 1
36 0 15
36 1 15
36 2 12
36 63 1
37 0 15
37 1 15
37 2 15
37 3 4
37 23 8
37 24 8
37 25 8
37 26 8
37 27 8
37 28 8
37 29 8
37 30 8
37 31 8
37 32 8
37 33 8
37 36 8
37 37 8
37 38 8
37 40 8
37 41 8
37 42 8
37 43 8
37 63 1
38 0 15
38 1 15
38 2 15
38 3 4
38 22 1
38 23 15
38 24 6
38 25 2
38 26 2
38 27 2
38 28 2
38 29 2
38 30 2
38 31 2
38 32 2
38 33 2
38 36 2
38 37 2
38 38 2
38 40 2
38 41 2
38 42 3
38 43 15
38 44 4
38 63 1
39 0 15
39 1 15
39 2 15
39 3 4
39 22 1
39 23 6
39 43 3
39 44 4
39 63 1
40 0 15
40 1 15
40 2 6
40 22 1
40 23 4
40 43 1
40 44 4
40 63 1
41 0 15
41 1 6
41 22 1
41 23 4
41 43 1
41 44 4
41 63 1
42 0 15
42 1 4
42 22 1
42 23 4
42 43 1
42 44 4
42 63 1
43 0 15
43 1 4
43 22 1
43 23 4
43 43 1
43 44 4
43 63 1
44 0 15
44 1 4
44 22 1
44 23 4
44 40 8
44 41 8
44 43 1
44 44 4
44 63 1
45 0 15
45 1 4
45 22 1
45 23 4
45 39 9
45 40 15
45 41 15
45 42 4
45 43 1
45 44 4
45 63 1
46 0 15
46 1 4
46 22 1
46 23 4
46 38 9
46 39 15
46 40 15
46 41 15
46 42 4
46 43 1
46 44 4
46 63 1
47 0 15
47 1 4
47 22 1
47 23 4
47 37 9
47 38 15
47 39 15
47 40 15
47 41 15
47 42 4
47 43 1
47 44 4
47 63 1
48 0 15
48 1 4
48 36 1
48 37 15
48 38 15
48 39 15
48 40 15
48 41 15
48 42 4
48 43 1
48 44 4
48 63 1
49 0 15
49 1 4
49 22 1
49 23 4
49 37 3
49 38 15
49 39 15
49 40 15
49 41 15
49 42 4
49 43 1
49 44 4
49 63 1
50 0 15
50 1 4
50 5 8
50 6 8
50 7 8
50 8 8
50 9 8
50 22 1
50 23 4
50 37 1
50 38 15
50 39 15
50 40 15
50 41 15
50 42 4
50 43 1
50 44 4
50 63 1
51 0 15
51 1 4
51 4 1
51 5 15
51 6 6
51 7 2
51 8 3
51 9 15
51 10 4
51 22 1
51 23 4
51 38 2
51 39 3
51 40 15
51 41 6
51 43 1
51 44 4
51 63 1
52 0 15
52 1 4
52 4 1
52 5 6
52 9 3
52 10 4
52 22 1
52 23 4
52 40 2
52 43 1
52 44 4
52 63 1
53 0 15
53 1 4
53 4 1
53 5 4
53 9 1
53 10 4
53 22 1
53 23 4
53 43 1
53 44 4
53 63 1
54 0 15
54 1 4
54 4 1
54 5 4
54 22 1
54 23 4
54 43 1
54 44 4
54 63 1
55 0 15
55 1 4
55 9 1
55 10 4
55 22 1
55 23 4
55 43 1
55 44 4
55 63 1
56 0 15
56 1 4
56 4 1
56 5 4
56 9 1
56 10 4
56 22 1
56 23 4
56 43 1
56 44 4
56 63 1
57 0 15
57 1 4
57 4 1
57 5 12
57 9 9
57 10 4
57 22 1
57 23 4
57 43 1
57 44 4
57 63 1
58 0 15
58 1 4
58 4 1
58 5 15
58 6 12
58 7 8
58 8 9
58 9 15
58 10 4
58 22 1
58 23 4
58 43 1
58 44 4
58 63 1
59 0 15
59 1 4
59 5 2
59 6 2
59 7 2
59 8 2
59 9 2
59 22 1
59 23 12
59 43 9
59 44 4
59 63 1
60 0 15
60 1 12
60 22 1
60 23 15
60 24 12
60 25 8
60 26 8
60 27 8
60 28 8
60 29 8
60 30 8
60 31 8
60 32 8
60 33 8
60 34 8
60 35 8
60 36 8
60 37 8
60 38 8
60 39 8
60 40 8
60 41 8
60 42 9
60 43 15
60 44 4
60 63 1
61 0 15
61 1 15
61 2 4
61 23 2
61 24 2
61 25 2
61 26 2
61 27 2
61 28 2
61 29 2
61 30 2
61 31 2
61 32 2
61 33 2
61 34 2
61 35 2
61 36 2
61 37 2
61 38 2
61 39 2
61 40 2
61 41 2
61 42 2
61 43 2
61 63 1
62 0 15
62 1 15
62 2 4
62 63 1
63 0 15
63 1 15
63 2 4
63 63 1
