0
23 40 8
24 39 1
24 40 15
24 41 12
25 40 3
25 41 15
25 42 12
26 40 1
26 41 15
26 42 15
26 43 4
27 40 1
27 41 15
27 42 15
27 43 12
28 41 3
28 42 15
28 43 15
28 44 12
29 41 1
29 42 15
29 43 15
29 44 15
29 45 4
30 42 3
30 43 15
30 44 15
30 45 12
31 42 1
31 43 15
31 44 15
31 45 15
31 46 12
32 43 3
32 44 15
32 45 15
32 46 15
32 47 12
32 48 8
33 44 3
33 45 15
33 46 15
33 47 15
33 48 15
33 49 12
33 60 8
34 44 1
34 45 15
34 46 15
34 47 15
34 48 15
34 49 15
34 50 4
34 59 9
34 60 15
34 61 4
35 45 3
35 46 15
35 47 15
35 48 15
35 49 15
35 50 12
35 51 8
35 52 8
35 58 1
35 59 15
35 60 15
35 61 12
36 46 3
36 47 15
36 48 15
36 49 15
36 50 15
36 51 15
36 52 15
36 53 12
36 58 9
36 59 15
36 60 15
36 61 15
36 62 12
37 46 1
37 47 15
37 48 15
37 49 15
37 50 15
37 51 15
37 52 15
37 53 15
37 54 12
37 55 8
37 56 8
37 57 9
37 58 15
37 59 15
37 60 15
37 61 15
37 62 15
37 63 12
38 46 1
38 47 15
38 48 15
38 49 15
38 50 15
38 51 15
38 52 15
38 53 15
38 54 15
38 55 15
38 56 15
38 57 15
38 58 15
38 59 15
38 60 15
38 61 15
38 62 15
38 63 15
39 46 1
39 47 15
39 48 15
39 49 15
39 50 15
39 51 15
39 52 15
39 53 15
39 54 15
39 55 15
39 56 15
39 57 15
39 58 15
39 59 15
39 60 15
39 61 15
39 62 15
39 63 15
40 46 9
40 47 15
40 48 15
40 49 15
40 50 6
40 51 2
40 52 3
40 53 15
40 54 15
40 55 15
40 56 15
40 57 15
40 58 15
40 59 15
40 60 15
40 61 15
40 62 15
40 63 15
41 45 9
41 46 15
41 47 15
41 48 15
41 49 6
41 53 2
41 54 3
41 55 15
41 56 15
41 57 15
41 58 15
41 59 15
41 60 15
41 61 15
41 62 15
41 63 15
42 44 9
42 45 15
42 46 15
42 47 15
42 48 6
42 55 3
42 56 15
42 57 15
42 58 15
42 59 15
42 60 15
42 61 15
42 62 15
42 63 15
43 43 1
43 44 15
43 45 15
43 46 15
43 47 6
43 55 1
43 56 15
43 57 15
43 58 15
43 59 15
43 60 15
43 61 15
43 62 15
43 63 15
44 43 9
44 44 15
44 45 15
44 46 15
44 47 4
44 56 3
44 57 15
44 58 15
44 59 15
44 60 15
44 61 15
44 62 15
44 63 15
45 42 1
45 43 15
45 44 15
45 45 15
45 46 15
45 47 4
45 57 3
45 58 15
45 59 15
45 60 15
45 61 15
45 62 15
45 63 15
46 42 9
46 43 15
46 44 15
46 45 15
46 46 6
46 57 1
46 58 15
46 59 15
46 60 15
46 61 15
46 62 15
46 63 15
47 41 1
47 42 15
47 43 15
47 44 15
47 45 6
47 57 1
47 58 15
47 59 15
47 60 15
47 61 15
47 62 15
47 63 6
48 41 9
48 42 15
48 43 15
48 44 6
48 57 9
48 58 15
48 59 15
48 60 15
48 61 15
48 62 6
49 40 9
49 41 15
49 42 15
49 43 15
49 44 4
49 56 9
49 57 15
49 58 15
49 59 15
49 60 15
49 61 15
49 62 4
50 39 1
50 40 15
50 41 15
50 42 15
50 43 15
50 44 4
50 54 8
50 55 9
50 56 15
50 57 15
50 58 15
50 59 15
50 60 15
50 61 6
51 39 9
51 40 15
51 41 15
51 42 15
51 43 15
51 44 4
51 53 9
51 54 15
51 55 15
51 56 15
51 57 15
51 58 15
51 59 15
51 60 6
52 38 1
52 39 15
52 40 15
52 41 15
52 42 15
52 43 15
52 44 12
52 51 8
52 52 9
52 53 15
52 54 15
52 55 15
52 56 15
52 57 15
52 58 15
52 59 15
52 60 4
53 39 3
53 40 15
53 41 15
53 42 15
53 43 15
53 44 15
53 45 12
53 50 9
53 51 15
53 52 15
53 53 15
53 54 6
53 55 2
53 56 3
53 57 15
53 58 15
53 59 15
53 60 12
54 40 3
54 41 15
54 42 15
54 43 15
54 44 15
54 45 15
54 46 12
54 48 8
54 49 9
54 50 15
54 51 15
54 52 15
54 53 6
54 56 1
54 57 15
54 58 15
54 59 15
54 60 15
54 61 12
54 62 8
55 40 1
55 41 15
55 42 15
55 43 15
55 44 15
55 45 15
55 46 15
55 47 13
55 48 15
55 49 15
55 50 15
55 51 15
55 52 15
55 53 4
55 57 3
55 58 15
55 59 15
55 60 15
55 61 15
55 62 15
55 63 12
56 41 3
56 42 15
56 43 15
56 44 15
56 45 15
56 46 15
56 47 15
56 48 15
56 49 15
56 50 15
56 51 15
56 52 6
56 57 1
56 58 15
56 59 15
56 60 15
56 61 15
56 62 15
56 63 15
57 42 3
57 43 15
57 44 15
57 45 15
57 46 15
57 47 15
57 48 15
57 49 15
57 50 6
57 51 2
57 58 3
57 59 15
57 60 15
57 61 15
57 62 15
57 63 15
58 43 3
58 44 15
58 45 15
58 46 15
58 47 15
58 48 15
58 49 6
58 58 1
58 59 15
58 60 15
58 61 15
58 62 15
58 63 15
59 44 3
59 45 15
59 46 15
59 47 15
59 48 15
59 49 4
59 58 1
59 59 15
59 60 15
59 61 15
59 62 15
59 63 15
60 44 1
60 45 15
60 46 15
60 47 15
60 48 6
60 58 1
60 59 15
60 60 15
60 61 15
60 62 15
60 63 15
61 45 3
61 46 15
61 47 6
61 48 8
61 59 3
61 60 15
61 61 15
61 62 15
61 63 15
62 46 2
62 47 1
62 48 15
62 49 4
62 60 3
62 61 15
62 62 15
62 63 15
63 47 1
63 48 6
63 61 3
63 62 15
63 63 15
