0
4 32 8
4 33 8
4 34 8
4 35 8
4 36 8
4 37 8
4 38 8
4 39 8
4 40 8
4 41 8
4 42 8
4 43 8
4 44 8
4 45 8
4 46 8
4 47 8
4 48 8
4 49 8
4 50 8
4 51 8
5 31 9
5 32 15
5 33 6
5 34 2
5 35 2
5 36 2
5 37 2
5 38 2
5 39 2
5 40 2
5 41 2
5 42 2
5 43 2
5 44 2
5 45 2
5 46 2
5 47 2
5 48 2
5 49 2
5 50 3
5 51 15
5 52 12
6 30 9
6 31 15
6 32 6
6 34 8
6 35 8
6 37 8
6 38 8
6 39 8
6 40 8
6 41 8
6 42 8
6 43 8
6 51 3
6 52 15
6 53 12
7 29 9
7 30 15
7 31 6
7 33 1
7 34 15
7 35 6
7 36 1
7 37 6
7 38 2
7 39 2
7 40 2
7 41 2
7 42 2
7 43 3
7 44 12
7 52 3
7 53 15
7 54 4
8 28 1
8 29 15
8 30 6
8 33 1
8 34 6
8 36 1
8 37 4
8 43 1
8 44 15
8 45 12
8 46 8
8 47 8
8 53 3
8 54 4
9 28 1
9 29 6
9 33 1
9 34 4
9 36 1
9 37 4
9 38 1
9 39 5
9 40 4
9 44 2
9 45 2
9 46 2
9 47 3
9 48 4
9 53 1
9 54 4
10 28 1
10 29 4
10 36 1
10 37 4
10 47 1
10 48 4
10 53 1
10 54 4
11 28 9
11 29 4
11 36 1
11 37 4
11 53 1
11 54 4
12 27 1
12 28 15
12 29 4
12 33 1
12 34 12
12 36 1
12 37 4
12 43 8
12 45 8
12 46 8
12 47 9
12 48 4
12 53 1
12 54 4
13 27 1
13 28 6
13 33 1
13 34 15
13 35 12
13 36 1
13 37 12
13 42 1
13 43 15
13 44 5
13 45 15
13 46 6
13 47 2
13 53 1
13 54 4
14 27 1
14 28 4
14 34 2
14 35 2
14 37 3
14 38 4
14 42 1
14 43 6
14 44 1
14 45 6
14 53 1
14 54 4
15 27 1
15 28 4
15 37 1
15 38 12
15 44 1
15 45 4
15 47 9
15 48 4
15 53 1
15 54 4
16 27 1
16 28 4
16 37 1
16 38 15
16 39 12
16 43 8
16 44 9
16 45 4
16 46 9
16 47 15
16 48 4
16 53 1
16 54 4
17 27 1
17 28 4
17 38 2
17 39 3
17 40 4
17 42 9
17 43 6
17 44 2
17 46 2
17 47 2
17 53 1
17 54 4
18 27 1
18 28 4
18 39 1
18 40 4
18 41 1
18 42 15
18 43 4
18 53 1
18 54 4
19 27 1
19 28 4
19 42 2
19 53 1
19 54 4
20 27 1
20 28 4
20 53 1
20 54 4
21 27 1
21 28 4
21 53 1
21 54 4
22 27 1
22 28 4
22 36 8
22 37 8
22 38 8
22 40 8
22 42 8
23 27 1
23 28 4
23 35 1
23 36 15
23 37 15
23 38 15
23 39 5
23 40 15
23 41 5
23 42 15
23 43 4
24 27 1
24 28 4
24 35 1
24 36 6
24 37 2
24 38 3
24 39 5
24 40 6
24 42 2
25 27 1
25 28 12
25 39 1
25 40 4
25 42 1
25 43 4
25 53 1
25 54 4
26 27 1
26 28 15
26 29 12
26 35 1
26 36 12
26 37 8
26 38 9
26 39 5
26 40 12
26 41 8
26 42 9
26 43 4
26 44 8
26 53 1
26 54 4
27 28 3
27 29 15
27 30 12
27 35 1
27 36 15
27 37 6
27 38 2
27 40 2
27 41 3
27 42 15
27 43 4
27 44 3
27 45 4
27 53 1
27 54 4
28 29 3
28 30 15
28 31 4
28 35 1
28 36 6
28 42 3
28 43 4
28 53 1
28 54 4
29 30 3
29 31 4
29 35 1
29 36 4
29 42 1
29 43 12
29 44 9
29 45 4
29 53 1
29 54 4
30 30 1
30 31 4
30 35 1
30 36 12
30 43 2
30 44 3
30 45 4
30 53 1
30 54 4
31 30 1
31 31 4
31 35 9
31 36 15
31 37 12
31 38 8
31 39 8
31 40 8
31 44 1
31 45 4
31 53 1
31 54 4
32 30 1
32 31 4
32 35 2
32 36 2
32 37 2
32 38 2
32 39 2
32 40 3
32 41 4
32 53 1
32 54 4
33 30 1
33 31 4
33 34 1
33 35 4
33 40 1
33 41 12
33 42 8
33 43 8
33 44 9
33 45 4
33 53 1
33 54 4
34 30 1
34 31 4
34 34 1
34 35 4
34 40 1
34 41 6
34 42 2
34 43 2
34 44 2
34 53 9
34 54 4
35 30 9
35 31 4
35 34 1
35 35 12
35 39 8
35 40 9
35 41 4
35 50 8
35 51 8
35 52 9
35 53 15
35 54 4
36 29 9
36 30 15
36 31 4
36 35 2
36 39 2
36 40 2
36 49 9
36 50 15
36 51 6
36 52 2
36 53 3
36 54 4
37 28 9
37 29 15
37 30 6
37 48 1
37 49 15
37 50 6
37 53 1
37 54 4
38 27 1
38 28 15
38 29 6
38 48 1
38 49 6
38 53 1
38 54 4
39 27 1
39 28 6
39 53 1
39 54 4
40 27 1
40 28 4
40 53 1
40 54 4
41 27 1
41 28 4
41 48 8
41 53 9
41 54 4
42 27 9
42 28 12
42 29 8
42 32 8
42 33 8
42 46 8
42 47 9
42 48 15
42 49 12
42 50 8
42 51 8
42 52 9
42 53 15
42 54 4
43 26 1
43 27 15
43 28 6
43 29 2
43 32 3
43 33 15
43 34 12
43 45 1
43 46 6
43 47 2
43 48 2
43 49 2
43 50 2
43 51 2
43 52 2
43 53 3
43 54 4
44 26 1
44 27 6
44 33 3
44 34 15
44 35 4
44 45 1
44 46 4
44 53 1
44 54 4
45 26 1
45 27 4
45 34 3
45 35 4
45 39 8
45 40 8
45 41 8
45 42 8
45 44 8
45 45 1
45 46 4
45 53 1
45 54 4
46 26 1
46 27 4
46 34 1
46 35 4
46 38 1
46 39 15
46 40 6
46 41 3
46 42 15
46 43 5
46 44 15
46 45 5
46 46 4
46 53 1
46 54 4
47 26 1
47 27 12
47 34 1
47 35 4
47 39 2
47 42 2
47 44 3
47 45 5
47 46 4
47 53 1
47 54 4
48 26 1
48 27 15
48 28 12
48 34 1
48 35 4
48 38 1
48 39 12
48 41 1
48 42 12
48 44 9
48 45 5
48 46 4
48 53 1
48 54 4
49 27 3
49 28 15
49 29 12
49 34 1
49 35 12
49 38 1
49 39 15
49 40 12
49 41 9
49 42 15
49 43 13
49 44 15
49 45 13
49 46 4
49 53 9
49 54 4
50 28 3
50 29 15
50 30 12
50 31 8
50 32 8
50 33 8
50 34 9
50 35 15
50 36 12
50 37 8
50 38 8
50 39 10
50 40 10
50 41 10
50 42 10
50 43 10
50 44 11
50 45 15
50 46 12
50 47 8
50 48 8
50 49 8
50 50 8
50 51 8
50 52 9
50 53 15
50 54 4
51 29 2
51 30 2
51 31 2
51 32 2
51 33 2
51 34 2
51 35 2
51 36 2
51 37 2
51 38 2
51 39 2
51 40 2
51 41 2
51 42 2
51 43 2
51 44 2
51 45 2
51 46 2
51 47 2
51 48 2
51 49 2
51 50 2
51 51 2
51 52 2
51 53 2
