0
10 51 8
10 52 8
10 54 8
11 24 8
11 25 8
11 26 8
11 27 8
11 28 8
11 29 8
11 50 9
11 51 15
11 52 6
11 53 1
11 54 15
11 55 4
12 23 9
12 24 15
12 25 6
12 26 2
12 27 2
12 28 3
12 29 15
12 30 12
12 48 8
12 49 9
12 50 15
12 51 6
12 54 3
12 55 4
13 22 9
13 23 15
13 24 6
13 29 3
13 30 15
13 31 12
13 47 9
13 48 15
13 49 6
13 50 2
13 54 1
13 55 4
14 21 1
14 22 15
14 23 6
14 30 3
14 31 15
14 32 12
14 33 8
14 34 8
14 35 8
14 36 8
14 37 8
14 38 8
14 43 8
14 44 8
14 45 8
14 46 9
14 47 15
14 48 6
14 54 1
14 55 4
15 21 1
15 22 14
15 31 2
15 32 2
15 33 2
15 34 2
15 35 2
15 36 2
15 37 2
15 38 2
15 43 2
15 44 2
15 45 2
15 46 2
15 47 2
16 21 1
16 22 15
16 23 12
16 54 1
16 55 4
17 22 3
17 23 15
17 24 4
18 23 3
18 24 4
18 54 9
18 55 4
19 23 1
19 24 4
19 45 8
19 46 8
19 47 8
19 48 8
19 52 8
19 53 9
19 54 15
19 55 4
20 23 9
20 24 4
20 45 2
20 46 2
20 47 2
20 48 3
20 49 4
20 51 1
20 52 15
20 53 6
20 54 2
21 22 1
21 23 15
21 24 4
21 48 1
21 49 4
21 51 1
21 52 6
22 22 1
22 23 6
22 48 1
22 49 4
22 51 1
22 52 4
23 22 1
23 23 4
23 45 8
23 46 8
23 47 8
23 48 9
23 49 4
23 51 1
23 52 4
24 22 1
24 23 4
24 45 2
24 46 2
24 47 2
24 48 2
24 51 1
24 52 4
25 22 1
25 23 12
25 51 1
25 52 4
26 22 1
26 23 15
26 24 4
26 51 1
26 52 4
27 23 3
27 24 4
27 51 1
27 52 12
28 23 1
28 24 4
28 51 1
28 52 15
28 53 4
29 23 9
29 24 4
29 52 3
29 53 4
30 22 9
30 23 15
30 24 4
31 21 1
31 22 15
31 23 6
31 52 1
31 53 4
32 21 1
32 22 6
32 52 1
32 53 12
33 21 1
33 22 4
33 52 1
33 53 15
33 54 4
34 21 1
34 22 4
34 53 3
34 54 4
35 21 1
35 22 4
35 53 1
35 54 4
36 21 1
36 22 4
36 53 1
36 54 4
37 21 1
37 22 4
37 53 1
37 54 4
38 21 1
38 22 4
38 53 1
38 54 4
39 21 1
39 22 4
39 53 9
39 54 4
40 21 1
40 22 12
40 52 1
40 53 15
40 54 4
41 21 1
41 22 15
41 23 12
41 52 9
41 53 6
42 22 3
42 23 15
42 24 4
42 51 9
42 52 15
42 53 4
43 23 3
43 24 4
43 47 8
43 48 8
43 50 9
43 51 15
43 52 6
44 23 1
44 24 4
44 46 9
44 47 15
44 48 6
44 50 2
44 51 2
45 23 1
45 24 12
45 25 8
45 26 8
45 35 8
45 36 8
45 37 8
45 38 8
45 42 8
45 43 8
45 44 8
45 45 9
45 46 15
45 47 6
46 24 2
46 25 3
46 26 15
46 27 12
46 34 1
46 35 15
46 36 6
46 37 2
46 38 2
46 42 2
46 43 2
46 44 2
46 45 2
46 46 2
47 26 3
47 27 15
47 28 12
47 29 8
47 30 8
47 31 8
47 32 8
47 33 8
47 35 2
48 27 2
48 28 2
48 29 2
48 30 2
48 31 2
48 32 2
48 33 2
