0
1 50 1
1 51 4
3 25 1
3 26 4
4 0 8
4 1 8
4 25 9
4 26 4
5 0 15
5 1 15
5 2 12
5 3 8
5 18 1
5 19 4
5 24 1
5 25 15
5 26 4
6 0 15
6 1 15
6 2 15
6 3 15
6 4 12
6 24 1
6 25 6
7 0 15
7 1 15
7 2 15
7 3 15
7 4 15
7 5 12
7 18 1
7 19 12
7 24 1
7 25 4
8 0 15
8 1 15
8 2 15
8 3 15
8 4 15
8 5 15
8 6 4
8 18 1
8 19 15
8 20 4
8 24 1
8 25 4
8 43 1
8 44 4
8 51 1
8 52 4
9 0 3
9 1 15
9 2 15
9 3 15
9 4 15
9 5 15
9 6 12
9 19 3
9 20 4
9 24 1
9 25 12
9 43 1
9 44 4
9 51 1
9 52 4
10 1 3
10 2 15
10 3 15
10 4 15
10 5 15
10 6 15
10 7 12
10 8 8
10 24 1
10 25 15
10 26 4
10 28 8
10 29 8
10 30 8
10 31 8
10 43 1
10 44 4
11 2 3
11 3 15
11 4 15
11 5 15
11 6 15
11 7 15
11 8 15
11 9 12
11 10 8
11 19 1
11 20 4
11 25 2
11 28 2
11 29 2
11 30 3
11 31 15
11 32 12
11 33 8
11 43 1
11 44 4
11 56 8
12 3 2
12 4 3
12 5 15
12 6 15
12 7 15
12 8 15
12 9 15
12 10 15
12 11 12
12 15 8
12 16 8
12 17 8
12 18 8
12 25 8
12 26 8
12 31 2
12 32 3
12 33 15
12 34 12
12 38 8
12 56 2
12 60 8
12 62 8
13 5 3
13 6 15
13 7 15
13 8 15
13 9 15
13 10 15
13 11 15
13 12 12
13 13 8
13 14 9
13 15 15
13 16 15
13 17 15
13 18 15
13 19 12
13 20 8
13 21 8
13 22 8
13 23 8
13 24 9
13 25 15
13 26 15
13 27 12
13 28 8
13 29 8
13 30 8
13 33 3
13 34 15
13 35 12
13 36 8
13 37 9
13 38 15
13 39 4
13 60 2
13 62 2
14 5 1
14 6 15
14 7 15
14 8 15
14 9 15
14 10 15
14 11 15
14 12 15
14 13 15
14 14 15
14 15 15
14 16 15
14 17 15
14 18 15
14 19 15
14 20 15
14 21 15
14 22 15
14 23 15
14 24 15
14 25 15
14 26 15
14 27 15
14 28 15
14 29 15
14 30 15
14 31 12
14 32 8
14 33 8
14 34 2
14 35 2
14 36 2
14 37 2
14 38 2
15 5 1
15 6 15
15 7 15
15 8 15
15 9 15
15 10 15
15 11 15
15 12 15
15 13 15
15 14 15
15 15 15
15 16 15
15 17 15
15 18 15
15 19 15
15 20 15
15 21 15
15 22 15
15 23 15
15 24 15
15 25 15
15 26 15
15 27 15
15 28 15
15 29 15
15 30 15
15 31 15
15 32 15
15 33 15
15 34 12
15 35 8
15 36 8
15 37 8
15 41 8
16 6 2
16 7 2
16 8 3
16 9 15
16 10 15
16 11 15
16 12 15
16 13 15
16 14 15
16 15 15
16 16 15
16 17 15
16 18 15
16 19 15
16 20 15
16 21 15
16 22 15
16 23 15
16 24 15
16 25 15
16 26 15
16 27 15
16 28 15
16 29 15
16 30 15
16 31 15
16 32 15
16 33 15
16 34 15
16 35 15
16 36 15
16 37 15
16 38 12
16 39 8
16 40 9
16 41 15
16 42 12
16 43 8
17 9 3
17 10 15
17 11 15
17 12 15
17 13 6
17 14 2
17 15 2
17 16 2
17 17 3
17 18 15
17 19 15
17 20 15
17 21 15
17 22 15
17 23 15
17 24 15
17 25 15
17 26 15
17 27 15
17 28 15
17 29 15
17 30 15
17 31 15
17 32 15
17 33 15
17 34 15
17 35 15
17 36 15
17 37 15
17 38 15
17 39 15
17 40 15
17 41 15
17 42 15
17 43 15
17 44 12
18 10 2
18 11 2
18 12 2
18 18 2
18 19 2
18 20 2
18 21 3
18 22 15
18 23 15
18 24 15
18 25 15
18 26 15
18 27 15
18 28 15
18 29 15
18 30 15
18 31 15
18 32 15
18 33 15
18 34 15
18 35 15
18 36 15
18 37 15
18 38 15
18 39 15
18 40 15
18 41 15
18 42 15
18 43 15
18 44 15
18 45 12
18 46 8
19 22 2
19 23 2
19 24 2
19 25 2
19 26 3
19 27 15
19 28 15
19 29 6
19 30 3
19 31 15
19 32 15
19 33 15
19 34 15
19 35 15
19 36 15
19 37 15
19 38 15
19 39 15
19 40 15
19 41 15
19 42 15
19 43 15
19 44 15
19 45 15
19 46 15
19 47 4
20 27 2
20 28 2
20 31 3
20 32 15
20 33 15
20 34 15
20 35 15
20 36 15
20 37 15
20 38 15
20 39 15
20 40 15
20 41 15
20 42 15
20 43 15
20 44 15
20 45 15
20 46 15
20 47 12
21 32 2
21 33 11
21 34 15
21 35 15
21 36 15
21 37 15
21 38 15
21 39 15
21 40 15
21 41 15
21 42 15
21 43 15
21 44 15
21 45 15
21 46 15
21 47 15
21 48 12
22 32 1
22 33 15
22 34 7
22 35 15
22 36 6
22 37 2
22 38 2
22 39 3
22 40 15
22 41 7
22 42 15
22 43 15
22 44 15
22 45 15
22 46 15
22 47 15
22 48 15
22 49 12
23 32 1
23 33 6
23 35 3
23 36 4
23 40 2
23 42 2
23 43 3
23 44 15
23 45 15
23 46 15
23 47 15
23 48 15
23 49 15
23 50 12
24 26 8
24 27 8
24 28 8
24 29 8
24 30 8
24 31 8
24 32 1
24 33 12
24 35 9
24 36 12
24 37 8
24 38 8
24 39 8
24 40 8
24 44 3
24 45 15
24 46 15
24 47 15
24 48 15
24 49 15
24 50 15
24 51 4
25 25 1
25 26 15
25 27 6
25 28 2
25 29 2
25 30 2
25 31 2
25 32 1
25 33 15
25 34 4
25 35 2
25 36 2
25 37 2
25 38 2
25 39 3
25 40 15
25 41 4
25 45 3
25 46 15
25 47 15
25 48 15
25 49 15
25 50 15
25 51 12
26 25 1
26 26 14
26 27 8
26 28 8
26 29 8
26 32 1
26 33 6
26 40 3
26 41 4
26 46 2
26 47 3
26 48 15
26 49 15
26 50 15
26 51 15
26 52 12
27 25 1
27 26 15
27 27 7
27 28 15
27 29 6
27 32 1
27 33 4
27 40 1
27 41 4
27 48 3
27 49 15
27 50 15
27 51 15
27 52 15
27 53 12
28 9 1
28 10 4
28 14 1
28 15 4
28 25 1
28 26 6
28 28 2
28 32 1
28 33 4
28 40 1
28 41 4
28 49 3
28 50 15
28 51 15
28 52 15
28 53 15
28 54 12
28 55 8
29 9 1
29 10 4
29 14 1
29 15 4
29 25 1
29 26 4
29 32 1
29 33 12
29 40 9
29 41 4
29 50 3
29 51 15
29 52 15
29 53 15
29 54 15
29 55 15
29 56 4
30 9 1
30 10 4
30 14 1
30 15 4
30 25 1
30 26 4
30 32 1
30 33 15
30 34 12
30 35 8
30 37 8
30 38 8
30 39 9
30 40 15
30 41 4
30 50 1
30 51 15
30 52 15
30 53 15
30 54 15
30 55 15
30 56 12
30 57 8
31 9 1
31 10 4
31 11 8
31 12 8
31 14 1
31 15 4
31 25 1
31 26 4
31 33 2
31 34 2
31 35 2
31 37 2
31 38 2
31 39 2
31 40 3
31 41 4
31 51 2
31 52 3
31 53 15
31 54 15
31 55 15
31 56 15
31 57 15
31 58 12
31 59 8
31 60 8
32 4 8
32 5 8
32 11 2
32 12 2
32 25 1
32 26 12
32 28 8
32 40 1
32 41 4
32 53 2
32 54 3
32 55 15
32 56 15
32 57 15
32 58 15
32 59 15
32 60 15
32 61 12
32 62 8
32 63 8
33 4 2
33 5 2
33 25 9
33 26 15
33 27 13
33 28 15
33 29 12
33 40 1
33 41 4
33 55 3
33 56 15
33 57 15
33 58 15
33 59 15
33 60 15
33 61 15
33 62 15
33 63 15
34 25 3
34 26 6
34 27 2
34 28 2
34 29 2
34 40 1
34 41 4
34 47 8
34 56 3
34 57 15
34 58 15
34 59 15
34 60 15
34 61 15
34 62 15
34 63 15
35 25 1
35 26 12
35 40 9
35 41 4
35 45 8
35 46 9
35 47 15
35 48 4
35 57 2
35 58 3
35 59 15
35 60 15
35 61 15
35 62 15
35 63 15
36 25 1
36 26 15
36 27 12
36 30 8
36 33 8
36 34 8
36 37 8
36 38 8
36 39 9
36 40 15
36 41 12
36 44 9
36 45 15
36 46 6
36 47 2
36 59 2
36 60 3
36 61 15
36 62 15
36 63 15
37 26 3
37 27 15
37 28 12
37 29 9
37 30 15
37 31 4
37 33 3
37 34 15
37 35 12
37 36 9
37 37 15
37 38 6
37 39 2
37 40 2
37 41 2
37 44 2
37 45 2
37 61 2
37 62 2
37 63 2
38 27 2
38 28 2
38 29 2
38 30 2
38 34 2
38 35 2
38 36 2
38 37 2
39 29 8
39 30 8
39 31 8
39 32 8
39 40 8
39 41 8
39 42 8
39 43 8
40 23 8
40 24 8
40 27 8
40 28 9
40 29 15
40 30 6
40 31 3
40 32 15
40 33 12
40 34 8
40 38 8
40 39 9
40 40 15
40 41 6
40 42 3
40 43 15
40 44 12
41 22 9
41 23 15
41 24 6
41 27 3
41 28 15
41 29 6
41 32 2
41 33 3
41 34 15
41 35 12
41 36 8
41 37 9
41 38 15
41 39 6
41 40 2
41 43 3
41 44 15
41 45 12
42 21 9
42 22 15
42 23 6
42 28 3
42 29 4
42 34 2
42 35 2
42 36 2
42 37 2
42 38 2
42 44 3
42 45 15
42 46 4
43 20 9
43 21 15
43 22 6
43 28 1
43 29 4
43 45 2
43 47 8
43 48 8
44 19 9
44 20 15
44 21 6
44 28 1
44 29 4
44 47 3
44 48 15
44 49 12
45 18 9
45 19 15
45 20 6
45 28 1
45 29 4
45 48 3
45 49 15
45 50 4
46 17 9
46 18 15
46 19 6
46 28 1
46 29 4
46 49 3
46 50 4
47 16 9
47 17 15
47 18 6
47 28 1
47 29 4
47 49 1
47 50 4
48 15 1
48 16 15
48 17 6
48 28 1
48 29 4
49 14 8
49 16 2
49 28 1
49 29 4
50 13 9
50 14 15
50 15 4
50 28 1
50 29 4
50 53 8
51 12 9
51 13 15
51 14 6
51 28 1
51 29 4
51 53 2
52 11 9
52 12 15
52 13 6
52 28 1
52 29 4
52 56 8
52 58 8
52 59 8
52 62 8
52 63 8
53 10 9
53 11 15
53 12 6
53 28 1
53 29 4
53 56 2
53 58 2
53 59 2
53 62 2
53 63 2
54 9 9
54 10 15
54 11 6
54 28 1
54 29 4
55 8 9
55 9 15
55 10 6
55 28 9
55 29 4
56 7 9
56 8 15
56 9 6
56 27 1
56 28 15
56 29 4
57 6 9
57 7 15
57 8 6
57 27 1
57 28 6
58 5 1
58 6 15
58 7 6
58 27 1
58 28 4
59 5 1
59 6 6
60 5 1
60 6 4
60 27 1
60 28 12
61 27 1
61 28 15
61 29 4
62 28 3
62 29 4
63 5 1
63 6 4
63 28 1
63 29 4
