0
0 36 8
0 37 8
0 62 8
1 8 8
1 9 8
1 10 8
1 14 8
1 15 8
1 16 8
1 17 8
1 18 8
1 19 8
1 20 8
1 21 8
1 22 8
1 23 8
1 24 8
1 25 8
1 26 8
1 27 8
1 28 8
1 29 8
1 30 8
1 31 8
1 32 8
1 33 8
1 34 8
1 35 9
1 36 15
1 37 15
1 38 4
1 56 8
1 57 8
1 58 8
1 59 8
1 61 1
1 62 15
1 63 12
2 8 2
2 9 2
2 10 2
2 14 2
2 15 2
2 16 2
2 17 2
2 18 2
2 19 2
2 20 2
2 21 2
2 22 2
2 23 2
2 24 2
2 25 2
2 26 2
2 27 2
2 28 2
2 29 2
2 30 2
2 31 2
2 32 2
2 33 2
2 34 2
2 35 2
2 36 2
2 37 2
2 56 2
2 57 2
2 58 2
2 59 2
2 62 2
2 63 2
4 4 1
4 5 4
4 8 8
4 9 8
4 10 8
4 13 8
4 15 8
4 18 8
4 19 8
4 20 8
4 21 8
4 22 8
4 23 8
4 24 8
4 25 8
4 26 8
4 27 8
4 28 8
4 29 8
4 30 8
4 31 8
4 32 8
4 33 8
4 34 8
4 35 8
4 40 8
4 41 8
4 42 8
4 43 8
4 44 8
4 45 8
4 46 8
4 47 8
4 48 8
4 49 8
4 50 8
4 51 8
4 52 8
4 53 8
4 54 8
4 55 8
4 56 8
4 57 8
4 58 8
4 59 8
4 62 8
4 63 8
5 4 1
5 5 4
5 8 2
5 9 2
5 10 2
5 13 2
5 15 2
5 18 2
5 19 2
5 20 2
5 21 2
5 22 2
5 23 2
5 24 2
5 25 2
5 26 2
5 27 2
5 28 2
5 29 2
5 30 2
5 31 2
5 32 2
5 33 2
5 34 2
5 35 2
5 40 2
5 41 2
5 42 2
5 43 2
5 44 2
5 45 2
5 46 2
5 47 2
5 48 2
5 49 2
5 50 2
5 51 2
5 52 2
5 53 2
5 54 2
5 55 2
5 56 2
5 57 2
5 58 2
5 59 2
5 61 1
5 62 15
5 63 6
6 4 1
6 5 4
6 7 1
6 8 4
6 62 2
7 4 1
7 5 4
7 7 1
7 8 4
8 4 8
9 3 1
9 4 15
9 5 4
10 4 2
11 4 1
11 5 4
11 7 1
11 8 4
12 4 1
12 5 4
12 7 1
12 8 4
13 7 1
13 8 4
14 7 1
14 8 4
15 7 1
15 8 4
16 7 1
16 8 4
17 7 1
17 8 4
18 7 1
18 8 4
19 7 1
19 8 4
20 7 1
20 8 4
21 7 1
21 8 4
22 7 1
22 8 4
23 7 1
23 8 4
24 7 1
24 8 4
25 7 1
25 8 4
26 7 1
26 8 4
27 7 1
27 8 4
28 7 1
28 8 4
29 7 1
29 8 4
30 7 1
30 8 4
31 7 1
31 8 4
36 7 1
36 8 4
37 4 1
37 5 4
37 7 1
37 8 4
38 7 1
38 8 4
39 7 1
39 8 4
40 7 1
40 8 4
41 7 1
41 8 4
42 7 1
42 8 4
43 7 1
43 8 4
44 7 8
45 6 1
45 7 15
45 8 4
46 7 2
47 7 8
48 6 1
48 7 15
48 8 4
49 7 2
50 7 1
50 8 4
51 4 1
51 5 4
51 7 1
51 8 4
52 7 1
52 8 4
53 7 1
53 8 4
54 7 1
54 8 4
55 7 1
55 8 4
56 4 1
56 5 4
56 7 1
56 8 4
57 4 1
57 5 4
57 7 1
57 8 4
58 4 1
58 5 4
58 7 1
58 8 4
59 4 1
59 5 4
59 7 1
59 8 4
60 4 1
60 5 4
60 7 1
60 8 4
61 4 1
61 5 4
61 7 1
61 8 4
62 4 1
62 5 4
62 7 1
62 8 4
63 4 1
63 5 4
63 7 1
63 8 4
