0
0 47 1
0 48 4
3 47 1
3 48 4
4 47 1
4 48 4
5 47 1
5 48 4
6 47 1
6 48 4
7 47 8
8 46 1
8 47 15
8 48 4
9 46 1
9 47 15
9 48 4
10 46 1
10 47 15
10 48 12
11 46 1
11 47 15
11 48 15
11 49 12
12 46 1
12 47 15
12 48 15
12 49 15
12 50 12
13 47 3
13 48 15
13 49 15
13 50 15
13 51 4
14 47 1
14 48 15
14 49 15
14 50 15
14 51 12
14 62 8
15 48 3
15 49 15
15 50 15
15 51 15
15 52 4
15 60 8
15 61 9
15 62 15
15 63 12
16 48 1
16 49 15
16 50 15
16 51 15
16 52 12
16 59 9
16 60 15
16 61 15
16 62 15
16 63 15
17 49 3
17 50 15
17 51 15
17 52 15
17 53 12
17 58 9
17 59 15
17 60 15
17 61 15
17 62 15
17 63 15
18 50 3
18 51 15
18 52 15
18 53 15
18 54 4
18 57 1
18 58 15
18 59 15
18 60 15
18 61 15
18 62 15
18 63 15
19 50 1
19 51 15
19 52 15
19 53 15
19 54 4
19 57 1
19 58 15
19 59 15
19 60 15
19 61 15
19 62 15
19 63 15
20 51 3
20 52 15
20 53 15
20 54 4
20 58 3
20 59 15
20 60 15
20 61 15
20 62 15
20 63 15
21 51 1
21 52 15
21 53 15
21 54 4
21 58 1
21 59 15
21 60 15
21 61 15
21 62 15
21 63 15
22 51 1
22 52 15
22 53 15
22 54 12
22 59 3
22 60 15
22 61 15
22 62 15
22 63 15
23 51 1
23 52 15
23 53 15
23 54 15
23 55 4
23 59 1
23 60 15
23 61 15
23 62 15
23 63 15
24 52 3
24 53 15
24 54 15
24 55 4
24 59 1
24 60 15
24 61 15
24 62 15
24 63 15
25 53 3
25 54 15
25 55 12
25 60 3
25 61 15
25 62 15
25 63 15
26 53 1
26 54 15
26 55 15
26 56 12
26 61 3
26 62 15
26 63 15
27 53 9
27 54 15
27 55 15
27 56 15
27 57 4
27 62 3
27 63 15
28 52 9
28 53 15
28 54 15
28 55 15
28 56 15
28 57 4
28 63 2
29 51 1
29 52 15
29 53 15
29 54 15
29 55 15
29 56 15
29 57 12
30 51 1
30 52 15
30 53 15
30 54 15
30 55 15
30 56 15
30 57 15
30 58 4
31 51 9
31 52 15
31 53 15
31 54 15
31 55 15
31 56 15
31 57 15
31 58 12
32 50 1
32 51 15
32 52 15
32 53 15
32 54 15
32 55 7
32 56 15
32 57 15
32 58 15
32 59 12
33 50 9
33 51 15
33 52 15
33 53 15
33 54 6
33 56 3
33 57 15
33 58 15
33 59 15
33 60 12
33 61 8
33 62 8
33 63 8
34 49 1
34 50 15
34 51 15
34 52 15
34 53 6
34 57 2
34 58 3
34 59 15
34 60 15
34 61 15
34 62 15
34 63 15
35 49 9
35 50 15
35 51 15
35 52 6
35 59 3
35 60 15
35 61 15
35 62 15
35 63 15
36 48 9
36 49 15
36 50 15
36 51 6
36 60 3
36 61 15
36 62 15
36 63 15
37 47 1
37 48 15
37 49 15
37 50 6
37 61 2
37 62 2
37 63 2
38 47 1
38 48 15
38 49 15
38 50 4
39 47 1
39 48 15
39 49 15
39 50 4
40 47 1
40 48 15
40 49 15
40 50 12
41 48 3
41 49 15
41 50 15
41 51 12
42 49 3
42 50 15
42 51 15
42 52 4
43 49 1
43 50 15
43 51 15
43 52 4
44 49 1
44 50 15
44 51 15
44 52 4
45 50 3
45 51 15
45 52 12
46 51 3
46 52 15
46 53 4
47 52 2
51 56 8
51 57 8
52 55 9
52 56 15
52 57 15
52 58 4
53 54 1
53 55 15
53 56 15
53 57 15
53 58 4
54 54 1
54 55 15
54 56 15
54 57 6
55 54 1
55 55 15
55 56 6
56 54 9
56 55 15
56 56 4
57 53 9
57 54 15
57 55 15
57 56 4
58 52 9
58 53 15
58 54 15
58 55 6
59 51 1
59 52 15
59 53 15
59 54 15
59 55 4
60 52 3
60 53 15
60 54 15
60 55 4
61 52 1
61 53 15
61 54 6
62 53 2
