0
15 32 8
16 31 9
16 32 15
16 33 12
17 26 8
17 27 8
17 28 8
17 29 8
17 30 9
17 31 15
17 32 15
17 33 15
17 34 12
18 25 9
18 26 15
18 27 15
18 28 15
18 29 15
18 30 15
18 31 15
18 32 15
18 33 15
18 34 15
18 35 12
18 36 8
18 37 8
19 24 9
19 25 15
19 26 15
19 27 15
19 28 15
19 29 15
19 30 15
19 31 15
19 32 6
19 33 2
19 34 3
19 35 15
19 36 15
19 37 15
19 38 12
19 39 8
19 40 8
20 23 9
20 24 15
20 25 15
20 26 15
20 27 15
20 28 15
20 29 15
20 30 15
20 31 6
20 35 2
20 36 3
20 37 15
20 38 15
20 39 15
20 40 15
20 41 12
21 22 9
21 23 15
21 24 15
21 25 15
21 26 15
21 27 15
21 28 15
21 29 6
21 30 2
21 37 3
21 38 15
21 39 15
21 40 15
21 41 15
21 42 12
21 43 8
21 44 8
22 21 9
22 22 15
22 23 15
22 24 15
22 25 15
22 26 15
22 27 15
22 28 6
22 38 2
22 39 2
22 40 3
22 41 15
22 42 15
22 43 15
22 44 15
22 45 12
23 20 1
23 21 15
23 22 15
23 23 15
23 24 15
23 25 15
23 26 15
23 27 15
23 28 4
23 41 3
23 42 15
23 43 15
23 44 15
23 45 15
23 46 12
23 47 8
24 20 1
24 21 15
24 22 15
24 23 15
24 24 15
24 25 15
24 26 15
24 27 15
24 28 4
24 42 3
24 43 15
24 44 15
24 45 15
24 46 15
24 47 15
24 48 12
25 20 9
25 21 15
25 22 15
25 23 15
25 24 15
25 25 15
25 26 15
25 27 15
25 28 4
25 43 3
25 44 15
25 45 15
25 46 15
25 47 15
25 48 15
25 49 12
26 19 1
26 20 15
26 21 15
26 22 15
26 23 15
26 24 15
26 25 15
26 26 15
26 27 6
26 44 2
26 45 2
26 46 3
26 47 15
26 48 15
26 49 15
26 50 12
27 19 9
27 20 15
27 21 15
27 22 15
27 23 15
27 24 15
27 25 15
27 26 15
27 27 4
27 46 1
27 47 15
27 48 15
27 49 15
27 50 15
27 51 12
28 18 9
28 19 15
28 20 15
28 21 15
28 22 15
28 23 15
28 24 15
28 25 15
28 26 6
28 47 3
28 48 15
28 49 15
28 50 15
28 51 15
28 52 12
29 16 8
29 17 9
29 18 15
29 19 15
29 20 15
29 21 15
29 22 15
29 23 15
29 24 15
29 25 6
29 47 1
29 48 15
29 49 15
29 50 15
29 51 15
29 52 15
29 53 4
30 15 9
30 16 15
30 17 15
30 18 15
30 19 15
30 20 15
30 21 15
30 22 15
30 23 15
30 24 15
30 25 4
30 47 1
30 48 15
30 49 15
30 50 15
30 51 15
30 52 15
30 53 4
31 14 1
31 15 15
31 16 15
31 17 15
31 18 15
31 19 6
31 20 2
31 21 2
31 22 2
31 23 3
31 24 15
31 25 4
31 48 2
31 49 3
31 50 15
31 51 15
31 52 15
31 53 12
32 15 3
32 16 15
32 17 15
32 18 6
32 24 2
32 50 2
32 51 3
32 52 15
32 53 15
32 54 12
33 16 2
33 17 2
33 35 8
33 36 8
33 37 8
33 38 8
33 39 8
33 40 8
33 41 8
33 42 8
33 52 3
33 53 15
33 54 15
33 55 12
34 34 9
34 35 15
34 36 6
34 37 2
34 38 2
34 39 2
34 40 2
34 41 3
34 42 15
34 43 12
34 53 11
34 54 15
34 55 15
34 56 4
35 33 9
35 34 15
35 35 6
35 42 3
35 43 15
35 44 12
35 52 1
35 53 15
35 54 15
35 55 15
35 56 4
36 32 1
36 33 15
36 34 6
36 43 3
36 44 15
36 45 4
36 52 9
36 53 15
36 54 15
36 55 6
37 32 9
37 33 6
37 44 3
37 45 4
37 51 1
37 52 15
37 53 15
37 54 15
37 55 4
38 31 9
38 32 15
38 33 4
38 44 1
38 45 4
38 51 1
38 52 15
38 53 15
38 54 15
38 55 4
39 16 8
39 17 8
39 31 2
39 32 2
39 44 1
39 45 4
39 51 1
39 52 15
39 53 15
39 54 6
40 15 9
40 16 15
40 17 15
40 18 12
40 31 8
40 32 8
40 44 1
40 45 4
40 51 9
40 52 15
40 53 15
40 54 4
41 14 1
41 15 15
41 16 15
41 17 15
41 18 15
41 19 12
41 31 3
41 32 15
41 33 4
41 44 1
41 45 4
41 50 1
41 51 15
41 52 15
41 53 15
41 54 4
42 14 1
42 15 15
42 16 15
42 17 15
42 18 15
42 19 15
42 20 12
42 21 8
42 32 3
42 33 12
42 44 9
42 45 4
42 50 1
42 51 15
42 52 15
42 53 15
42 54 4
43 15 3
43 16 15
43 17 15
43 18 15
43 19 15
43 20 15
43 21 15
43 22 12
43 32 1
43 33 15
43 34 12
43 43 9
43 44 15
43 45 4
43 51 3
43 52 15
43 53 15
43 54 12
44 16 2
44 17 3
44 18 15
44 19 15
44 20 15
44 21 15
44 22 15
44 23 4
44 33 3
44 34 15
44 35 12
44 42 9
44 43 15
44 44 6
44 52 3
44 53 15
44 54 15
44 55 12
45 18 3
45 19 15
45 20 15
45 21 15
45 22 15
45 23 12
45 34 3
45 35 15
45 36 12
45 37 8
45 38 8
45 39 8
45 40 8
45 41 9
45 42 15
45 43 6
45 53 3
45 54 15
45 55 15
45 56 12
46 19 3
46 20 15
46 21 15
46 22 15
46 23 15
46 24 12
46 35 2
46 36 2
46 37 2
46 38 2
46 39 2
46 40 2
46 41 2
46 42 2
46 54 3
46 55 15
46 56 15
46 57 12
47 20 2
47 21 3
47 22 15
47 23 15
47 24 15
47 25 12
47 29 8
47 30 8
47 54 1
47 55 15
47 56 15
47 57 15
47 58 12
48 21 1
48 22 15
48 23 15
48 24 15
48 25 15
48 26 12
48 27 8
48 28 9
48 29 15
48 30 15
48 31 12
48 54 9
48 55 15
48 56 15
48 57 15
48 58 15
48 59 4
49 22 3
49 23 15
49 24 15
49 25 15
49 26 15
49 27 15
49 28 15
49 29 15
49 30 15
49 31 15
49 32 4
49 51 8
49 52 8
49 53 9
49 54 15
49 55 15
49 56 15
49 57 15
49 58 15
49 59 4
50 22 1
50 23 15
50 24 15
50 25 15
50 26 15
50 27 15
50 28 15
50 29 15
50 30 15
50 31 15
50 32 4
50 44 8
50 49 8
50 50 9
50 51 15
50 52 15
50 53 15
50 54 15
50 55 15
50 56 15
50 57 15
50 58 15
50 59 4
51 23 2
51 24 2
51 25 2
51 26 2
51 27 3
51 28 15
51 29 15
51 30 15
51 31 15
51 32 4
51 43 9
51 44 15
51 45 12
51 46 8
51 47 8
51 48 9
51 49 15
51 50 15
51 51 15
51 52 15
51 53 15
51 54 15
51 55 15
51 56 15
51 57 15
51 58 6
52 28 3
52 29 15
52 30 15
52 31 15
52 32 12
52 42 9
52 43 15
52 44 15
52 45 15
52 46 15
52 47 15
52 48 15
52 49 15
52 50 15
52 51 15
52 52 15
52 53 15
52 54 15
52 55 15
52 56 15
52 57 6
53 29 2
53 30 3
53 31 15
53 32 15
53 33 12
53 41 9
53 42 15
53 43 15
53 44 15
53 45 6
53 46 2
53 47 2
53 48 2
53 49 3
53 50 15
53 51 15
53 52 15
53 53 15
53 54 15
53 55 6
53 56 2
54 30 1
54 31 15
54 32 15
54 33 15
54 34 4
54 40 9
54 41 15
54 42 15
54 43 15
54 44 6
54 50 2
54 51 3
54 52 15
54 53 15
54 54 15
54 55 4
55 30 1
55 31 15
55 32 15
55 33 15
55 34 12
55 35 8
55 39 9
55 40 15
55 41 15
55 42 15
55 43 6
55 52 2
55 53 2
55 54 2
56 30 1
56 31 15
56 32 15
56 33 15
56 34 15
56 35 15
56 36 12
56 37 8
56 38 9
56 39 15
56 40 15
56 41 15
56 42 15
56 43 4
57 29 8
57 30 9
57 31 15
57 32 15
57 33 15
57 34 15
57 35 15
57 36 15
57 37 15
57 38 15
57 39 15
57 40 15
57 41 15
57 42 15
57 43 4
58 27 8
58 28 9
58 29 15
58 30 15
58 31 15
58 32 15
58 33 15
58 34 15
58 35 15
58 36 15
58 37 15
58 38 15
58 39 15
58 40 15
58 41 15
58 42 6
59 25 8
59 26 9
59 27 15
59 28 15
59 29 15
59 30 15
59 31 6
59 32 2
59 33 2
59 34 2
59 35 2
59 36 3
59 37 15
59 38 15
59 39 15
59 40 15
59 41 6
60 24 9
60 25 15
60 26 15
60 27 15
60 28 15
60 29 15
60 30 6
60 37 3
60 38 15
60 39 15
60 40 6
61 22 8
61 23 9
61 24 15
61 25 15
61 26 15
61 27 15
61 28 6
61 29 2
61 38 2
61 39 2
62 21 9
62 22 15
62 23 15
62 24 15
62 25 15
62 26 6
62 27 2
63 20 1
63 21 15
63 22 15
63 23 15
63 24 6
63 25 2
