0
0 0 15
0 1 15
0 2 15
0 3 15
0 4 15
0 5 15
0 6 15
0 7 15
0 8 15
0 9 15
0 10 15
0 11 15
0 12 15
0 13 15
0 14 15
0 15 15
0 16 15
0 17 15
0 18 15
0 19 15
0 20 15
0 21 15
0 22 15
0 23 15
0 24 15
0 25 15
0 26 15
0 27 15
0 28 15
0 29 15
0 30 15
0 31 15
0 32 15
0 33 15
0 34 15
0 35 15
0 36 15
0 37 15
0 38 15
0 39 15
0 40 15
0 41 15
0 42 15
0 43 15
0 44 15
0 45 15
0 46 15
0 47 15
0 48 15
0 49 15
0 50 15
0 51 15
0 52 15
0 53 15
0 54 15
0 55 15
0 56 15
0 57 15
0 58 15
0 59 15
0 60 15
0 61 15
0 62 12
1 0 15
1 1 15
1 2 15
1 3 15
1 4 15
1 5 15
1 6 15
1 7 15
1 8 15
1 9 15
1 10 15
1 11 15
1 12 15
1 13 15
1 14 15
1 15 15
1 16 15
1 17 15
1 18 15
1 19 15
1 20 15
1 21 15
1 22 15
1 23 15
1 24 15
1 25 15
1 26 15
1 27 15
1 28 15
1 29 15
1 30 15
1 31 15
1 32 15
1 33 15
1 34 15
1 35 15
1 36 15
1 37 15
1 38 15
1 39 15
1 40 15
1 41 15
1 42 15
1 43 15
1 44 15
1 45 15
1 46 15
1 47 15
1 48 15
1 49 15
1 50 15
1 51 15
1 52 15
1 53 15
1 54 15
1 55 15
1 56 15
1 57 15
1 58 15
1 59 15
1 60 15
1 61 15
1 62 15
1 63 12
2 0 3
2 1 15
2 2 15
2 3 15
2 4 15
2 5 15
2 6 15
2 7 15
2 8 15
2 9 15
2 10 15
2 11 15
2 12 15
2 13 15
2 14 15
2 15 15
2 16 15
2 17 15
2 18 15
2 19 6
2 20 2
2 21 2
2 22 2
2 23 3
2 24 15
2 25 15
2 26 15
2 27 15
2 28 15
2 29 15
2 30 15
2 31 15
2 32 15
2 33 15
2 34 15
2 35 15
2 36 15
2 37 15
2 38 15
2 39 15
2 40 15
2 41 15
2 42 15
2 43 15
2 44 15
2 45 15
2 46 15
2 47 15
2 48 15
2 49 15
2 50 15
2 51 15
2 52 15
2 53 15
2 54 15
2 55 15
2 56 15
2 57 15
2 58 15
2 59 15
2 60 15
2 61 15
2 62 15
2 63 15
3 1 2
3 2 2
3 3 2
3 4 3
3 5 15
3 6 15
3 7 15
3 8 15
3 9 15
3 10 15
3 11 15
3 12 15
3 13 15
3 14 15
3 15 6
3 16 2
3 17 2
3 18 2
3 24 2
3 25 2
3 26 2
3 27 3
3 28 15
3 29 15
3 30 15
3 31 15
3 32 15
3 33 15
3 34 15
3 35 15
3 36 15
3 37 15
3 38 15
3 39 15
3 40 15
3 41 15
3 42 15
3 43 15
3 44 15
3 45 15
3 46 15
3 47 15
3 48 15
3 49 15
3 50 15
3 51 15
3 52 15
3 53 15
3 54 15
3 55 15
3 56 15
3 57 15
3 58 15
3 59 15
3 60 15
3 61 15
3 62 15
3 63 15
4 5 2
4 6 2
4 7 2
4 8 2
4 9 2
4 10 2
4 11 2
4 12 2
4 13 2
4 14 2
4 28 2
4 29 2
4 30 3
4 31 15
4 32 15
4 33 15
4 34 15
4 35 15
4 36 15
4 37 15
4 38 15
4 39 15
4 40 15
4 41 15
4 42 15
4 43 15
4 44 15
4 45 15
4 46 15
4 47 15
4 48 15
4 49 15
4 50 15
4 51 15
4 52 15
4 53 15
4 54 6
4 55 2
4 56 2
4 57 2
4 58 3
4 59 15
4 60 15
4 61 15
4 62 15
4 63 15
5 31 2
5 32 2
5 33 3
5 34 15
5 35 15
5 36 15
5 37 15
5 38 15
5 39 15
5 40 15
5 41 15
5 42 15
5 43 15
5 44 15
5 45 15
5 46 15
5 47 15
5 48 15
5 49 15
5 50 6
5 51 2
5 52 2
5 53 2
5 59 2
5 60 3
5 61 15
5 62 15
5 63 15
6 34 2
6 35 2
6 36 2
6 37 3
6 38 15
6 39 15
6 40 15
6 41 15
6 42 15
6 43 15
6 44 15
6 45 15
6 46 6
6 47 2
6 48 2
6 49 2
6 61 3
6 62 15
6 63 15
7 38 2
7 39 2
7 40 2
7 41 2
7 42 2
7 43 2
7 44 2
7 45 2
7 62 2
7 63 2
9 19 8
9 20 8
9 21 8
9 22 8
9 23 8
9 24 8
9 25 8
10 17 8
10 18 9
10 19 15
10 20 15
10 21 15
10 22 15
10 23 15
10 24 15
10 25 15
10 26 12
10 27 8
11 16 9
11 17 15
11 18 15
11 19 15
11 20 15
11 21 15
11 22 15
11 23 15
11 24 15
11 25 15
11 26 15
11 27 15
11 28 12
11 29 8
11 30 8
11 31 8
11 32 8
11 33 8
12 15 1
12 16 15
12 17 15
12 18 15
12 19 15
12 20 15
12 21 15
12 22 15
12 23 15
12 24 15
12 25 15
12 26 15
12 27 15
12 28 15
12 29 15
12 30 15
12 31 15
12 32 15
12 33 15
12 34 12
12 35 8
13 15 1
13 16 15
13 17 15
13 18 15
13 19 15
13 20 15
13 21 15
13 22 15
13 23 15
13 24 15
13 25 15
13 26 15
13 27 15
13 28 15
13 29 15
13 30 15
13 31 15
13 32 15
13 33 15
13 34 15
13 35 15
13 36 12
14 15 1
14 16 15
14 17 15
14 18 15
14 19 15
14 20 15
14 21 15
14 22 15
14 23 15
14 24 15
14 25 15
14 26 15
14 27 15
14 28 15
14 29 15
14 30 15
14 31 15
14 32 15
14 33 15
14 34 15
14 35 15
14 36 15
14 37 12
15 15 1
15 16 15
15 17 15
15 18 15
15 19 15
15 20 15
15 21 15
15 22 15
15 23 15
15 24 15
15 25 15
15 26 15
15 27 15
15 28 15
15 29 15
15 30 15
15 31 15
15 32 15
15 33 15
15 34 15
15 35 15
15 36 15
15 37 15
15 38 4
16 15 1
16 16 15
16 17 15
16 18 15
16 19 15
16 20 15
16 21 15
16 22 15
16 23 15
16 24 15
16 25 15
16 26 15
16 27 15
16 28 15
16 29 15
16 30 15
16 31 15
16 32 15
16 33 15
16 34 15
16 35 15
16 36 15
16 37 15
16 38 12
17 16 3
17 17 15
17 18 15
17 19 15
17 20 15
17 21 15
17 22 15
17 23 15
17 24 15
17 25 15
17 26 15
17 27 15
17 28 15
17 29 15
17 30 15
17 31 15
17 32 15
17 33 15
17 34 15
17 35 15
17 36 15
17 37 15
17 38 15
17 39 4
18 16 1
18 17 15
18 18 15
18 19 15
18 20 15
18 21 15
18 22 15
18 23 15
18 24 15
18 25 15
18 26 15
18 27 15
18 28 15
18 29 15
18 30 15
18 31 15
18 32 15
18 33 15
18 34 15
18 35 15
18 36 15
18 37 15
18 38 15
18 39 4
19 17 3
19 18 15
19 19 15
19 20 15
19 21 15
19 22 15
19 23 15
19 24 15
19 25 15
19 26 15
19 27 15
19 28 15
19 29 15
19 30 15
19 31 15
19 32 15
19 33 15
19 34 15
19 35 15
19 36 15
19 37 15
19 38 15
19 39 4
20 18 2
20 19 3
20 20 15
20 21 15
20 22 15
20 23 15
20 24 15
20 25 15
20 26 15
20 27 15
20 28 15
20 29 15
20 30 15
20 31 15
20 32 15
20 33 15
20 34 15
20 35 15
20 36 15
20 37 15
20 38 15
20 39 4
21 20 3
21 21 15
21 22 15
21 23 15
21 24 15
21 25 15
21 26 15
21 27 15
21 28 15
21 29 15
21 30 15
21 31 15
21 32 15
21 33 15
21 34 15
21 35 15
21 36 15
21 37 15
21 38 15
21 39 4
22 21 2
22 22 2
22 23 3
22 24 15
22 25 15
22 26 15
22 27 15
22 28 15
22 29 15
22 30 15
22 31 15
22 32 15
22 33 15
22 34 15
22 35 15
22 36 15
22 37 15
22 38 15
22 39 4
23 24 2
23 25 3
23 26 15
23 27 15
23 28 15
23 29 15
23 30 15
23 31 15
23 32 15
23 33 15
23 34 15
23 35 15
23 36 15
23 37 15
23 38 6
24 26 3
24 27 15
24 28 15
24 29 15
24 30 15
24 31 15
24 32 15
24 33 15
24 34 15
24 35 15
24 36 15
24 37 6
25 27 3
25 28 15
25 29 15
25 30 15
25 31 15
25 32 15
25 33 15
25 34 15
25 35 15
25 36 6
26 28 2
26 29 2
26 30 2
26 31 2
26 32 2
26 33 2
26 34 2
26 35 2
49 24 8
49 25 8
49 26 8
49 27 8
50 24 2
50 25 2
50 26 2
50 27 2
52 23 1
52 24 12
52 25 8
52 26 8
52 27 8
53 24 2
53 25 2
53 26 2
53 27 2
