0
0 26 8
0 27 8
0 28 8
0 29 8
0 30 8
0 31 8
0 32 8
0 33 8
0 34 8
0 35 8
0 36 8
0 37 8
0 49 1
0 50 15
0 51 15
0 52 15
0 53 15
0 54 15
0 55 15
0 56 15
0 57 15
0 58 15
0 59 15
0 60 15
0 61 15
0 62 15
0 63 15
1 25 1
1 26 6
1 27 2
1 28 2
1 29 2
1 30 2
1 31 2
1 32 2
1 33 2
1 34 2
1 35 2
1 36 2
1 37 2
1 38 1
1 39 4
1 50 3
1 51 15
1 52 15
1 53 15
1 54 15
1 55 15
1 56 15
1 57 15
1 58 15
1 59 15
1 60 15
1 61 15
1 62 15
1 63 15
2 25 1
2 26 4
2 38 1
2 39 4
2 50 1
2 51 15
2 52 15
2 53 15
2 54 15
2 55 15
2 56 15
2 57 15
2 58 15
2 59 15
2 60 15
2 61 15
2 62 15
2 63 15
3 25 1
3 26 4
3 28 8
3 36 8
3 38 1
3 39 4
3 50 1
3 51 15
3 52 15
3 53 15
3 54 15
3 55 15
3 56 15
3 57 15
3 58 15
3 59 15
3 60 15
3 61 15
3 62 15
3 63 15
4 25 1
4 26 12
4 27 9
4 28 15
4 29 4
4 35 1
4 36 15
4 37 12
4 38 9
4 39 4
4 51 3
4 52 15
4 53 15
4 54 15
4 55 15
4 56 15
4 57 15
4 58 15
4 59 15
4 60 15
4 61 15
4 62 15
4 63 15
5 5 8
5 6 8
5 7 8
5 8 8
5 9 8
5 10 8
5 25 1
5 26 6
5 27 2
5 28 2
5 36 2
5 37 2
5 38 3
5 39 4
5 52 2
5 53 2
5 54 3
5 55 15
5 56 15
5 57 15
5 58 15
5 59 15
5 60 15
5 61 15
5 62 15
5 63 15
6 5 2
6 6 2
6 7 2
6 8 2
6 9 3
6 10 15
6 11 4
6 16 8
6 17 8
6 18 8
6 19 8
6 20 8
6 25 1
6 26 4
6 38 1
6 39 4
6 55 3
6 56 15
6 57 15
6 58 15
6 59 15
6 60 15
6 61 15
6 62 15
6 63 15
7 10 3
7 11 12
7 12 8
7 13 8
7 14 8
7 15 9
7 16 15
7 17 6
7 18 2
7 19 3
7 20 15
7 21 4
7 25 1
7 26 4
7 38 1
7 39 4
7 56 3
7 57 15
7 58 15
7 59 15
7 60 15
7 61 15
7 62 15
7 63 15
8 4 1
8 5 4
8 10 1
8 11 6
8 12 2
8 13 2
8 14 2
8 15 3
8 16 6
8 20 3
8 21 4
8 25 1
8 26 12
8 27 8
8 28 8
8 29 8
8 30 8
8 31 9
8 32 4
8 33 1
8 34 12
8 35 8
8 36 8
8 37 8
8 38 9
8 39 4
8 57 3
8 58 15
8 59 15
8 60 15
8 61 15
8 62 15
8 63 15
9 4 1
9 5 4
9 10 1
9 11 4
9 15 1
9 16 4
9 20 1
9 21 4
9 26 2
9 27 2
9 28 2
9 29 2
9 30 2
9 31 2
9 34 2
9 35 2
9 36 2
9 37 2
9 38 2
9 58 3
9 59 15
9 60 15
9 61 15
9 62 15
9 63 15
10 4 1
10 5 4
10 10 1
10 11 4
10 12 1
10 13 5
10 14 4
10 15 1
10 16 12
10 20 9
10 21 4
10 58 1
10 59 15
10 60 15
10 61 15
10 62 15
10 63 15
11 4 1
11 5 4
11 10 1
11 11 4
11 15 1
11 16 15
11 17 12
11 18 8
11 19 1
11 20 15
11 21 4
11 58 1
11 59 15
11 60 15
11 61 15
11 62 15
11 63 15
12 4 1
12 5 12
12 10 9
12 11 4
12 15 1
12 16 6
12 17 2
12 18 2
12 20 2
12 59 3
12 60 15
12 61 15
12 62 15
12 63 15
13 4 1
13 5 15
13 6 12
13 7 8
13 9 9
13 10 15
13 11 4
13 15 1
13 16 4
13 59 1
13 60 15
13 61 15
13 62 15
13 63 15
14 5 2
14 6 2
14 7 2
14 9 2
14 10 3
14 11 4
14 15 1
14 16 4
14 60 2
14 61 3
14 62 15
14 63 15
15 10 1
15 11 12
15 12 8
15 13 8
15 15 9
15 16 4
15 62 3
15 63 15
16 11 2
16 12 2
16 13 2
16 15 2
16 22 8
16 23 8
16 24 8
16 25 8
16 26 8
16 27 8
16 28 8
16 29 8
16 30 8
16 31 8
16 32 8
16 33 8
16 34 8
16 35 8
16 36 8
16 37 8
16 38 8
16 39 8
16 62 1
16 63 15
17 22 10
17 23 10
17 24 10
17 25 10
17 26 10
17 27 10
17 28 10
17 29 10
17 30 10
17 31 11
17 32 15
17 33 14
17 34 10
17 35 10
17 36 10
17 37 10
17 38 10
17 39 10
17 40 8
17 41 9
17 42 4
17 63 2
18 21 1
18 22 6
18 23 2
18 24 2
18 25 2
18 26 2
18 27 2
18 28 2
18 29 2
18 30 2
18 31 2
18 32 3
18 33 6
18 34 2
18 35 2
18 36 2
18 37 2
18 38 2
18 39 2
18 40 3
18 41 15
18 42 4
19 21 1
19 22 4
19 32 1
19 33 4
19 40 1
19 41 7
19 42 4
20 8 8
20 9 8
20 10 8
20 11 8
20 20 1
20 21 5
20 22 4
20 32 1
20 33 4
20 40 1
20 41 5
20 42 4
21 8 2
21 9 2
21 10 2
21 11 2
21 20 1
21 21 5
21 22 4
21 32 1
21 33 4
21 40 1
21 41 5
21 42 4
22 6 1
22 7 4
22 12 1
22 13 4
22 20 1
22 21 5
22 22 12
22 23 8
22 24 8
22 25 8
22 26 8
22 29 8
22 30 8
22 31 8
22 32 9
22 33 4
22 40 1
22 41 5
22 42 4
23 6 1
23 7 4
23 20 1
23 21 5
23 22 6
23 23 2
23 24 2
23 25 2
23 26 2
23 29 2
23 30 2
23 31 3
23 32 15
23 33 4
23 40 1
23 41 5
23 42 4
24 6 1
24 7 4
24 20 1
24 21 4
24 32 3
24 33 4
24 40 1
24 41 5
24 42 4
25 6 1
25 7 4
25 12 9
25 13 4
25 20 1
25 21 4
25 32 1
25 33 4
25 40 1
25 41 5
25 42 4
26 8 8
26 9 8
26 11 1
26 12 15
26 13 4
26 20 1
26 21 4
26 32 1
26 33 4
26 40 1
26 41 5
26 42 4
27 8 2
27 9 2
27 12 2
27 20 1
27 21 4
27 32 1
27 33 4
27 40 1
27 41 5
27 42 4
28 20 1
28 21 4
28 40 1
28 41 5
28 42 4
29 7 8
29 28 8
29 40 1
29 41 5
29 42 4
30 6 1
30 7 15
30 8 4
30 20 1
30 21 4
30 28 2
30 32 1
30 33 4
30 40 1
30 41 5
30 42 4
31 7 2
31 20 1
31 21 4
31 32 1
31 33 4
31 40 1
31 41 5
31 42 4
32 8 8
32 9 8
32 20 1
32 21 4
32 32 1
32 33 4
32 40 1
32 41 5
32 42 4
33 7 9
33 8 15
33 9 15
33 10 12
33 20 1
33 21 4
33 32 9
33 33 4
33 40 1
33 41 5
33 42 4
34 6 9
34 7 15
34 8 6
34 9 3
34 10 15
34 11 12
34 20 1
34 21 4
34 22 8
34 23 8
34 24 8
34 25 8
34 26 8
34 29 8
34 30 8
34 31 9
34 32 15
34 33 4
34 40 1
34 41 5
34 42 4
35 5 9
35 6 15
35 7 6
35 10 3
35 11 15
35 12 4
35 20 1
35 21 13
35 22 6
35 23 2
35 24 2
35 25 2
35 26 2
35 29 2
35 30 2
35 31 2
35 32 3
35 33 4
35 40 1
35 41 5
35 42 4
36 4 1
36 5 15
36 6 6
36 11 2
36 13 8
36 20 1
36 21 15
36 22 4
36 32 1
36 33 4
36 40 1
36 41 5
36 42 4
37 4 1
37 5 15
37 6 12
37 12 1
37 13 15
37 14 12
37 20 1
37 21 15
37 22 4
37 32 1
37 33 4
37 40 1
37 41 5
37 42 4
38 5 3
38 6 15
38 7 12
38 13 3
38 14 15
38 15 4
38 20 1
38 21 15
38 22 4
38 32 1
38 33 4
38 40 1
38 41 5
38 42 4
39 6 3
39 7 15
39 8 12
39 13 9
39 14 15
39 15 4
39 20 1
39 21 15
39 22 12
39 23 8
39 24 8
39 25 8
39 26 8
39 27 8
39 28 8
39 29 8
39 30 8
39 31 8
39 32 9
39 33 12
39 34 8
39 35 8
39 36 8
39 37 8
39 38 8
39 39 8
39 40 9
39 41 5
39 42 4
40 7 3
40 8 15
40 9 12
40 12 9
40 13 15
40 14 6
40 21 2
40 22 2
40 23 10
40 24 10
40 25 10
40 26 10
40 27 10
40 28 10
40 29 10
40 30 10
40 31 10
40 32 10
40 33 10
40 34 10
40 35 10
40 36 10
40 37 10
40 38 10
40 39 10
40 40 10
41 8 3
41 9 15
41 10 12
41 11 9
41 12 15
41 13 6
41 23 2
41 24 2
41 25 2
41 26 2
41 27 2
41 28 2
41 29 2
41 30 2
41 31 2
41 32 2
41 33 2
41 34 2
41 35 2
41 36 2
41 37 2
41 38 2
41 39 2
41 40 2
42 9 3
42 10 15
42 11 15
42 12 6
43 10 2
43 11 2
47 13 8
47 14 8
47 15 8
47 17 8
47 18 8
47 19 8
47 20 8
47 21 8
48 12 1
48 13 6
48 14 2
48 15 2
48 17 2
48 18 2
48 19 2
48 20 2
48 21 3
48 22 12
48 34 8
48 35 8
48 37 8
48 38 8
48 39 8
49 12 1
49 13 4
49 21 1
49 22 15
49 23 12
49 25 8
49 26 8
49 33 1
49 34 6
49 35 2
49 37 2
49 38 2
49 39 3
49 40 4
50 12 1
50 13 4
50 21 1
50 22 6
50 23 2
50 25 2
50 26 2
50 33 1
50 34 4
50 39 1
50 40 4
51 12 1
51 13 4
51 21 1
51 22 4
51 39 1
51 40 4
52 12 1
52 13 4
52 21 1
52 22 4
52 26 1
52 27 4
52 33 1
52 34 4
52 39 1
52 40 4
52 60 8
53 2 8
53 3 8
53 4 8
53 5 8
53 7 8
53 8 8
53 12 1
53 13 4
53 21 1
53 22 4
53 26 1
53 27 4
53 33 1
53 34 4
53 39 1
53 40 4
53 58 8
53 59 9
53 60 15
53 61 12
53 62 8
54 1 1
54 2 6
54 3 2
54 4 2
54 5 2
54 7 2
54 8 3
54 9 4
54 12 1
54 13 12
54 14 8
54 15 8
54 16 8
54 17 8
54 18 8
54 19 8
54 20 8
54 21 9
54 22 12
54 23 8
54 24 8
54 25 8
54 26 9
54 27 4
54 33 1
54 34 12
54 35 8
54 36 8
54 37 8
54 38 8
54 39 9
54 40 4
54 57 1
54 58 6
54 59 2
54 60 2
54 61 2
54 62 3
54 63 4
55 1 1
55 2 4
55 8 1
55 9 4
55 13 2
55 14 2
55 15 2
55 16 2
55 17 2
55 18 2
55 19 2
55 20 2
55 21 2
55 22 2
55 23 2
55 24 2
55 25 2
55 26 2
55 34 2
55 35 2
55 36 2
55 37 2
55 38 2
55 39 2
55 57 1
55 58 4
55 62 1
55 63 4
56 1 1
56 2 4
56 8 1
56 9 4
56 57 1
56 58 4
56 62 1
56 63 4
57 1 1
57 2 4
57 8 1
57 9 4
57 62 1
57 63 4
58 1 1
58 2 4
58 8 1
58 9 4
58 57 1
58 58 4
59 1 1
59 2 12
59 3 8
59 4 8
59 5 8
59 6 8
59 7 8
59 8 9
59 9 4
59 57 1
59 58 4
59 62 1
59 63 4
60 2 2
60 3 2
60 4 2
60 5 2
60 6 2
60 7 2
60 8 2
60 57 1
60 58 12
60 59 8
60 60 8
60 61 8
61 58 2
61 59 2
61 60 2
61 61 2
