0
0 59 9
0 60 15
0 61 15
0 62 15
0 63 15
1 58 9
1 59 15
1 60 15
1 61 15
1 62 15
1 63 15
2 56 8
2 57 9
2 58 15
2 59 15
2 60 15
2 61 6
2 62 2
2 63 2
3 47 8
3 48 8
3 49 8
3 50 8
3 51 8
3 52 8
3 53 8
3 54 8
3 55 9
3 56 15
3 57 15
3 58 15
3 59 15
3 60 6
4 46 9
4 47 15
4 48 15
4 49 15
4 50 15
4 51 15
4 52 15
4 53 15
4 54 15
4 55 15
4 56 15
4 57 15
4 58 15
4 59 6
5 45 9
5 46 15
5 47 15
5 48 15
5 49 15
5 50 15
5 51 15
5 52 15
5 53 15
5 54 15
5 55 15
5 56 15
5 57 6
5 58 2
6 44 9
6 45 15
6 46 15
6 47 15
6 48 15
6 49 15
6 50 15
6 51 15
6 52 15
6 53 15
6 54 15
6 55 15
6 56 6
7 43 9
7 44 15
7 45 15
7 46 15
7 47 15
7 48 15
7 49 15
7 50 6
7 51 2
7 52 2
7 53 2
7 54 2
7 55 2
8 42 1
8 43 15
8 44 15
8 45 15
8 46 15
8 47 15
8 48 6
8 49 2
9 42 9
9 43 15
9 44 15
9 45 15
9 46 15
9 47 6
10 41 1
10 42 15
10 43 15
10 44 15
10 45 15
10 46 6
11 41 1
11 42 15
11 43 15
11 44 15
11 45 6
12 41 1
12 42 15
12 43 15
12 44 15
12 45 4
13 41 1
13 42 15
13 43 15
13 44 15
13 45 4
14 41 1
14 42 15
14 43 15
14 44 15
14 45 4
15 41 1
15 42 15
15 43 15
15 44 15
15 45 4
16 42 3
16 43 15
16 44 15
16 45 4
17 42 1
17 43 15
17 44 15
17 45 4
18 43 2
18 44 2
21 41 8
21 42 8
21 43 8
22 39 8
22 40 9
22 41 15
22 42 15
22 43 15
22 44 4
23 37 8
23 38 9
23 39 15
23 40 15
23 41 15
23 42 15
23 43 15
23 44 4
24 34 8
24 35 8
24 36 9
24 37 15
24 38 15
24 39 15
24 40 15
24 41 15
24 42 15
24 43 15
24 44 4
25 32 8
25 33 9
25 34 15
25 35 15
25 36 15
25 37 15
25 38 15
25 39 15
25 40 15
25 41 15
25 42 15
25 43 6
26 30 8
26 31 9
26 32 15
26 33 15
26 34 15
26 35 15
26 36 15
26 37 15
26 38 15
26 39 15
26 40 6
26 41 2
26 42 2
27 29 9
27 30 15
27 31 15
27 32 15
27 33 15
27 34 15
27 35 15
27 36 15
27 37 15
27 38 6
27 39 2
28 27 8
28 28 9
28 29 15
28 30 15
28 31 15
28 32 15
28 33 15
28 34 15
28 35 15
28 36 15
28 37 6
29 26 9
29 27 15
29 28 15
29 29 15
29 30 15
29 31 15
29 32 15
29 33 15
29 34 15
29 35 6
29 36 2
30 25 1
30 26 15
30 27 15
30 28 15
30 29 15
30 30 15
30 31 15
30 32 15
30 33 6
30 34 2
31 25 9
31 26 15
31 27 15
31 28 15
31 29 15
31 30 15
31 31 6
31 32 2
32 24 1
32 25 15
32 26 15
32 27 15
32 28 15
32 29 15
32 30 6
33 24 1
33 25 15
33 26 15
33 27 15
33 28 15
33 29 15
33 30 4
34 24 1
34 25 15
34 26 15
34 27 15
34 28 15
34 29 6
35 24 1
35 25 15
35 26 15
35 27 15
35 28 15
35 29 4
36 24 9
36 25 15
36 26 15
36 27 15
36 28 6
37 23 1
37 24 15
37 25 15
37 26 15
37 27 15
37 28 4
38 23 1
38 24 15
38 25 15
38 26 15
38 27 15
38 28 4
39 23 1
39 24 15
39 25 15
39 26 15
39 27 6
40 23 9
40 24 15
40 25 15
40 26 15
40 27 4
41 20 8
41 21 8
41 22 9
41 23 15
41 24 15
41 25 15
41 26 15
41 27 4
42 19 1
42 20 15
42 21 15
42 22 15
42 23 15
42 24 15
42 25 15
42 26 6
43 19 9
43 20 15
43 21 15
43 22 6
43 23 3
43 24 15
43 25 15
43 26 4
44 18 1
44 19 15
44 20 15
44 21 15
44 22 12
44 23 9
44 24 15
44 25 15
44 26 4
45 19 3
45 20 15
45 21 15
45 22 15
45 23 15
45 24 15
45 25 15
45 26 4
46 20 2
46 21 3
46 22 15
46 23 15
46 24 15
46 25 15
46 26 4
47 22 3
47 23 15
47 24 15
47 25 15
47 26 4
48 22 1
48 23 15
48 24 15
48 25 15
48 26 4
49 22 1
49 23 15
49 24 15
49 25 15
49 26 4
50 22 1
50 23 15
50 24 15
50 25 15
50 26 4
51 22 1
51 23 15
51 24 15
51 25 15
51 26 4
52 22 1
52 23 15
52 24 15
52 25 15
52 26 4
53 23 3
53 24 15
53 25 15
53 26 12
54 23 1
54 24 15
54 25 15
54 26 15
54 27 4
55 23 1
55 24 15
55 25 15
55 26 15
55 27 4
56 23 1
56 24 15
56 25 15
56 26 6
57 23 9
57 24 15
57 25 15
57 26 4
58 22 1
58 23 15
58 24 15
58 25 15
58 26 4
59 22 1
59 23 15
59 24 15
59 25 6
60 22 9
60 23 15
60 24 15
60 25 4
61 21 9
61 22 15
61 23 15
61 24 15
61 25 4
62 20 1
62 21 15
62 22 15
62 23 15
62 24 6
63 20 1
63 21 15
63 22 15
63 23 15
63 24 4
