0
0 8 1
0 9 4
0 47 1
0 48 15
0 49 4
0 51 2
0 52 2
0 53 2
0 54 2
0 55 2
0 56 2
0 57 2
0 58 2
0 59 2
0 60 2
0 61 2
0 62 2
0 63 2
1 0 8
1 1 8
1 2 8
1 3 8
1 8 1
1 9 4
1 47 1
1 48 6
1 61 8
1 62 8
1 63 8
2 0 2
2 1 2
2 2 2
2 3 2
2 8 1
2 9 4
2 13 1
2 14 4
2 47 1
2 48 4
2 60 1
2 61 6
2 62 2
2 63 2
3 0 8
3 1 8
3 2 8
3 3 8
3 4 8
3 5 8
3 6 8
3 7 8
3 8 9
3 9 12
3 10 8
3 11 8
3 12 8
3 13 9
3 14 4
3 47 1
3 48 4
3 60 1
3 61 4
4 0 2
4 1 2
4 2 2
4 3 2
4 4 2
4 5 2
4 6 2
4 7 2
4 8 2
4 9 2
4 10 2
4 11 2
4 12 2
4 13 2
4 47 1
4 48 4
4 60 1
4 61 4
5 0 8
5 1 8
5 2 8
5 3 8
5 4 8
5 5 8
5 6 8
5 7 8
5 8 8
5 9 8
5 10 8
5 11 8
5 12 8
5 13 8
5 14 8
5 15 8
5 16 8
5 17 8
5 18 8
5 19 8
5 47 1
5 48 4
5 60 1
5 61 12
6 0 10
6 1 10
6 2 10
6 3 10
6 4 10
6 5 10
6 6 10
6 7 10
6 8 10
6 9 10
6 10 10
6 11 10
6 12 10
6 13 10
6 14 10
6 15 10
6 16 10
6 17 10
6 18 10
6 19 3
6 20 4
6 47 1
6 48 4
6 60 1
6 61 15
6 62 12
7 0 2
7 1 2
7 2 2
7 3 2
7 4 2
7 5 2
7 6 2
7 7 2
7 8 2
7 9 2
7 10 2
7 11 2
7 12 2
7 13 2
7 14 2
7 15 2
7 16 2
7 17 3
7 18 15
7 19 5
7 20 12
7 47 1
7 48 4
7 61 3
7 62 15
7 63 12
8 18 3
8 19 5
8 20 15
8 21 12
8 22 8
8 23 8
8 30 8
8 31 8
8 32 8
8 33 8
8 34 8
8 35 8
8 36 8
8 37 8
8 38 8
8 39 8
8 40 8
8 41 8
8 42 8
8 43 8
8 44 8
8 45 8
8 46 8
8 47 1
8 48 4
8 62 3
8 63 15
9 18 1
9 19 12
9 20 10
9 21 10
9 22 10
9 23 11
9 24 4
9 29 1
9 30 14
9 31 11
9 32 6
9 33 2
9 34 2
9 35 3
9 36 14
9 37 10
9 38 10
9 39 10
9 40 10
9 41 10
9 42 10
9 43 10
9 44 10
9 45 11
9 46 15
9 47 12
9 63 3
10 19 2
10 20 2
10 21 2
10 22 2
10 23 2
10 30 3
10 31 15
10 32 4
10 35 1
10 36 15
10 37 6
10 38 2
10 39 2
10 40 2
10 41 2
10 42 2
10 43 2
10 44 3
10 45 15
10 46 15
10 47 15
10 48 12
10 63 1
11 31 3
11 32 4
11 35 1
11 36 6
11 45 3
11 46 15
11 47 15
11 48 15
11 49 4
12 31 1
12 32 12
12 33 8
12 35 9
12 36 4
12 46 3
12 47 15
12 48 7
12 49 12
13 32 2
13 33 2
13 35 2
13 47 3
13 48 13
13 49 15
13 50 12
13 52 8
13 53 8
13 54 8
13 55 8
13 56 8
13 57 8
13 59 8
13 60 8
14 47 1
14 48 6
14 49 2
14 50 2
14 52 2
14 53 2
14 54 3
14 55 6
14 56 2
14 57 2
14 59 2
14 60 3
14 61 12
15 47 1
15 48 4
15 54 1
15 55 4
15 60 1
15 61 15
15 62 4
16 47 1
16 48 12
16 49 8
16 54 1
16 55 4
16 61 3
16 62 4
17 47 1
17 48 7
17 49 15
17 50 12
17 54 1
17 55 4
17 61 1
17 62 4
18 47 1
18 48 4
18 49 3
18 50 15
18 51 12
18 54 1
18 55 4
18 61 1
18 62 12
19 47 1
19 48 4
19 50 3
19 51 15
19 52 12
19 53 8
19 54 9
19 55 12
19 56 8
19 57 8
19 58 8
19 60 8
19 61 9
19 62 15
19 63 12
20 47 1
20 48 4
20 51 2
20 52 2
20 53 2
20 54 2
20 55 2
20 56 2
20 57 2
20 58 2
20 60 3
20 61 15
20 62 15
20 63 15
21 47 1
21 48 4
21 61 3
21 62 15
21 63 14
22 47 1
22 48 12
22 62 3
22 63 15
23 47 1
23 48 15
23 49 12
23 50 8
23 51 8
23 52 8
23 53 8
23 54 8
23 55 8
23 56 8
23 57 8
23 58 8
23 59 8
23 60 8
23 61 8
23 62 8
23 63 10
24 48 2
24 49 2
24 50 2
24 51 2
24 52 2
24 53 2
24 54 2
24 55 2
24 56 2
24 57 2
24 58 2
24 59 2
24 60 2
24 61 2
24 62 2
24 63 2
31 0 8
31 1 8
31 2 8
31 3 8
31 4 8
31 7 8
31 8 8
31 9 8
31 10 8
31 11 8
31 12 8
31 13 8
31 14 8
31 15 8
31 18 8
31 19 8
31 20 8
31 21 8
31 22 8
31 23 8
31 24 8
31 25 8
31 28 8
31 29 8
31 30 8
31 31 8
31 32 8
31 33 8
31 34 8
31 35 8
31 36 8
31 37 8
31 38 8
31 39 8
31 40 8
31 41 8
31 42 8
31 43 8
31 44 8
31 45 8
31 46 8
31 47 8
31 48 8
31 49 8
31 50 8
31 51 8
31 52 8
31 53 8
31 54 8
31 55 8
31 56 8
31 57 8
31 58 8
31 59 8
31 60 8
31 61 8
31 62 8
31 63 8
32 0 15
32 1 6
32 2 2
32 3 3
32 4 15
32 5 12
32 6 9
32 7 15
32 8 6
32 9 2
32 10 2
32 11 2
32 12 2
32 13 2
32 14 3
32 15 15
32 16 12
32 17 9
32 18 15
32 19 6
32 20 2
32 21 2
32 22 2
32 23 2
32 24 2
32 25 2
32 28 2
32 29 2
32 30 2
32 31 2
32 32 2
32 33 2
32 34 2
32 35 2
32 36 2
32 37 2
32 38 2
32 39 2
32 40 2
32 41 2
32 42 2
32 43 2
32 44 2
32 45 2
32 46 2
32 47 2
32 48 2
32 49 2
32 50 2
32 51 2
32 52 2
32 53 2
32 54 2
32 55 2
32 56 2
32 57 2
32 58 2
32 59 2
32 60 2
32 61 2
32 62 2
32 63 2
33 0 2
33 4 2
33 5 2
33 6 2
33 7 2
33 15 2
33 16 2
33 17 2
33 18 2
