0
19 34 8
19 35 8
19 36 8
19 38 8
19 39 8
19 40 8
20 33 1
20 34 15
20 35 6
20 36 2
20 38 2
20 39 3
20 40 15
20 41 4
21 33 1
21 34 6
21 40 3
21 41 4
22 33 1
22 34 12
22 40 9
22 41 4
23 33 1
23 34 15
23 35 12
23 36 8
23 38 8
23 39 9
23 40 15
23 41 4
24 33 1
24 34 6
24 35 2
24 36 2
24 38 2
24 39 2
24 40 3
24 41 4
25 33 1
25 34 4
25 40 1
25 41 4
26 33 1
26 34 4
26 40 1
26 41 4
27 33 1
27 34 4
28 33 1
28 34 12
28 40 9
28 41 4
29 33 1
29 34 15
29 35 12
29 36 8
29 37 8
29 39 9
29 40 15
29 41 4
30 34 2
30 35 2
30 36 2
30 37 2
30 39 2
30 40 2
