0
0 5 1
0 6 4
0 28 1
0 29 15
0 30 4
1 5 1
1 6 12
1 29 11
1 30 4
1 32 8
1 33 8
1 34 8
1 35 8
1 40 8
1 41 8
1 44 8
1 48 8
1 49 8
1 50 8
1 51 8
1 52 8
1 53 8
1 56 8
1 57 8
1 58 8
1 59 8
1 62 8
1 63 8
2 5 1
2 6 15
2 7 12
2 8 8
2 9 8
2 10 8
2 11 8
2 12 8
2 13 8
2 14 8
2 15 8
2 16 8
2 17 8
2 18 8
2 19 8
2 20 8
2 21 8
2 22 8
2 23 8
2 24 8
2 25 8
2 26 8
2 27 8
2 28 9
2 29 15
2 30 4
2 32 2
2 33 2
2 34 2
2 35 2
2 40 2
2 41 2
2 44 2
2 48 2
2 49 2
2 50 2
2 51 2
2 52 2
2 53 2
2 56 2
2 57 2
2 58 2
2 59 2
2 62 2
2 63 2
3 6 2
3 7 2
3 8 2
3 9 2
3 10 2
3 11 2
3 12 2
3 13 2
3 14 2
3 15 2
3 16 2
3 17 2
3 18 2
3 19 2
3 20 2
3 21 2
3 22 2
3 23 2
3 24 2
3 25 2
3 26 2
3 27 2
3 28 2
3 29 2
6 0 8
7 0 2
59 63 8
60 63 2
