0
0 3 1
0 4 15
0 5 4
0 29 9
0 30 12
0 31 9
0 32 12
1 3 1
1 4 15
1 5 4
1 7 8
1 28 1
1 29 15
1 30 6
1 31 3
1 32 15
1 33 4
2 0 8
2 1 8
2 4 2
2 6 9
2 7 15
2 8 4
2 11 8
2 12 8
2 13 8
2 14 8
2 15 8
2 16 8
2 17 8
2 18 8
2 19 8
2 29 2
2 32 2
2 33 8
3 0 15
3 1 15
3 2 12
3 3 8
3 4 8
3 5 9
3 6 14
3 7 10
3 8 8
3 9 8
3 10 9
3 11 15
3 12 15
3 13 15
3 14 15
3 15 15
3 16 15
3 17 15
3 18 15
3 19 15
3 20 12
3 32 1
3 33 15
3 34 4
4 0 15
4 1 15
4 2 15
4 3 15
4 4 15
4 5 15
4 6 15
4 7 15
4 8 15
4 9 15
4 10 15
4 11 15
4 12 15
4 13 15
4 14 15
4 15 15
4 16 15
4 17 15
4 18 15
4 19 15
4 20 15
4 21 12
4 33 2
4 45 8
4 46 8
4 47 8
4 48 8
4 49 8
4 50 8
4 51 8
4 52 8
4 53 8
5 0 15
5 1 15
5 2 15
5 3 15
5 4 15
5 5 15
5 6 15
5 7 15
5 8 15
5 9 15
5 10 15
5 11 15
5 12 15
5 13 15
5 14 15
5 15 15
5 16 15
5 17 15
5 18 15
5 19 15
5 20 15
5 21 15
5 22 12
5 23 8
5 24 8
5 25 8
5 41 8
5 42 8
5 43 8
5 44 9
5 45 15
5 46 15
5 47 15
5 48 15
5 49 15
5 50 15
5 51 15
5 52 15
5 53 15
5 54 12
5 55 8
5 56 8
5 57 8
5 58 8
6 0 15
6 1 15
6 2 15
6 3 15
6 4 15
6 5 15
6 6 15
6 7 15
6 8 15
6 9 15
6 10 15
6 11 15
6 12 15
6 13 15
6 14 15
6 15 15
6 16 15
6 17 15
6 18 15
6 19 15
6 20 15
6 21 15
6 22 15
6 23 15
6 24 15
6 25 15
6 26 12
6 38 8
6 39 8
6 40 9
6 41 15
6 42 15
6 43 15
6 44 15
6 45 15
6 46 15
6 47 15
6 48 15
6 49 15
6 50 15
6 51 15
6 52 15
6 53 15
6 54 15
6 55 15
6 56 15
6 57 15
6 58 15
6 59 12
6 60 8
6 61 8
6 62 8
6 63 8
7 0 2
7 1 3
7 2 15
7 3 15
7 4 15
7 5 15
7 6 15
7 7 15
7 8 15
7 9 15
7 10 15
7 11 15
7 12 15
7 13 15
7 14 15
7 15 15
7 16 15
7 17 15
7 18 15
7 19 15
7 20 15
7 21 15
7 22 15
7 23 15
7 24 15
7 25 15
7 26 15
7 27 4
7 36 8
7 37 9
7 38 15
7 39 15
7 40 15
7 41 15
7 42 15
7 43 15
7 44 15
7 45 15
7 46 15
7 47 15
7 48 15
7 49 15
7 50 15
7 51 15
7 52 15
7 53 15
7 54 15
7 55 15
7 56 15
7 57 15
7 58 15
7 59 15
7 60 15
7 61 15
7 62 15
7 63 15
8 2 2
8 3 3
8 4 15
8 5 15
8 6 15
8 7 15
8 8 15
8 9 6
8 10 2
8 11 2
8 12 2
8 13 2
8 14 2
8 15 3
8 16 15
8 17 15
8 18 15
8 19 15
8 20 15
8 21 15
8 22 15
8 23 15
8 24 15
8 25 15
8 26 15
8 27 4
8 35 1
8 36 15
8 37 15
8 38 15
8 39 15
8 40 15
8 41 15
8 42 15
8 43 15
8 44 15
8 45 15
8 46 15
8 47 15
8 48 15
8 49 15
8 50 15
8 51 15
8 52 15
8 53 15
8 54 15
8 55 15
8 56 15
8 57 15
8 58 15
8 59 15
8 60 15
8 61 15
8 62 15
8 63 15
9 4 2
9 5 3
9 6 14
9 7 10
9 8 2
9 16 2
9 17 2
9 18 3
9 19 15
9 20 15
9 21 15
9 22 15
9 23 15
9 24 15
9 25 15
9 26 15
9 27 4
9 35 1
9 36 15
9 37 15
9 38 15
9 39 15
9 40 15
9 41 15
9 42 15
9 43 15
9 44 15
9 45 15
9 46 15
9 47 15
9 48 15
9 49 15
9 50 15
9 51 15
9 52 15
9 53 15
9 54 15
9 55 15
9 56 15
9 57 15
9 58 15
9 59 15
9 60 15
9 61 15
9 62 15
9 63 15
10 6 3
10 7 15
10 8 4
10 19 2
10 20 3
10 21 15
10 22 15
10 23 15
10 24 15
10 25 15
10 26 15
10 27 4
10 35 1
10 36 15
10 37 15
10 38 15
10 39 15
10 40 15
10 41 6
10 42 2
10 43 2
10 44 2
10 45 2
10 46 3
10 47 15
10 48 15
10 49 15
10 50 15
10 51 15
10 52 15
10 53 15
10 54 15
10 55 15
10 56 15
10 57 15
10 58 15
10 59 15
10 60 15
10 61 15
10 62 15
10 63 15
11 7 2
11 8 8
11 21 3
11 22 15
11 23 15
11 24 15
11 25 15
11 26 15
11 27 4
11 35 1
11 36 15
11 37 15
11 38 15
11 39 6
11 40 2
11 47 2
11 48 2
11 49 2
11 50 2
11 51 3
11 52 15
11 53 15
11 54 15
11 55 15
11 56 15
11 57 15
11 58 15
11 59 15
11 60 15
11 61 15
11 62 15
11 63 15
12 7 1
12 8 15
12 9 4
12 22 2
12 23 2
12 24 3
12 25 15
12 26 15
12 27 4
12 36 2
12 37 2
12 38 10
12 39 8
12 41 8
12 42 8
12 44 8
12 45 8
12 47 8
12 48 8
12 50 8
12 51 8
12 52 2
12 53 2
12 54 2
12 55 2
12 56 2
12 57 2
12 58 3
12 59 15
12 60 15
12 61 15
12 62 15
12 63 15
13 8 2
13 25 2
13 26 2
13 37 1
13 38 15
13 39 15
13 40 13
13 41 15
13 42 15
13 43 13
13 44 15
13 45 15
13 46 13
13 47 15
13 48 15
13 49 13
13 50 15
13 51 15
13 52 4
13 59 2
13 60 2
13 61 2
13 62 2
13 63 2
14 7 1
14 8 4
14 37 1
14 38 6
14 39 2
14 40 2
14 41 2
14 42 2
14 43 2
14 44 2
14 45 2
14 46 2
14 47 2
14 48 2
14 49 2
14 50 2
14 51 11
14 52 4
15 4 1
15 5 4
15 7 1
15 8 4
15 37 1
15 38 4
15 50 1
15 51 15
15 52 4
15 58 8
15 59 8
15 60 8
15 61 8
15 62 8
16 4 1
16 5 4
16 7 1
16 8 4
16 37 1
16 38 4
16 50 1
16 51 6
16 57 1
16 58 15
16 59 6
16 60 2
16 61 3
16 62 15
16 63 4
17 4 1
17 5 12
17 7 9
17 8 4
17 37 1
17 38 4
17 57 1
17 58 6
17 62 3
17 63 4
18 4 1
18 5 15
18 6 13
18 7 15
18 8 4
18 37 1
18 38 4
18 50 1
18 51 12
18 57 1
18 58 4
18 62 1
18 63 4
19 5 2
19 6 2
19 7 2
19 37 1
19 38 4
19 50 1
19 51 15
19 52 4
19 57 1
19 58 12
19 62 9
19 63 4
20 5 8
20 6 8
20 7 8
20 37 1
20 38 12
20 39 8
20 40 8
20 41 8
20 42 8
20 43 8
20 44 8
20 45 8
20 46 8
20 47 8
20 48 8
20 49 8
20 50 8
20 51 11
20 52 4
20 57 1
20 58 15
20 59 12
20 60 8
20 61 1
20 62 15
20 63 4
21 4 1
21 5 15
21 6 7
21 7 15
21 8 4
21 37 1
21 38 15
21 39 15
21 40 7
21 41 15
21 42 15
21 43 7
21 44 15
21 45 15
21 46 7
21 47 15
21 48 15
21 49 7
21 50 15
21 51 15
21 52 4
21 58 3
21 59 6
21 60 2
21 62 3
21 63 4
22 5 2
22 7 3
22 8 4
22 38 2
22 39 2
22 41 2
22 42 2
22 44 2
22 45 2
22 47 2
22 48 2
22 50 2
22 51 2
22 58 1
22 59 4
22 62 1
22 63 4
23 4 1
23 5 4
23 7 1
23 8 4
23 59 8
23 62 9
23 63 4
24 4 1
24 5 4
24 7 1
24 8 4
24 58 1
24 59 15
24 60 12
24 61 9
24 62 15
24 63 4
25 7 1
25 8 4
25 59 2
25 60 2
25 61 3
25 62 15
25 63 4
26 57 1
26 58 4
26 62 2
27 8 8
27 57 1
27 58 12
27 62 1
27 63 4
28 7 1
28 8 15
28 9 4
28 57 1
28 58 15
28 59 12
28 63 8
29 8 2
29 58 3
29 59 15
29 60 4
29 62 1
29 63 15
30 7 1
30 8 4
30 59 3
30 60 12
30 61 8
30 63 2
31 4 1
31 5 4
31 7 1
31 8 4
31 59 1
31 60 15
31 61 15
31 62 4
32 4 1
32 5 4
32 7 1
32 8 4
32 60 2
32 61 2
33 4 1
33 5 4
33 7 1
33 8 4
34 4 1
34 5 4
34 7 1
34 8 4
35 4 1
35 5 4
35 7 1
35 8 4
36 4 1
36 5 4
36 7 1
36 8 4
37 4 1
37 5 4
37 7 1
37 8 4
38 4 1
38 5 4
38 7 1
38 8 4
39 4 1
39 5 4
39 7 1
39 8 4
40 4 1
40 5 4
40 7 1
40 8 4
41 4 1
41 5 4
41 7 1
41 8 4
42 4 1
42 5 4
42 7 1
42 8 4
42 12 8
42 14 8
42 17 8
42 19 8
43 4 1
43 5 4
43 7 1
43 8 4
43 11 1
43 12 15
43 13 5
43 14 15
43 15 4
43 16 1
43 17 15
43 18 5
43 19 15
43 20 4
44 4 1
44 5 4
44 7 1
44 8 4
44 11 1
44 12 14
44 14 3
44 15 4
44 16 1
44 17 6
44 19 11
44 20 4
45 4 1
45 5 4
45 7 1
45 8 4
45 11 1
45 12 15
45 13 4
45 18 1
45 19 15
45 20 4
46 4 1
46 5 4
46 7 1
46 8 4
46 12 11
46 13 4
46 18 1
46 19 14
47 4 1
47 5 4
47 7 1
47 8 4
47 11 1
47 12 15
47 13 4
47 18 1
47 19 15
47 20 4
47 38 8
47 39 8
47 42 8
47 48 8
47 57 8
47 60 8
48 4 1
48 5 4
48 7 1
48 8 4
48 11 1
48 12 15
48 13 4
48 19 11
48 20 4
48 27 8
48 29 8
48 31 8
48 33 8
48 37 1
48 38 15
48 39 15
48 40 4
48 41 1
48 42 15
48 43 4
48 47 1
48 48 15
48 49 12
48 50 8
48 51 8
48 52 8
48 56 1
48 57 15
48 58 4
48 59 1
48 60 15
48 61 12
48 62 8
49 4 1
49 5 4
49 7 1
49 8 4
49 12 11
49 13 4
49 18 1
49 19 14
49 23 8
49 24 8
49 26 1
49 27 15
49 28 4
49 29 2
49 31 2
49 32 1
49 33 15
49 34 4
49 37 1
49 38 6
49 39 3
49 40 12
49 41 9
49 42 6
49 48 2
49 49 2
49 50 2
49 51 3
49 52 15
49 53 4
49 55 8
49 56 9
49 57 6
49 60 2
49 61 3
49 62 15
49 63 4
50 4 1
50 5 4
50 7 1
50 8 4
50 11 1
50 12 15
50 13 4
50 18 1
50 19 15
50 20 4
50 22 1
50 23 15
50 24 15
50 25 12
50 26 9
50 27 6
50 33 11
50 34 4
50 37 1
50 38 4
50 39 1
50 40 6
50 41 2
50 47 8
50 48 9
50 49 4
50 50 8
50 51 9
50 52 15
50 53 4
50 54 1
50 55 15
50 56 7
50 57 4
50 62 11
50 63 4
51 4 1
51 5 4
51 7 1
51 8 12
51 11 1
51 12 14
51 14 8
51 15 8
51 16 8
51 17 8
51 19 11
51 20 4
51 22 1
51 23 6
51 24 2
51 25 2
51 26 2
51 31 8
51 32 9
51 33 15
51 34 4
51 39 1
51 40 4
51 44 8
51 45 8
51 46 9
51 47 15
51 48 6
51 49 1
51 50 15
51 51 6
51 52 2
51 54 1
51 55 14
51 57 8
51 60 9
51 61 13
51 62 15
51 63 4
52 7 1
52 8 15
52 9 4
52 11 1
52 12 15
52 13 5
52 14 15
52 15 6
52 16 3
52 17 15
52 18 5
52 19 15
52 20 4
52 22 1
52 23 12
52 24 8
52 25 8
52 26 8
52 30 1
52 31 6
52 32 2
52 33 3
52 34 4
52 37 1
52 38 12
52 39 8
52 43 9
52 44 6
52 45 2
52 46 3
52 47 14
52 50 11
52 51 4
52 54 1
52 55 15
52 56 13
52 57 15
52 58 12
52 59 9
52 60 15
52 61 6
52 62 2
53 7 1
53 8 15
53 9 4
53 12 2
53 14 2
53 17 2
53 19 2
53 22 1
53 23 15
53 24 15
53 25 6
53 26 3
53 27 12
53 30 8
53 33 9
53 34 4
53 37 1
53 38 15
53 39 15
53 40 12
53 41 8
53 42 9
53 43 15
53 44 4
53 46 1
53 47 15
53 48 12
53 49 9
53 50 15
53 51 4
53 55 2
53 56 2
53 57 2
53 58 2
53 59 2
53 60 2
54 7 1
54 8 6
54 23 2
54 24 2
54 26 1
54 27 15
54 28 12
54 29 9
54 30 15
54 31 12
54 32 9
54 33 15
54 34 4
54 38 2
54 39 2
54 40 2
54 41 2
54 42 2
54 43 2
54 47 2
54 48 2
54 49 2
54 50 2
55 4 1
55 5 4
55 7 1
55 8 4
55 11 8
55 12 8
55 27 2
55 28 2
55 29 2
55 30 2
55 31 2
55 32 2
55 33 2
55 36 8
55 37 8
55 61 8
55 62 8
56 7 1
56 8 12
56 9 8
56 10 9
56 11 15
56 12 15
56 13 12
56 14 8
56 15 8
56 16 8
56 17 8
56 18 8
56 20 8
56 21 8
56 22 8
56 23 8
56 24 8
56 25 8
56 26 8
56 27 8
56 28 8
56 29 8
56 30 8
56 31 8
56 32 8
56 33 8
56 34 8
56 35 9
56 36 15
56 37 15
56 38 12
56 39 8
56 40 8
56 41 8
56 42 8
56 43 8
56 44 8
56 45 8
56 46 8
56 47 8
56 48 8
56 49 8
56 50 8
56 51 8
56 52 8
56 53 8
56 54 8
56 55 8
56 56 8
56 57 8
56 58 8
56 59 8
56 60 9
56 61 15
56 62 15
56 63 12
57 8 2
57 9 2
57 10 2
57 11 2
57 12 2
57 13 2
57 14 2
57 15 2
57 16 2
57 17 2
57 18 2
57 20 2
57 21 2
57 22 2
57 23 2
57 24 2
57 25 2
57 26 2
57 27 2
57 28 2
57 29 2
57 30 2
57 31 2
57 32 2
57 33 2
57 34 2
57 35 2
57 36 2
57 37 2
57 38 2
57 39 2
57 40 2
57 41 2
57 42 2
57 43 2
57 44 2
57 45 2
57 46 2
57 47 2
57 48 2
57 49 2
57 50 2
57 51 2
57 52 2
57 53 2
57 54 2
57 55 2
57 56 2
57 57 2
57 58 2
57 59 2
57 60 2
57 61 2
57 62 2
57 63 2
58 5 8
59 4 1
59 5 15
59 6 4
59 8 8
59 9 8
59 10 8
59 11 8
59 12 8
59 13 8
59 14 8
59 15 8
59 16 8
59 17 8
59 18 8
59 19 8
59 20 8
59 21 8
59 22 8
59 23 8
59 24 8
59 25 8
59 26 8
59 27 8
59 28 8
59 29 8
59 30 8
59 31 8
59 32 8
59 33 8
59 34 8
59 35 8
59 36 8
59 37 8
59 38 8
59 39 8
59 40 8
59 41 8
59 42 8
59 43 8
59 44 8
59 45 8
59 46 8
59 47 8
59 48 8
59 49 8
59 50 8
59 51 8
59 52 8
59 53 8
59 54 8
59 55 8
59 56 8
59 57 8
59 58 8
59 59 8
59 60 8
59 61 8
59 62 8
59 63 8
60 5 2
60 8 2
60 9 2
60 10 3
60 11 15
60 12 15
60 13 6
60 14 2
60 15 2
60 16 2
60 17 2
60 18 2
60 19 2
60 20 2
60 21 2
60 22 2
60 23 2
60 24 2
60 25 2
60 26 2
60 27 2
60 28 2
60 29 2
60 30 2
60 31 2
60 32 2
60 33 2
60 34 2
60 35 3
60 36 15
60 37 15
60 38 6
60 39 2
60 40 2
60 41 2
60 42 2
60 43 2
60 44 2
60 45 2
60 46 2
60 47 2
60 48 2
60 49 2
60 50 2
60 51 2
60 52 2
60 53 2
60 54 2
60 55 2
60 56 2
60 57 2
60 58 2
60 59 2
60 60 3
60 61 15
60 62 15
60 63 6
61 11 2
61 12 2
61 36 2
61 37 2
61 61 2
61 62 2
