0
0 51 8
1 50 1
1 51 15
1 52 4
2 49 8
2 50 9
2 51 15
2 52 4
3 48 9
3 49 15
3 50 15
3 51 6
4 47 1
4 48 15
4 49 15
4 50 6
5 47 1
5 48 15
5 49 15
5 50 4
6 48 3
6 49 15
6 50 4
7 49 2
8 50 8
9 48 8
9 49 9
9 50 15
9 51 4
10 47 9
10 48 15
10 49 15
10 50 6
11 46 1
11 47 15
11 48 6
11 49 2
12 46 9
12 47 15
12 48 4
13 45 9
13 46 15
13 47 6
14 44 9
14 45 15
14 46 6
15 17 8
15 18 8
15 43 9
15 44 15
15 45 6
16 16 9
16 17 15
16 18 15
16 19 12
16 42 1
16 43 15
16 44 6
17 15 1
17 16 15
17 17 6
17 18 3
17 19 15
17 20 4
17 43 10
18 15 1
18 16 15
18 17 4
18 18 1
18 19 15
18 20 4
18 42 1
18 43 15
18 44 12
19 16 3
19 17 4
19 18 1
19 19 6
19 43 3
19 44 15
19 45 12
20 15 8
20 16 9
20 17 4
20 18 1
20 19 12
20 21 8
20 22 8
20 23 8
20 44 3
20 45 15
20 46 4
21 14 1
21 15 6
21 16 2
21 19 2
21 21 2
21 22 3
21 23 15
21 24 12
21 42 8
21 43 8
21 44 9
21 45 15
21 46 4
22 12 8
22 13 8
22 14 1
22 15 4
22 23 3
22 24 15
22 25 4
22 40 8
22 41 9
22 42 15
22 43 15
22 44 15
22 45 15
22 46 4
23 11 1
23 12 6
23 13 2
23 24 3
23 25 4
23 39 9
23 40 15
23 41 15
23 42 15
23 43 15
23 44 15
23 45 6
24 11 1
24 12 4
24 24 1
24 25 4
24 38 9
24 39 15
24 40 15
24 41 6
24 42 2
24 43 2
24 44 2
25 11 1
25 12 4
25 21 8
25 22 8
25 23 8
25 24 9
25 25 4
25 37 1
25 38 15
25 39 15
25 40 15
25 41 4
26 11 1
26 12 4
26 20 1
26 21 15
26 22 6
26 23 2
26 24 2
26 37 9
26 38 15
26 39 15
26 40 6
27 11 1
27 12 4
27 20 1
27 21 6
27 36 9
27 37 15
27 38 6
27 39 2
28 11 1
28 12 12
28 13 8
28 14 8
28 15 8
28 16 8
28 19 8
28 20 9
28 21 4
28 35 9
28 36 15
28 37 6
29 12 2
29 13 2
29 14 2
29 15 2
29 16 2
29 19 2
29 20 2
29 34 9
29 35 15
29 36 6
30 33 1
30 34 15
30 35 15
30 36 4
31 33 1
31 34 15
31 35 15
31 36 12
32 34 3
32 35 15
32 36 15
32 37 12
33 35 3
33 36 15
33 37 15
33 38 4
34 36 3
34 37 15
34 38 12
35 36 1
35 37 15
35 38 15
35 39 4
36 37 3
36 38 15
36 39 12
37 38 3
37 39 15
37 40 4
38 38 1
38 39 15
38 40 12
38 46 8
38 47 8
39 38 9
39 39 15
39 40 15
39 41 4
39 45 9
39 46 15
39 47 15
39 48 12
39 49 8
40 37 9
40 38 15
40 39 15
40 40 15
40 41 12
40 42 8
40 43 8
40 44 9
40 45 15
40 46 15
40 47 15
40 48 15
40 49 15
40 50 12
41 36 9
41 37 15
41 38 15
41 39 15
41 40 15
41 41 15
41 42 15
41 43 15
41 44 15
41 45 15
41 46 15
41 47 15
41 48 15
41 49 15
41 50 15
41 51 12
42 35 1
42 36 15
42 37 15
42 38 15
42 39 15
42 40 15
42 41 15
42 42 15
42 43 6
42 44 2
42 45 2
42 46 3
42 47 15
42 48 15
42 49 15
42 50 15
42 51 15
42 52 12
43 35 9
43 36 15
43 37 15
43 38 15
43 39 15
43 40 15
43 41 15
43 42 6
43 47 2
43 48 3
43 49 15
43 50 15
43 51 15
43 52 15
43 53 4
44 34 1
44 35 15
44 36 15
44 37 15
44 38 15
44 39 15
44 40 15
44 41 6
44 49 3
44 50 15
44 51 15
44 52 15
44 53 12
45 34 1
45 35 15
45 36 15
45 37 15
45 38 15
45 39 15
45 40 15
45 41 4
45 50 3
45 51 15
45 52 15
45 53 15
45 54 4
46 34 1
46 35 15
46 36 15
46 37 15
46 38 15
46 39 15
46 40 15
46 41 4
46 51 3
46 52 15
46 53 15
46 54 4
47 34 1
47 35 15
47 36 15
47 37 15
47 38 15
47 39 15
47 40 15
47 41 12
47 51 1
47 52 15
47 53 15
47 54 12
48 34 1
48 35 15
48 36 15
48 37 15
48 38 15
48 39 15
48 40 15
48 41 15
48 42 12
48 51 1
48 52 15
48 53 15
48 54 15
48 55 12
49 34 1
49 35 15
49 36 15
49 37 15
49 38 15
49 39 15
49 40 15
49 41 15
49 42 15
49 43 12
49 51 9
49 52 15
49 53 15
49 54 15
49 55 15
49 56 4
50 35 3
50 36 15
50 37 15
50 38 15
50 39 15
50 40 15
50 41 15
50 42 15
50 43 15
50 44 12
50 45 8
50 50 9
50 51 15
50 52 15
50 53 15
50 54 15
50 55 15
50 56 4
51 36 3
51 37 15
51 38 15
51 39 15
51 40 15
51 41 15
51 42 15
51 43 15
51 44 15
51 45 15
51 46 12
51 47 8
51 48 8
51 49 9
51 50 15
51 51 15
51 52 15
51 53 15
51 54 15
51 55 6
52 37 3
52 38 15
52 39 15
52 40 15
52 41 15
52 42 15
52 43 15
52 44 15
52 45 15
52 46 15
52 47 15
52 48 15
52 49 15
52 50 15
52 51 15
52 52 15
52 53 15
52 54 15
52 55 4
53 38 3
53 39 15
53 40 15
53 41 15
53 42 15
53 43 15
53 44 15
53 45 15
53 46 15
53 47 15
53 48 15
53 49 15
53 50 15
53 51 15
53 52 15
53 53 15
53 54 6
54 39 3
54 40 15
54 41 15
54 42 15
54 43 15
54 44 15
54 45 15
54 46 15
54 47 15
54 48 15
54 49 15
54 50 15
54 51 15
54 52 15
54 53 6
55 40 2
55 41 3
55 42 15
55 43 15
55 44 15
55 45 15
55 46 15
55 47 15
55 48 15
55 49 15
55 50 15
55 51 6
55 52 2
56 42 3
56 43 15
56 44 15
56 45 15
56 46 15
56 47 15
56 48 6
56 49 2
56 50 2
57 43 2
57 44 3
57 45 15
57 46 15
57 47 6
58 45 2
58 46 2
61 0 8
62 0 15
62 1 12
63 0 3
63 1 15
63 2 4
