0
0 48 1
0 49 15
0 50 13
0 51 15
0 52 12
0 63 1
1 49 3
1 50 15
1 51 15
1 52 15
1 53 12
1 63 1
2 50 3
2 51 15
2 52 15
2 53 15
2 54 12
2 63 1
3 51 3
3 52 15
3 53 15
3 54 15
3 55 12
3 63 1
4 52 3
4 53 15
4 54 15
4 55 15
4 56 12
5 53 3
5 54 15
5 55 15
5 56 15
5 57 12
5 58 8
5 59 8
5 60 8
5 61 8
5 62 8
5 63 8
6 54 3
6 55 15
6 56 14
6 57 10
6 58 10
6 59 10
6 60 10
6 61 10
6 62 10
6 63 10
7 28 8
7 29 8
7 30 8
7 31 8
7 32 8
7 33 8
7 55 2
7 56 2
7 57 2
7 58 2
7 59 2
7 60 2
7 61 2
7 62 2
7 63 2
8 27 1
8 28 6
8 29 2
8 30 2
8 31 2
8 32 2
8 33 3
8 34 4
9 27 9
9 28 4
9 33 1
9 34 4
10 9 8
10 10 8
10 11 8
10 12 8
10 13 8
10 14 8
10 15 8
10 16 8
10 17 8
10 18 8
10 19 8
10 20 8
10 21 8
10 22 8
10 23 8
10 24 8
10 25 8
10 26 9
10 27 15
10 28 4
10 33 1
10 34 4
11 8 1
11 9 6
11 10 2
11 11 2
11 12 3
11 13 6
11 14 2
11 15 2
11 16 2
11 17 2
11 18 2
11 19 2
11 20 2
11 21 2
11 22 2
11 23 2
11 24 2
11 25 2
11 26 2
11 27 2
11 33 1
11 34 4
12 8 1
12 9 4
12 12 1
12 13 4
12 33 1
12 34 4
13 8 1
13 9 4
13 12 1
13 13 4
13 33 1
13 34 4
14 8 1
14 9 4
14 12 1
14 13 4
14 33 1
14 34 4
15 8 1
15 9 4
15 12 1
15 13 12
15 33 1
15 34 4
16 13 2
16 33 1
16 34 4
17 13 8
17 33 1
17 34 4
18 8 1
18 9 4
18 12 1
18 13 6
18 27 8
18 28 8
18 29 8
18 32 8
18 33 9
18 34 4
19 8 1
19 9 4
19 12 1
19 13 4
19 26 1
19 27 15
19 28 6
19 29 2
19 32 2
19 33 3
19 34 4
20 8 1
20 9 4
20 12 1
20 13 4
20 26 1
20 27 6
20 33 1
20 34 4
21 8 1
21 9 4
21 12 1
21 13 4
21 33 1
21 34 4
22 8 1
22 9 12
22 10 8
22 11 8
22 12 9
22 13 12
22 14 8
22 15 8
22 16 8
22 23 8
22 24 8
22 25 8
22 26 9
22 27 12
22 28 8
22 29 8
22 30 8
22 31 8
22 32 8
22 33 9
22 34 4
23 9 2
23 10 2
23 11 2
23 12 2
23 13 2
23 14 2
23 15 3
23 16 15
23 17 4
23 22 1
23 23 15
23 24 6
23 25 2
23 26 2
23 27 2
23 28 2
23 29 2
23 30 2
23 31 2
23 32 2
23 33 2
24 16 2
24 17 8
24 18 8
24 19 8
24 20 8
24 21 8
24 22 9
24 23 6
25 17 2
25 18 2
25 19 2
25 20 2
25 21 2
25 22 2
28 6 8
28 8 8
28 9 8
28 10 8
28 11 8
28 12 8
28 13 8
28 14 8
28 15 8
29 5 9
29 6 15
29 7 4
29 8 2
29 9 2
29 10 2
29 11 2
29 12 2
29 13 2
29 14 2
29 15 2
30 4 9
30 5 15
30 6 6
30 18 8
31 3 9
31 4 15
31 5 6
31 17 1
31 18 15
31 19 12
31 20 8
31 21 8
31 22 8
32 2 9
32 3 15
32 4 6
32 18 2
32 19 2
32 20 2
32 21 2
32 22 2
32 24 8
33 1 1
33 2 15
33 3 6
33 9 8
33 23 1
33 24 15
33 25 12
33 63 1
34 1 1
34 2 6
34 6 8
34 8 1
34 9 15
34 10 4
34 24 3
34 25 15
34 26 12
34 63 1
35 1 1
35 2 4
35 5 1
35 6 6
35 9 3
35 10 4
35 25 3
35 26 15
35 27 12
35 63 1
36 1 1
36 2 4
36 5 1
36 6 4
36 9 1
36 10 4
36 24 8
36 25 8
36 26 10
36 27 11
36 28 4
36 63 1
37 1 1
37 2 4
37 7 8
37 8 8
37 9 9
37 10 4
37 23 1
37 24 6
37 25 2
37 26 2
37 27 3
37 28 4
37 63 1
38 1 1
38 2 4
38 7 2
38 8 2
38 9 2
38 14 8
38 15 8
38 16 8
38 17 8
38 18 8
38 27 1
38 28 4
38 63 1
39 1 1
39 2 4
39 13 1
39 14 14
39 15 10
39 16 2
39 17 2
39 18 3
39 19 4
39 23 1
39 24 4
39 27 1
39 28 4
39 63 1
40 1 1
40 2 4
40 14 3
40 15 15
40 16 4
40 18 1
40 19 4
40 23 1
40 24 12
40 25 8
40 26 8
40 27 9
40 28 4
40 63 1
41 1 1
41 2 4
41 6 8
41 7 8
41 14 1
41 15 15
41 16 4
41 18 1
41 19 4
41 24 2
41 25 2
41 26 2
41 27 11
41 28 4
41 63 1
42 1 1
42 2 4
42 5 1
42 6 6
42 7 2
42 15 2
42 26 1
42 27 15
42 28 4
42 63 1
43 1 1
43 2 4
43 5 1
43 6 12
43 9 8
43 12 8
43 26 1
43 27 6
43 63 1
44 1 1
44 2 4
44 5 1
44 6 15
44 7 12
44 8 1
44 9 6
44 12 3
44 13 4
44 21 1
44 22 4
44 63 1
45 1 1
45 2 4
45 6 3
45 7 15
45 8 13
45 9 4
45 12 9
45 13 12
45 17 8
45 18 8
45 19 8
45 20 8
45 21 9
45 22 4
45 26 1
45 27 4
45 63 1
46 1 1
46 2 4
46 7 3
46 8 15
46 9 4
46 11 1
46 12 15
46 13 6
46 17 2
46 18 2
46 19 2
46 20 2
46 21 2
46 26 1
46 27 4
46 32 8
46 33 8
46 34 8
46 35 8
46 36 8
46 63 9
47 1 1
47 2 4
47 8 3
47 9 12
47 11 9
47 12 6
47 26 1
47 27 4
47 31 1
47 32 15
47 33 6
47 34 2
47 35 3
47 36 15
47 37 12
47 38 8
47 39 8
47 42 8
47 43 8
47 44 8
47 45 8
47 46 8
47 61 8
47 62 9
47 63 15
48 1 1
48 2 4
48 9 2
48 11 2
48 26 1
48 27 4
48 31 1
48 32 6
48 36 2
48 37 2
48 38 3
48 39 15
48 40 12
48 41 9
48 42 15
48 43 6
48 44 2
48 45 3
48 46 15
48 47 4
48 58 8
48 59 8
48 60 9
48 61 15
48 62 6
48 63 2
49 1 1
49 2 4
49 26 1
49 27 4
49 31 1
49 32 4
49 39 2
49 40 2
49 41 2
49 42 2
49 46 3
49 47 12
49 57 9
49 58 15
49 59 6
49 60 2
49 61 2
50 1 1
50 2 4
50 25 8
50 31 1
50 32 4
50 46 1
50 47 15
50 48 4
50 56 9
50 57 15
50 58 6
51 1 1
51 2 4
51 24 9
51 25 15
51 26 4
51 31 1
51 32 12
51 47 3
51 48 4
51 55 1
51 56 15
51 57 6
52 1 1
52 2 4
52 23 9
52 24 15
52 25 6
52 31 1
52 32 15
52 33 4
52 47 1
52 48 4
52 55 1
52 56 6
53 1 1
53 2 4
53 22 9
53 23 15
53 24 6
53 32 3
53 33 4
53 47 1
53 48 12
53 55 9
53 56 4
54 1 1
54 2 4
54 21 1
54 22 15
54 23 6
54 47 1
54 48 15
54 49 12
54 50 8
54 54 9
54 55 15
54 56 4
55 1 1
55 2 4
55 22 2
55 32 9
55 33 4
55 48 2
55 49 3
55 50 15
55 51 4
55 53 9
55 54 15
55 55 6
56 1 1
56 2 4
56 31 1
56 32 15
56 33 4
56 50 2
56 53 2
56 54 2
57 18 8
57 31 1
57 32 6
58 17 9
58 18 15
58 19 4
58 31 1
58 32 4
59 16 1
59 17 15
59 18 6
60 17 2
60 31 1
60 32 4
61 6 8
61 7 8
61 8 8
61 9 8
61 10 8
61 11 8
61 12 8
61 13 8
61 14 8
62 6 2
62 7 2
62 8 2
62 9 2
62 10 2
62 11 2
62 12 2
62 13 2
62 14 2
62 31 9
62 32 4
63 0 8
63 1 8
63 2 8
63 3 8
63 4 8
63 5 8
63 6 8
63 7 8
63 8 8
63 9 8
63 10 8
63 11 8
63 12 8
63 13 8
63 14 8
63 15 8
63 16 8
63 17 8
63 18 8
63 19 8
63 20 8
63 21 8
63 22 8
63 23 8
63 24 8
63 25 8
63 26 8
63 27 8
63 28 8
63 29 8
63 30 9
63 31 15
63 32 4
