0
0 3 1
0 4 15
0 5 15
0 6 4
0 56 9
0 57 15
0 58 15
0 59 12
1 3 1
1 4 15
1 5 15
1 6 4
1 16 8
1 17 8
1 55 1
1 56 15
1 57 15
1 58 15
1 59 15
1 60 12
2 3 1
2 4 15
2 5 15
2 6 12
2 15 9
2 16 15
2 17 15
2 18 4
2 22 8
2 56 3
2 57 15
2 58 15
2 59 15
2 60 15
2 61 12
2 62 8
3 3 1
3 4 15
3 5 15
3 6 15
3 7 12
3 8 8
3 13 8
3 14 9
3 15 15
3 16 6
3 17 2
3 18 8
3 19 8
3 21 1
3 22 15
3 23 4
3 57 2
3 58 3
3 59 15
3 60 15
3 61 15
3 62 15
3 63 4
4 3 1
4 4 15
4 5 15
4 6 15
4 7 15
4 8 15
4 9 12
4 10 8
4 11 8
4 12 9
4 13 15
4 14 15
4 15 15
4 16 12
4 17 9
4 18 15
4 19 15
4 20 12
4 21 9
4 22 15
4 23 12
4 58 1
4 59 15
4 60 15
4 61 15
4 62 15
4 63 4
5 4 3
5 5 15
5 6 15
5 7 15
5 8 15
5 9 15
5 10 15
5 11 15
5 12 15
5 13 15
5 14 15
5 15 15
5 16 15
5 17 15
5 18 7
5 19 15
5 20 15
5 21 15
5 22 15
5 23 15
5 24 12
5 59 3
5 60 15
5 61 15
5 62 15
5 63 4
6 4 1
6 5 15
6 6 15
6 7 15
6 8 15
6 9 15
6 10 15
6 11 15
6 12 15
6 13 15
6 14 15
6 15 15
6 16 6
6 17 2
6 19 2
6 20 3
6 21 15
6 22 15
6 23 15
6 24 15
6 25 4
6 60 2
6 61 2
6 62 2
7 4 1
7 5 15
7 6 15
7 7 15
7 8 15
7 9 15
7 10 15
7 11 15
7 12 15
7 13 15
7 14 15
7 15 6
7 21 2
7 22 3
7 23 15
7 24 15
7 25 12
7 26 8
7 27 8
7 28 8
8 5 3
8 6 15
8 7 15
8 8 15
8 9 15
8 10 15
8 11 15
8 12 15
8 13 15
8 14 6
8 23 3
8 24 15
8 25 15
8 26 15
8 27 15
8 28 15
8 29 12
9 5 1
9 6 15
9 7 15
9 8 15
9 9 15
9 10 15
9 11 15
9 12 6
9 13 2
9 24 3
9 25 15
9 26 15
9 27 15
9 28 15
9 29 15
9 30 12
9 31 8
10 6 3
10 7 15
10 8 15
10 9 15
10 10 15
10 11 6
10 25 2
10 26 3
10 27 15
10 28 15
10 29 15
10 30 15
10 31 15
10 32 12
10 33 8
11 7 2
11 8 2
11 9 2
11 10 2
11 27 2
11 28 3
11 29 15
11 30 15
11 31 15
11 32 15
11 33 15
11 34 4
12 28 1
12 29 15
12 30 15
12 31 15
12 32 15
12 33 15
12 34 4
13 29 3
13 30 15
13 31 15
13 32 15
13 33 15
13 34 12
14 16 8
14 21 1
14 22 4
14 29 1
14 30 15
14 31 15
14 32 15
14 33 15
14 34 15
14 35 12
15 15 1
15 16 15
15 17 4
15 30 3
15 31 15
15 32 15
15 33 15
15 34 15
15 35 15
15 36 4
16 16 2
16 30 1
16 31 15
16 32 15
16 33 15
16 34 15
16 35 15
16 36 4
17 15 8
17 30 1
17 31 15
17 32 15
17 33 15
17 34 15
17 35 6
18 15 2
18 30 1
18 31 15
18 32 15
18 33 15
18 34 15
18 35 4
19 30 1
19 31 15
19 32 15
19 33 15
19 34 15
19 35 4
20 9 8
20 30 9
20 31 15
20 32 15
20 33 15
20 34 6
21 8 1
21 9 15
21 10 4
21 15 8
21 25 8
21 27 8
21 28 8
21 29 9
21 30 15
21 31 15
21 32 15
21 33 6
22 9 2
22 14 1
22 15 15
22 16 4
22 24 9
22 25 15
22 26 5
22 27 15
22 28 15
22 29 15
22 30 15
22 31 15
22 32 15
22 33 4
23 5 1
23 6 4
23 15 2
23 23 1
23 24 15
23 25 15
23 26 5
23 27 15
23 28 15
23 29 15
23 30 15
23 31 15
23 32 6
24 13 8
24 15 8
24 23 9
24 24 15
24 25 15
24 26 5
24 27 15
24 28 15
24 29 15
24 30 15
24 31 6
25 12 1
25 13 15
25 14 5
25 15 15
25 16 4
25 22 1
25 23 15
25 24 15
25 25 6
25 27 3
25 28 15
25 29 15
25 30 6
26 13 2
26 15 2
26 22 1
26 23 15
26 24 15
26 25 4
26 28 2
26 29 2
27 4 8
27 6 8
27 22 9
27 23 15
27 24 15
27 25 4
28 3 1
28 4 15
28 5 5
28 6 15
28 7 4
28 21 1
28 22 15
28 23 15
28 24 15
28 25 12
29 4 2
29 6 2
29 22 3
29 23 15
29 24 15
29 25 15
29 26 12
29 27 8
29 38 8
29 39 8
29 40 8
30 3 1
30 4 4
30 23 3
30 24 15
30 25 15
30 26 15
30 27 15
30 28 12
30 36 8
30 37 9
30 38 15
30 39 15
30 40 15
30 41 12
31 3 1
31 4 4
31 24 3
31 25 15
31 26 15
31 27 15
31 28 15
31 29 4
31 35 1
31 36 15
31 37 15
31 38 15
31 39 15
31 40 15
31 41 15
31 42 12
31 43 8
31 48 8
31 49 8
32 4 8
32 24 1
32 25 15
32 26 15
32 27 15
32 28 15
32 29 12
32 35 1
32 36 15
32 37 15
32 38 15
32 39 15
32 40 15
32 41 15
32 42 15
32 43 15
32 44 4
32 47 9
32 48 15
32 49 15
32 50 4
33 3 1
33 4 15
33 5 4
33 19 8
33 20 8
33 21 8
33 25 3
33 26 15
33 27 15
33 28 15
33 29 15
33 30 12
33 35 1
33 36 15
33 37 15
33 38 15
33 39 15
33 40 15
33 41 15
33 42 15
33 43 15
33 44 12
33 46 9
33 47 15
33 48 15
33 49 15
33 50 4
34 4 2
34 18 9
34 19 15
34 20 15
34 21 15
34 22 12
34 25 1
34 26 15
34 27 15
34 28 15
34 29 15
34 30 15
34 31 4
34 36 3
34 37 15
34 38 15
34 39 15
34 40 15
34 41 15
34 42 15
34 43 15
34 44 15
34 45 5
34 46 15
34 47 15
34 48 15
34 49 15
34 50 4
35 17 9
35 18 15
35 19 15
35 20 15
35 21 15
35 22 15
35 23 12
35 24 8
35 25 9
35 26 15
35 27 15
35 28 15
35 29 15
35 30 15
35 31 12
35 37 3
35 38 15
35 39 15
35 40 15
35 41 15
35 42 15
35 43 15
35 44 15
35 45 5
35 46 15
35 47 15
35 48 15
35 49 15
35 50 4
36 16 9
36 17 15
36 18 15
36 19 15
36 20 15
36 21 15
36 22 15
36 23 15
36 24 15
36 25 15
36 26 15
36 27 15
36 28 15
36 29 15
36 30 15
36 31 15
36 32 4
36 38 2
36 39 3
36 40 15
36 41 15
36 42 15
36 43 15
36 44 6
36 46 3
36 47 15
36 48 15
36 49 6
37 15 1
37 16 15
37 17 15
37 18 15
37 19 15
37 20 15
37 21 15
37 22 15
37 23 15
37 24 15
37 25 15
37 26 15
37 27 15
37 28 15
37 29 15
37 30 15
37 31 15
37 32 4
37 40 2
37 41 2
37 42 2
37 43 2
37 47 2
37 48 2
38 15 9
38 16 15
38 17 15
38 18 15
38 19 15
38 20 15
38 21 6
38 22 2
38 23 3
38 24 15
38 25 15
38 26 15
38 27 15
38 28 15
38 29 15
38 30 15
38 31 6
39 14 1
39 15 15
39 16 15
39 17 15
39 18 15
39 19 15
39 20 6
39 24 3
39 25 15
39 26 15
39 27 15
39 28 15
39 29 15
39 30 15
39 31 4
40 14 1
40 15 15
40 16 15
40 17 15
40 18 15
40 19 6
40 25 3
40 26 15
40 27 15
40 28 15
40 29 15
40 30 6
41 14 9
41 15 15
41 16 15
41 17 15
41 18 15
41 19 4
41 26 2
41 27 2
41 28 2
41 29 2
42 13 1
42 14 15
42 15 15
42 16 15
42 17 15
42 18 15
42 19 12
43 13 1
43 14 15
43 15 15
43 16 15
43 17 15
43 18 15
43 19 15
43 20 4
44 14 3
44 15 15
44 16 15
44 17 15
44 18 15
44 19 15
44 20 12
45 14 1
45 15 15
45 16 15
45 17 15
45 18 15
45 19 15
45 20 15
45 21 12
45 22 8
45 23 8
46 14 1
46 15 15
46 16 15
46 17 15
46 18 15
46 19 15
46 20 15
46 21 15
46 22 15
46 23 15
46 24 12
46 25 8
46 26 8
46 27 8
47 14 1
47 15 15
47 16 15
47 17 15
47 18 15
47 19 15
47 20 15
47 21 15
47 22 15
47 23 15
47 24 15
47 25 15
47 26 15
47 27 15
47 28 12
47 29 8
47 31 8
47 32 8
47 33 8
48 15 3
48 16 15
48 17 15
48 18 15
48 19 15
48 20 15
48 21 15
48 22 15
48 23 15
48 24 15
48 25 15
48 26 15
48 27 15
48 28 15
48 29 15
48 30 13
48 31 15
48 32 15
48 33 15
48 34 12
49 16 2
49 17 2
49 18 3
49 19 15
49 20 15
49 21 15
49 22 6
49 23 2
49 24 2
49 25 3
49 26 15
49 27 15
49 28 15
49 29 15
49 30 15
49 31 15
49 32 15
49 33 15
49 34 15
49 35 4
50 19 2
50 20 2
50 21 2
50 26 2
50 27 2
50 28 2
50 29 3
50 30 15
50 31 15
50 32 15
50 33 15
50 34 15
50 35 12
50 36 8
51 30 2
51 31 3
51 32 15
51 33 15
51 34 15
51 35 15
51 36 15
51 37 4
52 32 3
52 33 15
52 34 15
52 35 15
52 36 15
52 37 4
53 32 1
53 33 15
53 34 15
53 35 15
53 36 15
53 37 4
54 32 1
54 33 15
54 34 15
54 35 15
54 36 15
54 37 12
55 32 9
55 33 15
55 34 15
55 35 15
55 36 15
55 37 15
55 38 4
56 30 8
56 31 9
56 32 15
56 33 6
56 34 3
56 35 15
56 36 15
56 37 15
56 38 4
57 28 8
57 29 9
57 30 15
57 31 15
57 32 15
57 33 12
57 34 9
57 35 15
57 36 6
57 37 2
58 27 9
58 28 15
58 29 15
58 30 15
58 31 15
58 32 15
58 33 15
58 34 15
58 35 15
58 36 4
59 26 1
59 27 15
59 28 15
59 29 15
59 30 15
59 31 15
59 32 15
59 33 15
59 34 15
59 35 15
59 36 4
60 25 8
60 26 9
60 27 15
60 28 15
60 29 15
60 30 15
60 31 15
60 32 15
60 33 15
60 34 6
60 35 2
61 24 9
61 25 15
61 26 15
61 27 15
61 28 15
61 29 15
61 30 6
61 31 2
61 32 2
61 33 2
62 23 9
62 24 15
62 25 15
62 26 15
62 27 15
62 28 15
62 29 6
63 22 1
63 23 15
63 24 15
63 25 15
63 26 15
63 27 15
63 28 15
63 29 4
