15
5 41 6
5 42 2
5 43 3
6 40 6
6 41 0
6 42 0
6 43 0
6 44 3
7 31 6
7 32 3
7 39 6
7 40 0
7 41 0
7 42 0
7 43 0
7 44 1
8 31 4
8 32 1
8 38 6
8 39 0
8 40 0
8 41 0
8 42 0
8 43 0
8 44 0
8 45 3
9 30 6
9 31 0
9 32 0
9 33 3
9 38 4
9 39 0
9 40 0
9 41 0
9 42 0
9 43 0
9 44 0
9 45 0
9 46 3
9 48 6
9 49 3
10 30 4
10 31 0
10 32 0
10 33 1
10 38 4
10 39 0
10 40 0
10 41 0
10 42 0
10 43 0
10 44 0
10 45 0
10 46 0
10 47 2
10 48 0
10 49 1
11 30 4
11 31 0
11 32 0
11 33 1
11 38 12
11 39 0
11 40 0
11 41 0
11 42 0
11 43 0
11 44 0
11 45 0
11 46 0
11 47 0
11 48 0
11 49 1
11 51 6
11 52 11
12 24 6
12 25 3
12 29 6
12 30 0
12 31 0
12 32 0
12 33 0
12 34 3
12 39 4
12 40 0
12 41 0
12 42 0
12 43 0
12 44 0
12 45 0
12 46 0
12 47 8
12 48 8
12 49 9
12 51 13
13 24 4
13 25 1
13 29 4
13 30 0
13 31 0
13 32 0
13 33 0
13 34 0
13 35 3
13 39 4
13 40 0
13 41 0
13 42 0
13 43 0
13 44 0
13 45 0
13 46 9
14 23 6
14 24 8
14 25 0
14 26 2
14 27 2
14 28 2
14 29 0
14 30 0
14 31 0
14 32 0
14 33 0
14 34 0
14 35 1
14 39 4
14 40 0
14 41 8
14 42 0
14 43 0
14 44 0
14 45 9
15 23 13
15 25 4
15 26 0
15 27 0
15 28 0
15 29 0
15 30 0
15 31 0
15 32 0
15 33 0
15 34 0
15 35 0
15 36 2
15 37 11
15 39 12
15 40 9
15 42 4
15 43 0
15 44 1
16 25 4
16 26 0
16 27 0
16 28 0
16 29 0
16 30 0
16 31 0
16 32 0
16 33 0
16 34 0
16 35 0
16 36 9
16 42 12
16 43 0
16 44 9
17 25 4
17 26 0
17 27 0
17 28 0
17 29 0
17 30 0
17 31 0
17 32 0
17 33 0
17 34 0
17 35 9
17 43 13
18 25 4
18 26 0
18 27 0
18 28 0
18 29 0
18 30 0
18 31 0
18 32 0
18 33 0
18 34 1
18 38 6
18 39 3
19 16 6
19 17 2
19 18 2
19 19 2
19 20 2
19 21 3
19 25 4
19 26 0
19 27 0
19 28 0
19 29 0
19 30 0
19 31 0
19 32 0
19 33 0
19 34 1
19 38 4
19 39 0
19 40 2
19 41 3
20 15 6
20 16 0
20 17 0
20 18 0
20 19 0
20 20 0
20 21 0
20 22 3
20 24 6
20 25 0
20 26 0
20 27 0
20 28 0
20 29 0
20 30 0
20 31 0
20 32 0
20 33 0
20 34 0
20 35 2
20 36 3
20 38 4
20 39 0
20 40 0
20 41 1
20 43 6
20 44 3
21 14 6
21 15 0
21 16 0
21 17 0
21 18 0
21 19 0
21 20 0
21 21 0
21 22 0
21 23 2
21 24 0
21 25 0
21 26 0
21 27 0
21 28 0
21 29 0
21 30 0
21 31 0
21 32 0
21 33 0
21 34 0
21 35 0
21 36 0
21 37 2
21 38 0
21 39 0
21 40 0
21 41 0
21 42 2
21 43 0
21 44 1
22 13 6
22 14 0
22 15 0
22 16 0
22 17 0
22 18 0
22 19 0
22 20 0
22 21 0
22 22 0
22 23 0
22 24 0
22 25 0
22 26 0
22 27 0
22 28 0
22 29 0
22 30 0
22 31 0
22 32 0
22 33 0
22 34 0
22 35 0
22 36 8
22 37 8
22 38 8
22 39 8
22 40 0
22 41 0
22 42 0
22 43 0
22 44 0
22 45 11
23 12 6
23 13 0
23 14 0
23 15 0
23 16 0
23 17 0
23 18 0
23 19 0
23 20 0
23 21 0
23 22 0
23 23 0
23 24 0
23 25 0
23 26 0
23 27 0
23 28 0
23 29 0
23 30 0
23 31 0
23 32 0
23 33 0
23 34 0
23 35 9
23 40 12
23 41 8
23 42 8
23 43 8
23 44 9
24 12 4
24 13 0
24 14 0
24 15 0
24 16 0
24 17 0
24 18 0
24 19 0
24 20 0
24 21 0
24 22 0
24 23 0
24 24 0
24 25 0
24 26 0
24 27 0
24 28 0
24 29 8
24 30 8
24 31 0
24 32 0
24 33 0
24 34 1
25 10 6
25 11 2
25 12 0
25 13 0
25 14 0
25 15 0
25 16 0
25 17 0
25 18 0
25 19 0
25 20 0
25 21 0
25 22 0
25 23 0
25 24 0
25 25 0
25 26 0
25 27 1
25 28 4
25 29 2
25 30 2
25 31 0
25 32 0
25 33 0
25 34 0
25 35 3
26 10 4
26 11 0
26 12 0
26 13 0
26 14 0
26 15 0
26 16 0
26 17 0
26 18 0
26 19 0
26 20 0
26 21 0
26 22 0
26 23 0
26 24 0
26 25 0
26 26 0
26 27 1
26 28 4
26 29 0
26 30 0
26 31 1
26 32 4
26 33 0
26 34 0
26 35 0
26 36 3
27 9 6
27 10 8
27 11 0
27 12 0
27 13 0
27 14 0
27 15 0
27 16 0
27 17 0
27 18 0
27 19 0
27 20 0
27 21 0
27 22 0
27 23 0
27 24 0
27 25 0
27 26 0
27 27 1
27 28 4
27 29 0
27 30 0
27 31 9
27 32 4
27 33 0
27 34 0
27 35 0
27 36 0
27 37 3
28 6 6
28 7 2
28 8 2
28 9 1
28 11 12
28 12 0
28 13 0
28 14 0
28 15 0
28 16 0
28 17 0
28 18 0
28 19 0
28 20 0
28 21 0
28 22 0
28 23 0
28 24 0
28 25 0
28 26 0
28 27 0
28 28 0
28 29 8
28 30 1
28 32 4
28 33 0
28 34 0
28 35 0
28 36 0
28 37 0
28 38 3
29 5 6
29 6 0
29 7 0
29 8 0
29 9 9
29 12 12
29 13 0
29 14 0
29 15 0
29 16 0
29 17 0
29 18 0
29 19 0
29 20 0
29 21 0
29 22 0
29 23 0
29 24 0
29 25 0
29 26 0
29 27 0
29 28 0
29 29 2
29 30 0
29 31 2
29 32 0
29 33 0
29 34 0
29 35 0
29 36 0
29 37 0
29 38 8
29 39 2
29 40 3
30 4 6
30 5 0
30 6 0
30 7 0
30 8 1
30 13 12
30 14 0
30 15 0
30 16 0
30 17 0
30 18 0
30 19 0
30 20 0
30 21 0
30 22 0
30 23 0
30 24 0
30 25 0
30 26 0
30 27 0
30 28 0
30 29 0
30 30 0
30 31 0
30 32 0
30 33 0
30 34 0
30 35 0
30 36 8
30 37 9
30 39 12
30 40 0
30 41 3
31 2 6
31 3 2
31 4 0
31 5 0
31 6 0
31 7 0
31 8 1
31 14 12
31 15 0
31 16 0
31 17 0
31 18 0
31 19 0
31 20 0
31 21 0
31 22 0
31 23 0
31 24 0
31 25 0
31 26 0
31 27 0
31 28 0
31 29 0
31 30 0
31 31 0
31 32 0
31 33 0
31 34 0
31 35 1
31 40 12
31 41 0
31 42 3
32 2 12
32 3 8
32 4 0
32 5 0
32 6 0
32 7 0
32 8 1
32 15 12
32 16 0
32 17 0
32 18 0
32 19 0
32 20 0
32 21 0
32 22 0
32 23 0
32 24 0
32 25 0
32 26 0
32 27 0
32 28 0
32 29 0
32 30 0
32 31 0
32 32 1
32 33 4
32 34 0
32 35 1
32 41 4
32 42 0
32 43 2
32 44 11
33 4 12
33 5 0
33 6 0
33 7 0
33 8 1
33 16 12
33 17 0
33 18 0
33 19 0
33 20 0
33 21 0
33 22 0
33 23 0
33 24 0
33 25 0
33 26 0
33 27 0
33 28 0
33 29 0
33 30 0
33 31 0
33 32 8
33 33 0
33 34 0
33 35 9
33 41 4
33 42 8
33 43 9
34 5 4
34 6 8
34 7 8
34 8 1
34 17 4
34 18 0
34 19 0
34 20 0
34 21 0
34 22 0
34 23 0
34 24 0
34 25 0
34 26 0
34 27 0
34 28 0
34 29 0
34 30 0
34 31 1
34 33 4
34 34 9
34 36 7
34 41 13
35 5 13
35 8 12
35 9 3
35 17 4
35 18 0
35 19 0
35 20 0
35 21 0
35 22 0
35 23 0
35 24 0
35 25 0
35 26 8
35 27 8
35 28 8
35 29 0
35 30 0
35 31 1
35 32 6
35 33 1
35 36 4
35 37 11
35 43 6
35 44 3
36 9 13
36 17 4
36 18 0
36 19 0
36 20 0
36 21 0
36 22 0
36 23 0
36 24 0
36 25 1
36 27 6
36 28 2
36 29 0
36 30 0
36 31 0
36 32 0
36 33 0
36 34 2
36 35 2
36 36 1
36 43 4
36 44 0
36 45 3
37 17 4
37 18 0
37 19 0
37 20 0
37 21 0
37 22 0
37 23 0
37 24 0
37 25 0
37 26 2
37 27 0
37 28 0
37 29 0
37 30 0
37 31 0
37 32 0
37 33 0
37 34 0
37 35 0
37 36 0
37 37 2
37 38 2
37 39 2
37 40 2
37 41 2
37 42 2
37 43 0
37 44 0
37 45 1
38 17 4
38 18 0
38 19 0
38 20 0
38 21 0
38 22 0
38 23 0
38 24 0
38 25 0
38 26 0
38 27 0
38 28 0
38 29 0
38 30 0
38 31 0
38 32 0
38 33 0
38 34 0
38 35 0
38 36 0
38 37 0
38 38 0
38 39 0
38 40 0
38 41 0
38 42 0
38 43 0
38 44 8
38 45 9
39 16 6
39 17 0
39 18 0
39 19 0
39 20 0
39 21 0
39 22 0
39 23 0
39 24 0
39 25 0
39 26 0
39 27 8
39 28 8
39 29 8
39 30 8
39 31 0
39 32 0
39 33 0
39 34 0
39 35 0
39 36 0
39 37 8
39 38 0
39 39 0
39 40 0
39 41 0
39 42 0
39 43 1
40 7 6
40 8 3
40 12 6
40 13 2
40 14 2
40 15 2
40 16 0
40 17 0
40 18 0
40 19 0
40 20 0
40 21 0
40 22 0
40 23 0
40 24 0
40 25 0
40 26 9
40 31 12
40 32 8
40 33 8
40 34 8
40 35 8
40 36 9
40 38 12
40 39 8
40 40 0
40 41 0
40 42 0
40 43 9
41 7 4
41 8 1
41 12 12
41 13 0
41 14 0
41 15 0
41 16 8
41 17 8
41 18 0
41 19 0
41 20 0
41 21 0
41 22 0
41 23 0
41 24 0
41 25 1
41 40 12
41 41 8
41 42 9
42 7 4
42 8 8
42 9 2
42 10 11
42 13 12
42 14 8
42 15 9
42 18 12
42 19 8
42 20 8
42 21 8
42 22 8
42 23 0
42 24 0
42 25 9
43 7 13
43 9 13
43 23 4
43 24 9
44 23 13
44 30 6
44 31 2
44 32 3
44 33 6
44 34 2
44 35 2
44 36 3
44 38 6
44 39 2
44 40 2
44 41 2
44 42 2
44 43 2
44 44 2
44 45 2
44 46 2
44 47 3
44 49 6
44 50 2
44 51 3
44 53 6
44 54 3
45 27 6
45 28 2
45 29 2
45 30 0
45 31 0
45 32 1
45 33 4
45 34 0
45 35 0
45 36 0
45 37 10
45 38 0
45 39 0
45 40 0
45 41 0
45 42 0
45 43 8
45 44 0
45 45 0
45 46 0
45 47 0
45 48 3
45 49 4
45 50 0
45 51 0
45 52 3
45 53 4
45 54 1
46 26 6
46 27 0
46 28 0
46 29 0
46 30 0
46 31 0
46 32 9
46 33 4
46 34 0
46 35 0
46 36 1
46 38 4
46 39 0
46 40 0
46 41 0
46 42 1
46 44 4
46 45 0
46 46 0
46 47 0
46 48 0
46 49 0
46 50 0
46 51 0
46 52 1
46 53 4
46 54 1
47 26 4
47 27 0
47 28 0
47 29 0
47 30 0
47 31 1
47 33 4
47 34 0
47 35 0
47 36 0
47 37 3
47 38 4
47 39 0
47 40 0
47 41 0
47 42 1
47 43 14
47 44 0
47 45 0
47 46 0
47 47 0
47 48 1
47 49 12
47 50 0
47 51 8
47 52 9
47 53 4
47 54 1
48 7 6
48 8 2
48 9 2
48 10 3
48 26 4
48 27 0
48 28 0
48 29 0
48 30 0
48 31 0
48 32 10
48 33 0
48 34 0
48 35 0
48 36 0
48 37 1
48 38 4
48 39 0
48 40 0
48 41 0
48 42 1
48 44 4
48 45 0
48 46 0
48 47 0
48 48 1
48 49 6
48 50 0
48 51 2
48 52 2
48 53 0
48 54 1
49 6 6
49 7 0
49 8 0
49 9 0
49 10 0
49 11 3
49 26 4
49 27 0
49 28 0
49 29 0
49 30 0
49 31 1
49 33 4
49 34 0
49 35 0
49 36 0
49 37 1
49 38 4
49 39 0
49 40 8
49 41 0
49 42 9
49 43 14
49 44 0
49 45 0
49 46 0
49 47 0
49 48 0
49 49 0
49 50 0
49 51 0
49 52 1
49 53 4
49 54 1
50 6 4
50 7 0
50 8 0
50 9 0
50 10 0
50 11 1
50 26 12
50 27 0
50 28 0
50 29 0
50 30 0
50 31 0
50 32 3
50 33 4
50 34 0
50 35 0
50 36 0
50 37 1
50 38 4
50 39 1
50 40 6
50 41 0
50 42 3
50 44 4
50 45 0
50 46 0
50 47 0
50 48 1
50 49 4
50 50 0
50 51 0
50 52 1
50 53 4
50 54 1
51 6 4
51 7 0
51 8 0
51 9 0
51 10 0
51 11 1
51 27 12
51 28 8
51 29 8
51 30 0
51 31 0
51 32 1
51 33 4
51 34 0
51 35 0
51 36 0
51 37 9
51 38 4
51 39 1
51 40 12
51 41 0
51 42 1
51 43 14
51 44 1
51 45 12
51 46 9
51 47 4
51 48 9
51 49 4
51 50 0
51 51 0
51 52 9
51 53 4
51 54 1
52 6 12
52 7 0
52 8 0
52 9 0
52 10 0
52 11 1
52 30 12
52 31 8
52 32 9
52 33 12
52 34 8
52 35 8
52 36 9
52 38 12
52 39 9
52 41 12
52 42 9
52 44 13
52 47 13
52 49 12
52 50 8
52 51 9
52 53 12
52 54 9
53 7 12
53 8 8
53 9 8
53 10 8
53 11 0
53 12 3
54 11 12
54 12 1
55 12 4
55 13 11
56 12 13
