0
0 20 1
0 21 15
0 22 15
0 23 15
0 24 4
1 20 9
1 21 15
1 22 15
1 23 15
1 24 4
2 19 1
2 20 15
2 21 15
2 22 15
2 23 15
2 24 4
3 19 1
3 20 15
3 21 15
3 22 15
3 23 15
3 24 4
4 19 9
4 20 15
4 21 15
4 22 15
4 23 15
4 24 12
5 18 1
5 19 15
5 20 15
5 21 15
5 22 15
5 23 15
5 24 15
5 25 4
6 16 8
6 17 8
6 18 9
6 19 15
6 20 15
6 21 15
6 22 15
6 23 15
6 24 6
7 15 9
7 16 15
7 17 15
7 18 15
7 19 15
7 20 15
7 21 15
7 22 15
7 23 15
7 24 4
8 14 9
8 15 15
8 16 15
8 17 15
8 18 15
8 19 15
8 20 15
8 21 15
8 22 15
8 23 6
9 13 9
9 14 15
9 15 15
9 16 15
9 17 15
9 18 15
9 19 15
9 20 6
9 21 2
9 22 2
10 12 1
10 13 15
10 14 15
10 15 15
10 16 15
10 17 15
10 18 15
10 19 6
11 12 1
11 13 15
11 14 15
11 15 15
11 16 15
11 17 15
11 18 6
12 12 1
12 13 15
12 14 15
12 15 15
12 16 15
12 17 6
13 12 1
13 13 15
13 14 15
13 15 15
13 16 15
13 17 4
14 12 1
14 13 15
14 14 15
14 15 15
14 16 15
14 17 12
15 12 1
15 13 15
15 14 15
15 15 15
15 16 15
15 17 15
15 18 12
16 12 1
16 13 15
16 14 15
16 15 15
16 16 15
16 17 15
16 18 15
16 19 4
17 13 3
17 14 15
17 15 15
17 16 15
17 17 15
17 18 15
17 19 4
18 13 1
18 14 15
18 15 15
18 16 15
18 17 15
18 18 15
18 19 4
19 13 1
19 14 15
19 15 15
19 16 15
19 17 15
19 18 15
19 19 12
20 13 1
20 14 15
20 15 15
20 16 15
20 17 15
20 18 15
20 19 15
20 20 4
21 13 9
21 14 15
21 15 15
21 16 15
21 17 15
21 18 15
21 19 15
21 20 4
22 12 9
22 13 15
22 14 15
22 15 15
22 16 15
22 17 15
22 18 15
22 19 15
22 20 12
23 11 9
23 12 15
23 13 15
23 14 15
23 15 15
23 16 15
23 17 15
23 18 15
23 19 15
23 20 15
23 21 4
24 8 8
24 9 8
24 10 9
24 11 15
24 12 15
24 13 15
24 14 6
24 15 2
24 16 2
24 17 2
24 18 3
24 19 15
24 20 15
24 21 4
25 6 8
25 7 9
25 8 15
25 9 15
25 10 15
25 11 15
25 12 15
25 13 15
25 14 4
25 18 1
25 19 15
25 20 15
25 21 4
26 5 9
26 6 15
26 7 15
26 8 15
26 9 15
26 10 15
26 11 15
26 12 15
26 13 15
26 14 4
26 18 9
26 19 15
26 20 15
26 21 4
27 4 9
27 5 15
27 6 15
27 7 15
27 8 15
27 9 15
27 10 15
27 11 15
27 12 15
27 13 15
27 14 12
27 17 9
27 18 15
27 19 15
27 20 15
27 21 4
28 3 1
28 4 15
28 5 15
28 6 15
28 7 15
28 8 15
28 9 15
28 10 15
28 11 15
28 12 15
28 13 15
28 14 15
28 15 12
28 16 9
28 17 15
28 18 15
28 19 15
28 20 15
28 21 4
29 3 9
29 4 15
29 5 15
29 6 15
29 7 15
29 8 15
29 9 15
29 10 15
29 11 15
29 12 15
29 13 15
29 14 15
29 15 15
29 16 15
29 17 15
29 18 15
29 19 15
29 20 6
30 0 8
30 1 8
30 2 9
30 3 15
30 4 15
30 5 15
30 6 15
30 7 15
30 8 15
30 9 15
30 10 15
30 11 15
30 12 15
30 13 15
30 14 15
30 15 15
30 16 15
30 17 15
30 18 15
30 19 6
31 0 15
31 1 15
31 2 15
31 3 15
31 4 15
31 5 15
31 6 15
31 7 15
31 8 15
31 9 6
31 10 2
31 11 2
31 12 2
31 13 2
31 14 2
31 15 2
31 16 2
31 17 2
31 18 2
32 0 15
32 1 15
32 2 15
32 3 15
32 4 15
32 5 15
32 6 15
32 7 15
32 8 6
33 0 15
33 1 15
33 2 15
33 3 15
33 4 15
33 5 15
33 6 15
33 7 6
34 0 15
34 1 15
34 2 15
34 3 15
34 4 15
34 5 6
34 6 2
35 0 15
35 1 15
35 2 15
35 3 15
35 4 6
36 0 2
36 1 2
36 2 2
36 3 2
