0
25 29 8
25 30 8
25 31 8
25 35 8
25 36 8
25 42 8
25 43 8
25 44 8
25 45 8
25 46 8
25 47 8
26 29 2
26 30 2
26 31 2
26 35 2
26 36 2
26 42 2
26 43 2
26 44 2
26 45 2
26 46 2
26 47 2
27 48 1
27 49 4
28 26 1
28 27 4
28 48 1
28 49 4
29 26 1
29 27 4
29 48 1
29 49 4
30 26 1
30 27 4
30 48 1
30 49 4
31 26 1
31 27 4
31 48 1
31 49 4
32 48 1
32 49 4
33 26 1
33 27 4
34 48 1
34 49 4
35 26 1
35 27 4
35 48 1
35 49 4
36 48 1
36 49 4
37 48 1
37 49 4
38 48 1
38 49 4
39 48 1
39 49 4
40 26 1
40 27 4
40 48 1
40 49 4
41 48 1
41 49 4
42 26 1
42 27 4
42 48 1
42 49 4
43 48 1
43 49 4
44 26 1
44 27 4
44 48 1
44 49 4
45 26 1
45 27 4
45 48 1
45 49 4
46 26 1
46 27 4
46 48 1
46 49 4
47 26 1
47 27 4
47 39 8
47 44 8
47 48 1
47 49 4
48 39 2
48 44 2
