0
0 60 1
0 61 4
3 59 1
3 60 4
4 59 1
4 60 4
5 59 1
5 60 4
6 59 1
6 60 4
7 59 1
7 60 4
24 8 8
24 9 8
24 10 8
24 12 8
24 14 8
24 17 8
24 23 8
25 8 2
25 9 2
25 10 2
25 12 2
25 14 2
25 17 2
25 23 2
26 48 8
26 49 8
26 50 8
26 51 8
26 52 8
26 53 8
26 54 8
26 55 8
26 56 8
26 57 8
26 58 8
26 59 8
26 60 8
27 20 8
27 21 8
27 22 8
27 47 1
27 48 6
27 49 2
27 50 2
27 51 2
27 52 2
27 53 2
27 54 2
27 55 2
27 56 2
27 57 2
27 58 2
27 59 3
27 60 15
27 61 4
28 2 1
28 3 4
28 20 2
28 21 2
28 22 2
28 32 1
28 33 4
28 60 3
28 61 4
29 2 1
29 3 4
29 32 1
29 33 4
29 60 1
29 61 4
30 2 1
30 3 4
30 32 1
30 33 4
30 47 1
30 48 4
30 60 1
30 61 4
31 2 1
31 3 4
31 32 1
31 33 4
31 60 9
31 61 4
32 2 1
32 3 4
32 47 1
32 48 4
32 56 8
32 59 1
32 60 15
32 61 4
33 2 1
33 3 4
33 33 1
33 34 4
33 47 1
33 48 4
33 56 2
33 60 2
34 2 1
34 3 4
34 33 1
34 34 4
34 47 1
34 48 4
35 2 1
35 3 4
35 47 1
35 48 4
35 55 1
35 56 4
36 2 1
36 3 4
36 33 1
36 34 4
36 47 1
36 48 4
36 55 1
36 56 4
37 2 1
37 3 4
37 16 8
37 33 1
37 34 4
37 47 1
37 48 4
37 55 1
37 56 4
38 2 1
38 3 4
38 16 2
38 47 1
38 48 4
38 55 1
38 56 4
39 2 1
39 3 4
39 47 1
39 48 4
39 55 1
39 56 4
40 2 1
40 3 4
40 8 8
40 9 8
40 10 8
40 11 8
40 25 1
40 26 4
40 32 1
40 33 4
40 47 1
40 48 4
40 55 1
40 56 4
41 2 1
41 3 4
41 8 2
41 9 2
41 10 2
41 11 2
41 32 1
41 33 4
41 47 1
41 48 4
41 55 1
41 56 4
42 2 1
42 3 4
42 20 8
42 21 8
42 32 1
42 33 4
42 47 1
42 48 4
42 55 1
42 56 4
43 2 1
43 3 4
43 20 2
43 21 2
43 32 1
43 33 4
43 55 1
43 56 4
44 47 9
44 48 4
44 55 1
44 56 4
45 9 8
45 10 8
45 14 8
45 15 8
45 16 8
45 17 8
45 20 8
45 21 8
45 22 8
45 23 8
45 41 8
45 42 8
45 43 8
45 44 8
45 45 8
45 46 1
45 47 15
45 48 4
45 55 1
45 56 12
45 57 8
45 60 8
46 9 2
46 10 2
46 14 2
46 15 2
46 16 2
46 17 2
46 20 2
46 21 2
46 22 2
46 23 2
46 41 2
46 42 2
46 43 2
46 44 2
46 45 2
46 47 3
46 48 4
46 56 2
46 57 2
46 59 1
46 60 15
46 61 4
47 40 1
47 41 4
47 47 1
47 48 4
47 60 3
47 61 4
48 40 1
48 41 4
48 60 1
48 61 4
49 40 1
49 41 4
49 60 1
49 61 4
50 40 1
50 41 4
50 47 1
50 48 4
50 60 9
50 61 4
51 40 1
51 41 12
51 42 8
51 43 8
51 44 8
51 45 8
51 46 8
51 47 9
51 48 12
51 49 8
51 50 8
51 51 8
51 52 8
51 54 8
51 55 8
51 56 8
51 57 8
51 58 8
51 59 9
51 60 15
51 61 4
52 41 2
52 42 2
52 43 2
52 44 2
52 45 2
52 46 2
52 47 2
52 48 2
52 49 2
52 50 2
52 51 2
52 52 2
52 54 2
52 55 2
52 56 2
52 57 2
52 58 2
52 59 2
52 60 2
56 56 8
56 57 8
56 58 8
56 59 8
57 56 2
57 57 2
57 58 2
57 59 2
