0
8 63 1
9 30 8
9 31 8
9 32 8
9 33 8
9 34 8
9 63 1
10 30 2
10 31 2
10 32 3
10 33 6
10 34 2
10 63 1
11 28 1
11 29 4
11 32 1
11 33 4
11 35 1
11 36 4
11 63 1
12 28 1
12 29 12
12 30 8
12 31 8
12 35 1
12 36 12
12 37 8
13 29 3
13 30 6
13 31 2
13 35 1
13 36 6
13 37 2
14 26 1
14 27 4
14 29 1
14 30 4
15 26 1
15 27 12
15 29 1
15 30 4
16 26 1
16 27 6
16 63 9
17 26 1
17 27 4
17 63 2
18 31 8
18 32 8
18 33 8
18 34 8
19 27 1
19 28 4
19 31 2
19 32 3
19 33 6
19 34 3
19 35 4
20 27 9
20 28 12
20 29 8
20 32 1
20 33 4
20 63 1
21 26 1
21 27 6
21 28 2
21 29 3
21 30 4
21 32 1
21 33 4
22 26 1
22 27 4
23 31 1
23 32 4
24 29 8
24 30 8
24 31 9
24 32 12
25 29 2
25 30 2
25 31 2
25 32 2
30 63 1
32 62 1
32 63 4
33 62 1
33 63 4
36 63 1
37 63 1
38 63 1
39 63 1
40 50 1
40 51 12
40 52 8
40 53 8
40 54 8
41 15 1
41 16 4
41 51 2
41 52 3
41 53 6
41 54 2
42 7 8
42 8 8
42 9 8
42 14 8
42 15 9
42 16 4
42 46 8
42 47 8
42 48 8
42 49 8
42 50 8
42 52 1
42 53 4
43 7 3
43 8 6
43 9 2
43 14 2
43 15 2
43 46 2
43 47 2
43 48 3
43 49 6
43 50 2
43 52 1
43 53 4
44 7 1
44 8 4
44 48 1
44 49 4
45 10 8
45 11 8
45 12 8
45 13 8
45 48 1
45 49 4
46 10 2
46 11 2
46 12 2
46 13 3
46 14 4
46 45 8
46 46 8
47 7 8
47 8 8
47 13 1
47 14 12
47 15 8
47 44 1
47 45 6
47 46 2
47 63 1
48 7 2
48 8 2
48 13 1
48 14 6
48 15 2
48 44 1
48 45 4
48 52 8
48 53 8
48 54 8
48 63 1
49 13 1
49 14 4
49 50 8
49 51 9
49 52 6
49 53 2
49 54 2
50 50 2
50 51 3
50 52 4
50 62 1
50 63 4
51 10 1
51 11 4
51 46 1
51 47 4
51 51 1
51 52 4
51 62 1
51 63 4
52 10 1
52 11 4
52 46 1
52 47 12
52 48 8
52 49 8
53 7 8
53 10 9
53 11 12
53 12 8
53 13 8
53 46 1
53 47 6
53 48 2
53 49 2
53 54 8
53 55 8
53 63 1
54 7 3
54 8 12
54 10 2
54 11 2
54 12 3
54 13 6
54 50 8
54 51 8
54 52 8
54 53 9
54 54 6
54 55 2
54 63 1
55 7 1
55 8 6
55 12 1
55 13 4
55 15 8
55 16 8
55 50 2
55 51 2
55 52 3
55 53 6
55 63 1
56 7 1
56 8 4
56 12 1
56 13 4
56 15 2
56 16 2
56 52 1
56 53 4
57 7 1
57 8 4
57 48 8
57 49 8
57 50 8
57 51 8
58 48 2
58 49 2
58 50 2
58 51 2
60 63 1
61 63 1
62 63 1
63 63 1
