0
38 59 8
39 55 8
39 56 8
39 58 9
39 59 15
39 60 12
40 53 8
40 54 9
40 55 15
40 56 15
40 57 13
40 58 15
40 59 15
40 60 15
40 61 12
41 52 1
41 53 15
41 54 15
41 55 15
41 56 15
41 57 15
41 58 15
41 59 15
41 60 15
41 61 15
41 62 4
42 52 1
42 53 15
42 54 15
42 55 15
42 56 15
42 57 15
42 58 15
42 59 15
42 60 15
42 61 15
42 62 4
43 0 8
43 52 1
43 53 15
43 54 15
43 55 15
43 56 15
43 57 15
43 58 15
43 59 15
43 60 15
43 61 15
43 62 4
44 0 15
44 1 12
44 52 1
44 53 15
44 54 15
44 55 15
44 56 15
44 57 15
44 58 15
44 59 15
44 60 15
44 61 15
44 62 4
45 0 15
45 1 15
45 2 4
45 52 1
45 53 15
45 54 15
45 55 15
45 56 15
45 57 15
45 58 15
45 59 15
45 60 15
45 61 6
46 0 15
46 1 15
46 2 12
46 52 9
46 53 15
46 54 15
46 55 15
46 56 15
46 57 15
46 58 15
46 59 15
46 60 15
46 61 4
47 0 15
47 1 15
47 2 15
47 3 4
47 51 9
47 52 15
47 53 15
47 54 15
47 55 15
47 56 15
47 57 15
47 58 15
47 59 15
47 60 15
47 61 4
48 0 15
48 1 15
48 2 6
48 50 1
48 51 15
48 52 15
48 53 15
48 54 15
48 55 15
48 56 15
48 57 15
48 58 15
48 59 15
48 60 15
48 61 4
49 0 15
49 1 15
49 2 4
49 50 1
49 51 15
49 52 15
49 53 15
49 54 15
49 55 15
49 56 15
49 57 15
49 58 15
49 59 15
49 60 6
50 0 15
50 1 15
50 2 12
50 50 9
50 51 15
50 52 15
50 53 15
50 54 15
50 55 15
50 56 15
50 57 15
50 58 15
50 59 15
50 60 4
51 0 15
51 1 15
51 2 15
51 3 4
51 39 8
51 40 8
51 41 8
51 42 8
51 49 1
51 50 15
51 51 15
51 52 15
51 53 15
51 54 15
51 55 15
51 56 15
51 57 15
51 58 15
51 59 6
52 0 15
52 1 15
52 2 15
52 3 4
52 38 9
52 39 15
52 40 15
52 41 15
52 42 15
52 43 12
52 44 8
52 48 8
52 49 9
52 50 15
52 51 15
52 52 15
52 53 15
52 54 15
52 55 15
52 56 15
52 57 15
52 58 15
52 59 4
53 0 15
53 1 15
53 2 15
53 3 12
53 37 9
53 38 15
53 39 15
53 40 15
53 41 15
53 42 15
53 43 15
53 44 15
53 45 12
53 46 8
53 47 9
53 48 15
53 49 15
53 50 15
53 51 15
53 52 15
53 53 15
53 54 15
53 55 15
53 56 15
53 57 15
53 58 15
53 59 12
54 0 15
54 1 15
54 2 15
54 3 15
54 4 12
54 36 1
54 37 15
54 38 15
54 39 15
54 40 15
54 41 15
54 42 15
54 43 15
54 44 15
54 45 15
54 46 15
54 47 15
54 48 15
54 49 15
54 50 15
54 51 15
54 52 15
54 53 15
54 54 15
54 55 15
54 56 15
54 57 15
54 58 15
54 59 15
54 60 12
55 0 15
55 1 15
55 2 15
55 3 15
55 4 15
55 5 12
55 18 8
55 19 8
55 20 8
55 31 8
55 32 8
55 33 8
55 35 8
55 36 9
55 37 15
55 38 15
55 39 15
55 40 15
55 41 15
55 42 15
55 43 15
55 44 15
55 45 15
55 46 15
55 47 15
55 48 15
55 49 15
55 50 15
55 51 15
55 52 15
55 53 15
55 54 15
55 55 15
55 56 15
55 57 15
55 58 15
55 59 15
55 60 15
55 61 4
56 0 15
56 1 15
56 2 15
56 3 15
56 4 15
56 5 15
56 6 12
56 17 9
56 18 15
56 19 15
56 20 15
56 21 12
56 22 8
56 30 1
56 31 15
56 32 15
56 33 15
56 34 13
56 35 15
56 36 15
56 37 15
56 38 15
56 39 15
56 40 15
56 41 15
56 42 15
56 43 15
56 44 15
56 45 15
56 46 15
56 47 15
56 48 15
56 49 15
56 50 15
56 51 15
56 52 15
56 53 15
56 54 15
56 55 15
56 56 15
56 57 15
56 58 15
56 59 15
56 60 15
56 61 12
56 62 8
57 0 15
57 1 15
57 2 15
57 3 15
57 4 15
57 5 15
57 6 15
57 7 12
57 16 9
57 17 15
57 18 15
57 19 15
57 20 15
57 21 15
57 22 15
57 23 12
57 24 8
57 30 9
57 31 15
57 32 15
57 33 15
57 34 15
57 35 15
57 36 15
57 37 15
57 38 15
57 39 15
57 40 15
57 41 15
57 42 15
57 43 15
57 44 15
57 45 15
57 46 15
57 47 15
57 48 15
57 49 15
57 50 15
57 51 15
57 52 15
57 53 15
57 54 15
57 55 15
57 56 15
57 57 15
57 58 15
57 59 15
57 60 15
57 61 15
57 62 15
57 63 12
58 0 15
58 1 15
58 2 15
58 3 15
58 4 15
58 5 15
58 6 15
58 7 15
58 8 12
58 9 8
58 15 9
58 16 15
58 17 15
58 18 15
58 19 15
58 20 15
58 21 15
58 22 15
58 23 15
58 24 15
58 25 12
58 26 8
58 29 9
58 30 15
58 31 15
58 32 15
58 33 15
58 34 15
58 35 15
58 36 15
58 37 15
58 38 15
58 39 15
58 40 15
58 41 15
58 42 15
58 43 15
58 44 15
58 45 15
58 46 15
58 47 15
58 48 15
58 49 15
58 50 15
58 51 15
58 52 15
58 53 15
58 54 15
58 55 15
58 56 15
58 57 15
58 58 15
58 59 15
58 60 15
58 61 15
58 62 15
58 63 15
59 0 15
59 1 15
59 2 15
59 3 15
59 4 15
59 5 15
59 6 15
59 7 15
59 8 15
59 9 15
59 10 12
59 11 8
59 13 8
59 14 9
59 15 15
59 16 15
59 17 15
59 18 15
59 19 15
59 20 15
59 21 15
59 22 15
59 23 15
59 24 15
59 25 15
59 26 15
59 27 12
59 28 9
59 29 15
59 30 15
59 31 15
59 32 15
59 33 15
59 34 15
59 35 15
59 36 15
59 37 15
59 38 15
59 39 15
59 40 15
59 41 15
59 42 15
59 43 15
59 44 15
59 45 15
59 46 15
59 47 15
59 48 15
59 49 15
59 50 15
59 51 15
59 52 15
59 53 15
59 54 15
59 55 15
59 56 15
59 57 15
59 58 15
59 59 15
59 60 15
59 61 15
59 62 15
59 63 15
60 0 15
60 1 15
60 2 15
60 3 15
60 4 15
60 5 15
60 6 15
60 7 15
60 8 15
60 9 15
60 10 15
60 11 15
60 12 13
60 13 15
60 14 15
60 15 15
60 16 15
60 17 15
60 18 15
60 19 15
60 20 15
60 21 15
60 22 15
60 23 15
60 24 15
60 25 15
60 26 15
60 27 15
60 28 15
60 29 15
60 30 15
60 31 15
60 32 15
60 33 15
60 34 15
60 35 15
60 36 15
60 37 15
60 38 15
60 39 15
60 40 15
60 41 15
60 42 15
60 43 15
60 44 15
60 45 15
60 46 15
60 47 15
60 48 15
60 49 15
60 50 15
60 51 15
60 52 15
60 53 15
60 54 15
60 55 15
60 56 15
60 57 15
60 58 15
60 59 15
60 60 15
60 61 15
60 62 15
60 63 15
61 0 15
61 1 15
61 2 15
61 3 15
61 4 15
61 5 15
61 6 15
61 7 15
61 8 15
61 9 15
61 10 15
61 11 15
61 12 15
61 13 15
61 14 15
61 15 15
61 16 15
61 17 15
61 18 15
61 19 15
61 20 15
61 21 15
61 22 15
61 23 15
61 24 15
61 25 15
61 26 15
61 27 15
61 28 15
61 29 15
61 30 15
61 31 15
61 32 15
61 33 15
61 34 15
61 35 15
61 36 15
61 37 15
61 38 15
61 39 15
61 40 15
61 41 15
61 42 15
61 43 15
61 44 15
61 45 15
61 46 15
61 47 15
61 48 15
61 49 15
61 50 15
61 51 15
61 52 15
61 53 15
61 54 15
61 55 15
61 56 15
61 57 15
61 58 15
61 59 15
61 60 15
61 61 15
61 62 15
61 63 15
62 0 15
62 1 15
62 2 15
62 3 15
62 4 15
62 5 15
62 6 15
62 7 15
62 8 15
62 9 15
62 10 15
62 11 15
62 12 15
62 13 15
62 14 15
62 15 15
62 16 15
62 17 15
62 18 15
62 19 15
62 20 15
62 21 15
62 22 15
62 23 15
62 24 15
62 25 15
62 26 15
62 27 15
62 28 15
62 29 15
62 30 15
62 31 15
62 32 15
62 33 15
62 34 15
62 35 15
62 36 15
62 37 15
62 38 15
62 39 15
62 40 15
62 41 15
62 42 15
62 43 15
62 44 15
62 45 15
62 46 15
62 47 15
62 48 15
62 49 15
62 50 15
62 51 15
62 52 15
62 53 15
62 54 15
62 55 15
62 56 15
62 57 15
62 58 15
62 59 15
62 60 15
62 61 15
62 62 15
62 63 15
63 0 15
63 1 15
63 2 15
63 3 15
63 4 15
63 5 15
63 6 15
63 7 15
63 8 15
63 9 15
63 10 15
63 11 15
63 12 15
63 13 15
63 14 15
63 15 15
63 16 15
63 17 15
63 18 15
63 19 15
63 20 15
63 21 15
63 22 15
63 23 15
63 24 15
63 25 15
63 26 15
63 27 15
63 28 15
63 29 15
63 30 15
63 31 15
63 32 15
63 33 15
63 34 15
63 35 15
63 36 15
63 37 15
63 38 15
63 39 15
63 40 15
63 41 15
63 42 15
63 43 15
63 44 15
63 45 15
63 46 15
63 47 15
63 48 15
63 49 15
63 50 15
63 51 15
63 52 15
63 53 15
63 54 15
63 55 15
63 56 15
63 57 15
63 58 15
63 59 15
63 60 15
63 61 15
63 62 15
63 63 15
