0
0 0 4
1 0 4
2 0 8
3 0 15
3 1 4
4 0 2
25 63 8
26 11 8
26 12 8
26 13 8
26 62 1
26 63 15
27 10 1
27 11 6
27 12 3
27 13 15
27 14 4
27 62 1
27 63 15
28 10 1
28 11 4
28 13 3
28 14 4
28 62 1
28 63 15
29 6 8
29 7 8
29 8 8
29 10 1
29 11 12
29 13 9
29 14 4
29 62 1
29 63 15
30 5 1
30 6 15
30 7 6
30 8 3
30 9 4
30 11 2
30 13 2
30 62 1
30 63 15
31 5 1
31 6 6
31 8 1
31 9 4
31 62 1
31 63 15
32 5 1
32 6 4
32 10 8
32 11 8
32 62 1
32 63 15
33 5 1
33 6 4
33 10 2
33 11 3
33 12 4
33 62 1
33 63 15
34 5 1
34 6 12
34 62 1
34 63 15
35 5 1
35 6 15
35 7 12
35 8 8
35 9 8
35 10 8
35 11 9
35 12 4
35 62 1
35 63 15
36 6 2
36 7 2
36 8 2
36 9 2
36 10 2
36 11 2
36 62 1
36 63 15
37 62 1
37 63 15
38 23 8
38 62 1
38 63 15
39 17 8
39 22 1
39 23 15
39 24 12
39 25 8
39 26 8
39 62 1
39 63 15
40 16 9
40 17 15
40 18 4
40 23 2
40 24 2
40 25 3
40 26 15
40 27 12
40 62 1
40 63 15
41 15 9
41 16 15
41 17 6
41 24 8
41 26 3
41 27 15
41 28 12
41 62 1
41 63 15
42 14 1
42 15 15
42 16 6
42 23 1
42 24 15
42 25 4
42 27 3
42 28 15
42 29 4
42 62 1
42 63 15
43 15 2
43 24 2
43 28 2
43 62 1
43 63 15
44 14 1
44 15 4
44 62 1
44 63 15
45 14 1
45 15 4
45 23 8
45 62 1
45 63 15
46 14 1
46 15 12
46 22 9
46 23 15
46 24 4
46 62 1
46 63 15
47 14 1
47 15 15
47 16 12
47 21 9
47 22 15
47 23 6
47 62 1
47 63 15
48 15 3
48 16 15
48 17 12
48 18 8
48 19 8
48 20 9
48 21 15
48 22 6
48 62 1
48 63 15
49 16 2
49 17 2
49 18 2
49 19 2
49 20 2
49 21 2
49 62 1
49 63 15
50 62 1
50 63 15
51 62 1
51 63 15
52 62 1
52 63 15
53 62 1
53 63 15
54 62 1
54 63 15
55 62 1
55 63 15
56 62 1
56 63 15
57 62 1
57 63 15
58 62 1
58 63 15
59 62 1
59 63 15
60 62 1
60 63 15
61 62 1
61 63 15
62 62 1
62 63 15
63 62 1
63 63 15
