0
2 0 8
2 1 8
3 0 15
3 1 15
3 2 12
4 0 15
4 1 15
4 2 15
4 3 12
5 0 15
5 1 15
5 2 15
5 3 15
5 4 12
6 0 15
6 1 15
6 2 15
6 3 15
6 4 15
6 5 12
7 0 15
7 1 15
7 2 15
7 3 15
7 4 15
7 5 15
7 6 4
8 0 15
8 1 15
8 2 15
8 3 15
8 4 15
8 5 15
8 6 12
9 0 2
9 1 2
9 2 3
9 3 15
9 4 15
9 5 15
9 6 15
9 7 12
10 3 2
10 4 3
10 5 15
10 6 15
10 7 15
10 8 4
11 5 3
11 6 15
11 7 15
11 8 4
12 5 1
12 6 15
12 7 15
12 8 12
13 5 1
13 6 15
13 7 15
13 8 15
13 9 4
14 5 1
14 6 15
14 7 15
14 8 15
14 9 4
15 5 1
15 6 15
15 7 15
15 8 15
15 9 12
16 5 1
16 6 15
16 7 15
16 8 15
16 9 15
16 10 4
17 5 1
17 6 15
17 7 15
17 8 15
17 9 15
17 10 12
18 5 1
18 6 15
18 7 15
18 8 15
18 9 15
18 10 15
18 11 4
18 35 8
18 36 8
18 37 8
18 38 8
18 40 8
18 41 8
18 42 8
19 5 1
19 6 15
19 7 15
19 8 15
19 9 15
19 10 15
19 11 12
19 34 9
19 35 15
19 36 15
19 37 15
19 38 15
19 39 13
19 40 15
19 41 15
19 42 15
19 43 12
20 6 3
20 7 15
20 8 15
20 9 15
20 10 15
20 11 15
20 12 12
20 31 8
20 32 8
20 33 9
20 34 15
20 35 15
20 36 15
20 37 15
20 38 15
20 39 15
20 40 15
20 41 15
20 42 15
20 43 15
20 44 12
20 45 8
20 46 8
20 47 8
21 6 1
21 7 15
21 8 15
21 9 15
21 10 15
21 11 15
21 12 15
21 13 12
21 14 8
21 15 8
21 16 8
21 30 9
21 31 15
21 32 15
21 33 15
21 34 15
21 35 15
21 36 15
21 37 15
21 38 15
21 39 15
21 40 15
21 41 15
21 42 15
21 43 15
21 44 15
21 45 15
21 46 15
21 47 15
21 48 12
22 6 1
22 7 15
22 8 15
22 9 15
22 10 15
22 11 15
22 12 15
22 13 15
22 14 15
22 15 15
22 16 15
22 17 12
22 18 8
22 19 8
22 20 8
22 21 8
22 25 8
22 26 8
22 27 8
22 28 8
22 29 9
22 30 15
22 31 15
22 32 15
22 33 15
22 34 15
22 35 15
22 36 15
22 37 15
22 38 15
22 39 15
22 40 15
22 41 15
22 42 15
22 43 15
22 44 15
22 45 15
22 46 15
22 47 15
22 48 15
22 49 12
22 50 8
22 51 8
22 52 8
23 6 9
23 7 15
23 8 15
23 9 15
23 10 15
23 11 15
23 12 15
23 13 15
23 14 15
23 15 15
23 16 15
23 17 15
23 18 15
23 19 15
23 20 15
23 21 15
23 22 12
23 23 8
23 24 9
23 25 15
23 26 15
23 27 15
23 28 15
23 29 15
23 30 15
23 31 15
23 32 15
23 33 15
23 34 15
23 35 15
23 36 15
23 37 6
23 38 2
23 39 2
23 40 2
23 41 2
23 42 3
23 43 15
23 44 15
23 45 15
23 46 15
23 47 15
23 48 15
23 49 15
23 50 15
23 51 15
23 52 15
23 53 12
24 0 8
24 4 8
24 5 9
24 6 15
24 7 15
24 8 15
24 9 15
24 10 15
24 11 15
24 12 15
24 13 15
24 14 15
24 15 15
24 16 15
24 17 15
24 18 15
24 19 15
24 20 15
24 21 15
24 22 15
24 23 15
24 24 15
24 25 15
24 26 15
24 27 15
24 28 15
24 29 15
24 30 15
24 31 15
24 32 15
24 33 15
24 34 15
24 35 6
24 36 2
24 43 2
24 44 2
24 45 3
24 46 15
24 47 15
24 48 15
24 49 15
24 50 15
24 51 15
24 52 15
24 53 15
24 54 12
25 0 15
25 1 12
25 2 8
25 3 9
25 4 15
25 5 15
25 6 15
25 7 15
25 8 15
25 9 15
25 10 15
25 11 15
25 12 15
25 13 15
25 14 15
25 15 15
25 16 15
25 17 15
25 18 15
25 19 15
25 20 15
25 21 15
25 22 15
25 23 15
25 24 15
25 25 15
25 26 15
25 27 15
25 28 15
25 29 15
25 30 15
25 31 6
25 32 2
25 33 2
25 34 2
25 46 3
25 47 15
25 48 15
25 49 15
25 50 15
25 51 15
25 52 15
25 53 15
25 54 15
25 55 12
25 56 8
25 57 8
26 0 15
26 1 15
26 2 15
26 3 15
26 4 15
26 5 15
26 6 15
26 7 15
26 8 15
26 9 15
26 10 15
26 11 15
26 12 15
26 13 15
26 14 15
26 15 15
26 16 15
26 17 15
26 18 15
26 19 15
26 20 15
26 21 15
26 22 15
26 23 15
26 24 15
26 25 15
26 26 15
26 27 15
26 28 15
26 29 15
26 30 6
26 47 2
26 48 2
26 49 3
26 50 15
26 51 15
26 52 15
26 53 15
26 54 15
26 55 15
26 56 15
26 57 15
26 58 12
26 59 8
27 0 15
27 1 15
27 2 6
27 3 3
27 4 15
27 5 15
27 6 15
27 7 15
27 8 15
27 9 15
27 10 15
27 11 15
27 12 15
27 13 15
27 14 15
27 15 15
27 16 15
27 17 15
27 18 15
27 19 15
27 20 15
27 21 15
27 22 15
27 23 15
27 24 15
27 25 6
27 26 2
27 27 2
27 28 2
27 29 2
27 50 3
27 51 15
27 52 15
27 53 15
27 54 15
27 55 15
27 56 15
27 57 15
27 58 15
27 59 15
27 60 12
27 61 8
27 62 8
27 63 8
28 0 15
28 1 15
28 2 4
28 3 1
28 4 15
28 5 15
28 6 15
28 7 6
28 8 2
28 9 2
28 10 2
28 11 3
28 12 15
28 13 15
28 14 15
28 15 6
28 16 2
28 17 2
28 18 3
28 19 15
28 20 15
28 21 15
28 22 6
28 23 2
28 24 2
28 50 1
28 51 15
28 52 15
28 53 15
28 54 15
28 55 15
28 56 15
28 57 15
28 58 15
28 59 15
28 60 15
28 61 15
28 62 15
28 63 15
29 0 15
29 1 15
29 2 4
29 4 2
29 5 2
29 6 2
29 12 2
29 13 2
29 14 2
29 19 2
29 20 2
29 21 2
29 51 3
29 52 15
29 53 15
29 54 15
29 55 15
29 56 15
29 57 15
29 58 15
29 59 15
29 60 15
29 61 15
29 62 15
29 63 15
30 0 15
30 1 6
30 52 2
30 53 2
30 54 2
30 55 2
30 56 2
30 57 3
30 58 15
30 59 15
30 60 15
30 61 15
30 62 15
30 63 15
31 0 2
31 57 1
31 58 15
31 59 15
31 60 15
31 61 15
31 62 15
31 63 15
32 58 2
32 59 3
32 60 15
32 61 15
32 62 15
32 63 15
33 60 3
33 61 15
33 62 6
33 63 2
34 61 2
