0
0 4 1
0 5 15
0 6 15
0 7 15
0 8 15
0 9 15
0 10 15
0 11 15
0 12 15
0 13 15
0 14 15
0 15 15
0 16 15
0 17 15
0 18 15
0 19 15
0 20 15
0 21 15
0 22 15
0 23 15
0 24 15
0 25 15
0 26 15
0 27 15
0 28 15
0 29 15
0 30 15
0 31 15
0 32 15
0 33 15
0 34 15
0 35 15
0 36 15
0 37 15
0 38 15
0 39 15
0 40 15
0 41 15
0 42 15
0 43 15
0 44 15
0 45 15
0 46 15
0 47 15
0 48 15
0 49 15
0 50 15
0 51 15
0 52 15
0 53 15
0 54 15
0 55 15
0 56 15
0 57 15
0 58 15
0 59 15
0 60 15
0 61 15
0 62 12
1 4 1
1 5 15
1 6 15
1 7 15
1 8 15
1 9 15
1 10 15
1 11 15
1 12 15
1 13 15
1 14 15
1 15 15
1 16 15
1 17 15
1 18 15
1 19 15
1 20 15
1 21 15
1 22 15
1 23 15
1 24 15
1 25 15
1 26 15
1 27 15
1 28 15
1 29 15
1 30 15
1 31 15
1 32 15
1 33 15
1 34 15
1 35 15
1 36 15
1 37 15
1 38 15
1 39 15
1 40 15
1 41 15
1 42 15
1 43 15
1 44 15
1 45 15
1 46 15
1 47 15
1 48 15
1 49 15
1 50 15
1 51 15
1 52 15
1 53 15
1 54 15
1 55 15
1 56 15
1 57 15
1 58 15
1 59 15
1 60 15
1 61 15
1 62 15
1 63 4
2 4 1
2 5 15
2 6 15
2 7 15
2 8 15
2 9 15
2 10 15
2 11 15
2 12 15
2 13 15
2 14 15
2 15 15
2 16 15
2 17 15
2 18 15
2 19 15
2 20 15
2 21 15
2 22 15
2 23 15
2 24 15
2 25 15
2 26 15
2 27 15
2 28 15
2 29 15
2 30 15
2 31 15
2 32 15
2 33 15
2 34 15
2 35 15
2 36 15
2 37 15
2 38 15
2 39 15
2 40 15
2 41 15
2 42 15
2 43 15
2 44 15
2 45 15
2 46 15
2 47 15
2 48 15
2 49 15
2 50 15
2 51 15
2 52 15
2 53 15
2 54 15
2 55 15
2 56 15
2 57 15
2 58 15
2 59 15
2 60 15
2 61 15
2 62 15
2 63 12
3 3 8
3 4 9
3 5 15
3 6 15
3 7 15
3 8 15
3 9 15
3 10 15
3 11 15
3 12 15
3 13 15
3 14 15
3 15 15
3 16 15
3 17 15
3 18 15
3 19 15
3 20 15
3 21 15
3 22 15
3 23 15
3 24 15
3 25 15
3 26 15
3 27 15
3 28 15
3 29 15
3 30 15
3 31 15
3 32 15
3 33 15
3 34 15
3 35 15
3 36 15
3 37 15
3 38 15
3 39 15
3 40 15
3 41 15
3 42 15
3 43 15
3 44 15
3 45 15
3 46 15
3 47 15
3 48 15
3 49 15
3 50 15
3 51 15
3 52 15
3 53 15
3 54 15
3 55 15
3 56 15
3 57 15
3 58 15
3 59 15
3 60 15
3 61 15
3 62 15
3 63 15
4 1 8
4 2 9
4 3 15
4 4 15
4 5 15
4 6 15
4 7 15
4 8 15
4 9 15
4 10 15
4 11 15
4 12 15
4 13 15
4 14 15
4 15 15
4 16 15
4 17 15
4 18 15
4 19 15
4 20 15
4 21 15
4 22 15
4 23 15
4 24 15
4 25 15
4 26 15
4 27 15
4 28 15
4 29 15
4 30 15
4 31 15
4 32 15
4 33 15
4 34 15
4 35 15
4 36 15
4 37 15
4 38 15
4 39 15
4 40 15
4 41 15
4 42 15
4 43 15
4 44 15
4 45 15
4 46 15
4 47 15
4 48 15
4 49 15
4 50 15
4 51 15
4 52 15
4 53 15
4 54 15
4 55 15
4 56 15
4 57 15
4 58 15
4 59 15
4 60 15
4 61 15
4 62 15
4 63 15
5 0 9
5 1 15
5 2 15
5 3 15
5 4 15
5 5 15
5 6 15
5 7 15
5 8 15
5 9 15
5 10 15
5 11 15
5 12 15
5 13 15
5 14 15
5 15 15
5 16 15
5 17 15
5 18 15
5 19 15
5 20 15
5 21 15
5 22 15
5 23 15
5 24 15
5 25 15
5 26 15
5 27 15
5 28 15
5 29 15
5 30 15
5 31 15
5 32 15
5 33 15
5 34 15
5 35 15
5 36 15
5 37 15
5 38 15
5 39 15
5 40 15
5 41 15
5 42 15
5 43 15
5 44 15
5 45 15
5 46 15
5 47 15
5 48 15
5 49 15
5 50 15
5 51 15
5 52 15
5 53 15
5 54 15
5 55 15
5 56 15
5 57 15
5 58 15
5 59 15
5 60 15
5 61 15
5 62 15
5 63 15
6 0 15
6 1 15
6 2 15
6 3 15
6 4 15
6 5 15
6 6 15
6 7 15
6 8 15
6 9 15
6 10 15
6 11 15
6 12 15
6 13 15
6 14 15
6 15 15
6 16 15
6 17 15
6 18 15
6 19 15
6 20 15
6 21 15
6 22 15
6 23 15
6 24 15
6 25 15
6 26 15
6 27 15
6 28 15
6 29 15
6 30 15
6 31 15
6 32 15
6 33 15
6 34 15
6 35 15
6 36 15
6 37 15
6 38 15
6 39 15
6 40 15
6 41 15
6 42 15
6 43 15
6 44 15
6 45 15
6 46 15
6 47 15
6 48 15
6 49 15
6 50 15
6 51 15
6 52 15
6 53 15
6 54 15
6 55 15
6 56 15
6 57 15
6 58 15
6 59 15
6 60 15
6 61 15
6 62 15
6 63 15
7 0 15
7 1 15
7 2 15
7 3 15
7 4 15
7 5 15
7 6 15
7 7 15
7 8 15
7 9 15
7 10 15
7 11 15
7 12 15
7 13 15
7 14 15
7 15 15
7 16 15
7 17 15
7 18 15
7 19 15
7 20 15
7 21 15
7 22 15
7 23 15
7 24 15
7 25 15
7 26 15
7 27 15
7 28 15
7 29 15
7 30 15
7 31 15
7 32 15
7 33 15
7 34 15
7 35 15
7 36 15
7 37 15
7 38 15
7 39 15
7 40 15
7 41 15
7 42 15
7 43 15
7 44 15
7 45 15
7 46 15
7 47 15
7 48 15
7 49 15
7 50 15
7 51 15
7 52 15
7 53 15
7 54 15
7 55 15
7 56 15
7 57 15
7 58 15
7 59 15
7 60 15
7 61 15
7 62 15
7 63 15
8 0 15
8 1 15
8 2 15
8 3 15
8 4 15
8 5 15
8 6 15
8 7 15
8 8 15
8 9 15
8 10 15
8 11 15
8 12 15
8 13 15
8 14 15
8 15 15
8 16 15
8 17 15
8 18 15
8 19 15
8 20 15
8 21 15
8 22 15
8 23 6
8 24 2
8 25 2
8 26 2
8 27 2
8 28 2
8 29 3
8 30 15
8 31 15
8 32 15
8 33 15
8 34 15
8 35 15
8 36 15
8 37 15
8 38 15
8 39 15
8 40 15
8 41 15
8 42 15
8 43 15
8 44 15
8 45 15
8 46 15
8 47 15
8 48 15
8 49 15
8 50 15
8 51 15
8 52 15
8 53 15
8 54 15
8 55 15
8 56 15
8 57 15
8 58 15
8 59 15
8 60 15
8 61 15
8 62 15
8 63 15
9 0 15
9 1 7
9 2 15
9 3 15
9 4 15
9 5 15
9 6 15
9 7 15
9 8 15
9 9 15
9 10 15
9 11 15
9 12 15
9 13 15
9 14 15
9 15 15
9 16 15
9 17 15
9 18 15
9 19 15
9 20 15
9 21 15
9 22 6
9 30 2
9 31 3
9 32 15
9 33 15
9 34 15
9 35 15
9 36 15
9 37 15
9 38 15
9 39 15
9 40 15
9 41 15
9 42 15
9 43 15
9 44 15
9 45 15
9 46 15
9 47 15
9 48 15
9 49 15
9 50 15
9 51 15
9 52 15
9 53 15
9 54 15
9 55 15
9 56 15
9 57 15
9 58 15
9 59 15
9 60 15
9 61 15
9 62 15
9 63 6
10 0 2
10 2 2
10 3 3
10 4 15
10 5 15
10 6 15
10 7 15
10 8 15
10 9 15
10 10 15
10 11 15
10 12 15
10 13 15
10 14 15
10 15 15
10 16 15
10 17 15
10 18 15
10 19 15
10 20 15
10 21 6
10 32 3
10 33 15
10 34 15
10 35 15
10 36 15
10 37 15
10 38 15
10 39 15
10 40 15
10 41 15
10 42 15
10 43 15
10 44 15
10 45 15
10 46 15
10 47 15
10 48 15
10 49 15
10 50 15
10 51 15
10 52 15
10 53 15
10 54 15
10 55 15
10 56 15
10 57 15
10 58 15
10 59 15
10 60 15
10 61 6
10 62 2
11 4 2
11 5 3
11 6 15
11 7 15
11 8 15
11 9 15
11 10 15
11 11 15
11 12 15
11 13 15
11 14 15
11 15 15
11 16 15
11 17 15
11 18 15
11 19 6
11 20 2
11 33 2
11 34 3
11 35 15
11 36 15
11 37 15
11 38 15
11 39 15
11 40 15
11 41 15
11 42 15
11 43 15
11 44 15
11 45 15
11 46 15
11 47 15
11 48 15
11 49 15
11 50 15
11 51 15
11 52 15
11 53 15
11 54 15
11 55 15
11 56 15
11 57 15
11 58 15
11 59 15
11 60 15
11 61 4
12 6 3
12 7 15
12 8 15
12 9 15
12 10 15
12 11 15
12 12 15
12 13 15
12 14 15
12 15 15
12 16 15
12 17 15
12 18 6
12 35 2
12 36 3
12 37 15
12 38 15
12 39 15
12 40 15
12 41 15
12 42 15
12 43 15
12 44 15
12 45 15
12 46 15
12 47 15
12 48 15
12 49 15
12 50 15
12 51 15
12 52 15
12 53 15
12 54 15
12 55 15
12 56 15
12 57 15
12 58 15
12 59 15
12 60 6
13 7 2
13 8 3
13 9 15
13 10 15
13 11 15
13 12 15
13 13 15
13 14 15
13 15 15
13 16 6
13 17 2
13 37 3
13 38 15
13 39 15
13 40 15
13 41 15
13 42 15
13 43 15
13 44 15
13 45 15
13 46 15
13 47 15
13 48 15
13 49 15
13 50 15
13 51 15
13 52 15
13 53 15
13 54 15
13 55 15
13 56 15
13 57 15
13 58 15
13 59 6
14 9 3
14 10 15
14 11 15
14 12 15
14 13 15
14 14 15
14 15 6
14 38 3
14 39 15
14 40 15
14 41 15
14 42 15
14 43 15
14 44 15
14 45 15
14 46 15
14 47 15
14 48 15
14 49 15
14 50 15
14 51 15
14 52 15
14 53 15
14 54 15
14 55 15
14 56 15
14 57 15
14 58 6
15 9 1
15 10 15
15 11 6
15 12 2
15 13 2
15 14 2
15 39 3
15 40 15
15 41 15
15 42 15
15 43 15
15 44 15
15 45 15
15 46 15
15 47 15
15 48 15
15 49 15
15 50 15
15 51 15
15 52 15
15 53 15
15 54 15
15 55 15
15 56 15
15 57 6
16 10 2
16 40 3
16 41 15
16 42 15
16 43 15
16 44 15
16 45 15
16 46 15
16 47 15
16 48 15
16 49 15
16 50 15
16 51 15
16 52 15
16 53 15
16 54 15
16 55 15
16 56 6
17 41 3
17 42 15
17 43 15
17 44 15
17 45 15
17 46 15
17 47 15
17 48 15
17 49 15
17 50 15
17 51 15
17 52 15
17 53 15
17 54 15
17 55 15
17 56 4
18 42 3
18 43 15
18 44 15
18 45 15
18 46 15
18 47 15
18 48 15
18 49 15
18 50 15
18 51 15
18 52 15
18 53 15
18 54 15
18 55 15
18 56 4
19 43 3
19 44 15
19 45 15
19 46 15
19 47 15
19 48 15
19 49 15
19 50 15
19 51 15
19 52 15
19 53 15
19 54 15
19 55 15
19 56 12
20 44 2
20 45 3
20 46 15
20 47 15
20 48 15
20 49 15
20 50 15
20 51 15
20 52 15
20 53 15
20 54 15
20 55 15
20 56 15
20 57 12
20 58 8
21 46 3
21 47 15
21 48 15
21 49 15
21 50 15
21 51 15
21 52 15
21 53 15
21 54 15
21 55 15
21 56 15
21 57 15
21 58 15
21 59 12
21 60 8
22 47 2
22 48 2
22 49 3
22 50 15
22 51 15
22 52 15
22 53 15
22 54 15
22 55 15
22 56 15
22 57 15
22 58 15
22 59 15
22 60 15
22 61 12
23 50 3
23 51 15
23 52 15
23 53 15
23 54 15
23 55 15
23 56 15
23 57 15
23 58 15
23 59 15
23 60 15
23 61 15
23 62 12
24 51 2
24 52 2
24 53 3
24 54 15
24 55 15
24 56 15
24 57 15
24 58 15
24 59 15
24 60 15
24 61 15
24 62 15
24 63 12
25 54 3
25 55 15
25 56 15
25 57 15
25 58 15
25 59 15
25 60 15
25 61 15
25 62 15
25 63 15
26 55 3
26 56 15
26 57 15
26 58 15
26 59 15
26 60 15
26 61 15
26 62 15
26 63 15
27 56 2
27 57 3
27 58 15
27 59 15
27 60 15
27 61 15
27 62 15
27 63 15
28 58 2
28 59 3
28 60 15
28 61 15
28 62 15
28 63 15
29 60 2
29 61 2
29 62 2
29 63 2
