0
12 7 8
12 8 8
12 9 8
12 10 8
12 11 8
12 12 8
12 44 8
12 45 8
12 46 8
12 47 8
12 48 8
12 49 8
13 6 9
13 7 15
13 8 6
13 9 2
13 10 2
13 11 3
13 12 15
13 13 12
13 43 9
13 44 15
13 45 6
13 46 2
13 47 2
13 48 3
13 49 15
13 50 12
14 5 9
14 6 15
14 7 6
14 12 3
14 13 15
14 14 12
14 42 9
14 43 15
14 44 6
14 49 3
14 50 15
14 51 12
15 4 9
15 5 15
15 6 6
15 13 3
15 14 15
15 15 12
15 20 8
15 21 8
15 22 8
15 23 8
15 24 8
15 25 8
15 31 8
15 32 8
15 33 8
15 34 8
15 35 8
15 36 8
15 41 9
15 42 15
15 43 6
15 50 3
15 51 15
15 52 12
16 3 1
16 4 15
16 5 6
16 14 3
16 15 15
16 16 12
16 17 8
16 18 8
16 19 9
16 20 15
16 21 6
16 22 2
16 23 2
16 24 3
16 25 15
16 26 12
16 27 8
16 28 8
16 29 8
16 30 9
16 31 15
16 32 6
16 33 2
16 34 2
16 35 3
16 36 15
16 37 12
16 38 8
16 39 8
16 40 9
16 41 15
16 42 6
16 51 3
16 52 15
16 53 4
17 3 1
17 4 6
17 15 3
17 16 6
17 17 2
17 18 2
17 19 2
17 20 2
17 25 3
17 26 6
17 27 2
17 28 2
17 29 2
17 30 3
17 31 6
17 36 2
17 37 2
17 38 2
17 39 3
17 40 6
17 41 2
17 52 3
17 53 4
18 3 1
18 4 4
18 15 1
18 16 4
18 30 1
18 31 4
18 39 1
18 40 4
18 52 1
18 53 4
19 3 1
19 4 4
19 30 9
19 31 4
19 52 1
19 53 4
20 3 1
20 4 12
20 29 9
20 30 15
20 31 4
20 52 9
20 53 4
20 63 1
21 3 1
21 4 15
21 5 12
21 15 1
21 16 4
21 29 2
21 30 3
21 31 4
21 39 1
21 40 4
21 51 9
21 52 15
21 53 4
21 63 9
22 4 3
22 5 15
22 6 12
22 15 1
22 16 4
22 30 1
22 31 4
22 39 1
22 40 12
22 41 8
22 42 8
22 43 8
22 50 9
22 51 15
22 52 6
22 62 1
22 63 15
23 5 3
23 6 15
23 7 4
23 15 1
23 16 12
23 17 8
23 18 8
23 19 8
23 20 8
23 21 8
23 30 1
23 31 4
23 40 2
23 41 2
23 42 3
23 43 15
23 44 4
23 49 9
23 50 15
23 51 6
23 62 1
23 63 6
24 6 3
24 7 4
24 16 2
24 17 2
24 18 2
24 19 2
24 20 3
24 21 15
24 22 4
24 30 1
24 31 4
24 42 1
24 43 6
24 49 3
24 50 6
24 62 1
24 63 12
25 6 1
25 7 4
25 21 3
25 22 4
25 29 8
25 30 9
25 31 4
25 42 1
25 43 4
25 49 1
25 50 4
25 62 1
25 63 15
26 6 9
26 7 4
26 21 1
26 22 4
26 29 3
26 30 15
26 31 4
26 42 1
26 43 4
26 49 1
26 50 12
26 63 3
27 5 1
27 6 15
27 7 4
27 21 1
27 22 4
27 29 9
27 30 15
27 31 4
27 42 1
27 43 4
27 49 1
27 50 15
27 51 4
27 63 9
28 5 1
28 6 6
28 15 1
28 16 4
28 21 1
28 22 4
28 29 2
28 30 3
28 31 4
28 42 1
28 43 4
28 50 3
28 51 4
28 62 1
28 63 15
29 5 1
29 6 4
29 21 1
29 22 4
29 30 1
29 31 4
29 42 1
29 43 4
29 50 1
29 51 4
29 62 9
29 63 6
30 5 1
30 6 4
30 21 1
30 22 4
30 30 1
30 31 4
30 42 1
30 43 4
30 50 1
30 51 4
30 61 1
30 62 15
30 63 4
31 5 1
31 6 12
31 21 1
31 22 4
31 30 1
31 31 4
31 42 1
31 43 4
31 50 9
31 51 4
31 61 1
31 62 14
32 5 1
32 6 15
32 7 4
32 21 9
32 22 4
32 30 1
32 31 12
32 32 8
32 33 8
32 34 8
32 35 8
32 36 8
32 42 1
32 43 4
32 49 9
32 50 15
32 51 4
32 61 1
32 62 15
32 63 4
33 6 3
33 7 12
33 8 8
33 11 8
33 12 8
33 13 8
33 14 8
33 15 8
33 16 8
33 17 8
33 18 8
33 19 8
33 20 9
33 21 15
33 22 4
33 31 2
33 32 2
33 33 2
33 34 2
33 35 2
33 36 3
33 37 4
33 42 1
33 43 4
33 48 9
33 49 15
33 50 6
33 62 3
33 63 12
34 6 1
34 7 6
34 8 2
34 11 2
34 12 2
34 13 2
34 14 2
34 15 3
34 16 6
34 17 2
34 18 2
34 19 2
34 20 2
34 21 3
34 22 4
34 36 1
34 37 4
34 42 1
34 43 4
34 47 1
34 48 15
34 49 6
34 62 1
34 63 15
35 6 1
35 7 4
35 15 1
35 16 4
35 21 1
35 22 12
35 25 8
35 42 1
35 43 4
35 47 1
35 48 6
35 63 3
36 6 1
36 7 4
36 15 1
36 16 4
36 21 1
36 22 6
36 25 2
36 42 1
36 43 4
36 63 1
37 6 1
37 7 4
37 15 1
37 16 4
37 21 1
37 22 4
37 36 1
37 37 4
37 42 1
37 43 4
37 63 1
38 6 1
38 7 4
38 15 1
38 16 4
38 21 1
38 22 4
38 27 8
38 28 8
38 29 8
38 30 8
38 31 8
38 32 8
38 33 8
38 34 8
38 35 8
38 36 9
38 37 4
38 42 1
38 43 4
38 47 1
38 48 12
39 6 1
39 7 4
39 15 1
39 16 4
39 21 1
39 22 4
39 26 1
39 27 6
39 28 2
39 29 2
39 30 2
39 31 2
39 32 2
39 33 2
39 34 2
39 35 2
39 36 3
39 37 4
39 42 1
39 43 12
39 44 8
39 45 8
39 46 8
39 47 9
39 48 15
39 49 12
40 6 9
40 7 4
40 15 1
40 16 4
40 21 1
40 22 12
40 23 8
40 24 8
40 25 8
40 26 9
40 27 4
40 36 1
40 37 4
40 42 1
40 43 6
40 44 2
40 45 2
40 46 2
40 47 2
40 48 3
40 49 15
40 50 12
41 5 1
41 6 15
41 7 4
41 15 1
41 16 4
41 22 2
41 23 2
41 24 2
41 25 2
41 26 2
41 36 1
41 37 12
41 38 8
41 42 1
41 43 4
41 49 3
41 50 15
41 51 4
42 5 1
42 6 6
42 15 1
42 16 4
42 36 1
42 37 6
42 38 2
42 42 1
42 43 4
42 50 3
42 51 4
43 5 1
43 6 4
43 15 1
43 16 4
43 36 1
43 37 4
43 42 9
43 43 4
43 50 1
43 51 4
44 5 1
44 6 4
44 15 1
44 16 4
44 27 8
44 28 8
44 29 8
44 30 8
44 31 8
44 32 8
44 36 1
44 37 12
44 38 8
44 39 8
44 40 8
44 41 9
44 42 15
44 43 4
44 50 1
44 51 4
45 5 1
45 6 12
45 15 1
45 16 4
45 26 1
45 27 6
45 28 2
45 29 2
45 30 2
45 31 2
45 32 3
45 33 4
45 37 2
45 38 2
45 39 2
45 40 2
45 41 2
45 42 2
45 50 9
45 51 4
45 63 1
46 5 1
46 6 15
46 7 4
46 15 1
46 16 4
46 26 1
46 27 4
46 32 1
46 33 4
46 49 1
46 50 15
46 51 4
46 63 9
47 6 3
47 7 4
47 15 1
47 16 4
47 26 1
47 27 4
47 32 1
47 33 4
47 49 1
47 50 6
47 62 1
47 63 15
48 6 1
48 7 4
48 15 1
48 16 4
48 26 1
48 27 4
48 32 1
48 33 4
48 49 1
48 50 4
48 62 1
48 63 6
49 6 9
49 7 4
49 15 1
49 16 4
49 26 1
49 27 4
49 32 1
49 33 4
49 49 9
49 50 12
49 62 1
49 63 12
50 5 9
50 6 15
50 7 4
50 15 1
50 16 4
50 26 1
50 27 4
50 49 3
50 50 15
50 51 12
50 62 1
50 63 15
51 4 9
51 5 15
51 6 6
51 15 1
51 16 4
51 26 1
51 27 4
51 50 3
51 51 15
51 52 12
51 63 11
52 3 1
52 4 15
52 5 6
52 12 8
52 13 8
52 14 8
52 15 9
52 16 12
52 17 8
52 18 8
52 19 8
52 20 8
52 21 8
52 22 8
52 26 1
52 27 4
52 51 3
52 52 15
52 53 4
52 62 1
52 63 15
53 3 1
53 4 6
53 12 2
53 13 2
53 14 2
53 15 2
53 16 2
53 17 2
53 18 2
53 19 2
53 20 2
53 21 2
53 22 2
53 26 1
53 27 4
53 52 3
53 53 4
53 62 1
53 63 6
54 3 1
54 4 4
54 26 1
54 27 4
54 31 1
54 32 4
54 52 1
54 53 4
54 62 9
54 63 4
55 3 1
55 4 4
55 26 1
55 27 4
55 40 1
55 41 4
55 52 1
55 53 4
55 61 1
55 62 15
55 63 4
56 3 1
56 4 12
56 15 8
56 16 8
56 17 8
56 18 8
56 19 8
56 20 8
56 25 8
56 26 9
56 27 12
56 28 8
56 29 8
56 30 8
56 31 8
56 36 8
56 37 8
56 38 8
56 39 8
56 40 9
56 41 12
56 52 9
56 53 4
56 61 1
56 62 6
57 3 1
57 4 15
57 5 12
57 14 9
57 15 15
57 16 6
57 17 2
57 18 2
57 19 3
57 20 15
57 21 12
57 22 8
57 23 8
57 24 9
57 25 15
57 26 6
57 27 2
57 28 2
57 29 2
57 30 3
57 31 15
57 32 12
57 33 8
57 34 8
57 35 9
57 36 15
57 37 6
57 38 2
57 39 2
57 40 3
57 41 15
57 42 12
57 51 9
57 52 15
57 53 4
57 61 1
57 62 12
58 4 3
58 5 15
58 6 12
58 13 9
58 14 15
58 15 6
58 20 2
58 21 2
58 22 2
58 23 2
58 24 2
58 25 2
58 31 2
58 32 2
58 33 2
58 34 2
58 35 2
58 36 2
58 41 3
58 42 15
58 43 12
58 50 9
58 51 15
58 52 6
58 61 1
58 62 15
58 63 4
59 5 3
59 6 15
59 7 12
59 12 9
59 13 15
59 14 6
59 42 3
59 43 15
59 44 12
59 49 9
59 50 15
59 51 6
59 62 3
59 63 4
60 6 3
60 7 15
60 8 12
60 9 8
60 10 8
60 11 9
60 12 15
60 13 6
60 43 3
60 44 15
60 45 12
60 46 8
60 47 8
60 48 9
60 49 15
60 50 6
60 62 1
60 63 4
61 7 2
61 8 2
61 9 2
61 10 2
61 11 2
61 12 2
61 44 2
61 45 2
61 46 2
61 47 2
61 48 2
61 49 2
61 62 1
61 63 12
62 62 1
62 63 15
63 63 3
