0
0 62 1
0 63 15
1 62 1
1 63 15
2 62 1
2 63 15
3 62 1
3 63 15
4 31 1
4 32 4
4 35 1
4 36 4
4 62 1
4 63 15
5 31 1
5 32 4
5 35 1
5 36 4
5 63 2
6 31 1
6 32 4
6 35 1
6 36 4
7 31 1
7 32 4
7 35 1
7 36 4
8 31 1
8 32 4
8 35 1
8 36 4
9 31 1
9 32 4
9 35 1
9 36 4
12 10 1
12 11 4
13 10 1
13 11 5
13 12 4
13 56 1
13 57 4
14 10 1
14 11 4
14 56 1
14 57 4
15 12 8
15 26 8
15 27 8
15 28 8
15 29 8
15 32 8
15 33 8
15 34 8
15 35 8
15 56 9
15 57 4
16 12 2
16 25 1
16 26 15
16 27 6
16 28 3
16 29 15
16 30 4
16 31 1
16 32 15
16 33 6
16 34 3
16 35 15
16 36 12
16 55 9
16 56 15
16 57 4
17 24 1
17 25 4
17 26 2
17 29 2
17 32 2
17 35 2
17 36 3
17 37 4
17 54 9
17 55 15
17 56 6
17 60 8
17 61 8
17 62 8
17 63 8
18 24 1
18 25 4
18 36 1
18 37 4
18 53 9
18 54 15
18 55 6
18 59 9
18 60 15
18 61 15
18 62 15
18 63 15
19 24 1
19 25 12
19 36 9
19 37 4
19 52 9
19 53 15
19 54 6
19 58 9
19 59 15
19 60 15
19 61 15
19 62 15
19 63 15
20 24 1
20 25 15
20 26 4
20 35 1
20 36 15
20 37 4
20 51 1
20 52 15
20 53 6
20 57 1
20 58 15
20 59 15
20 60 15
20 61 15
20 62 15
20 63 15
21 25 3
21 26 4
21 35 1
21 36 6
21 51 1
21 52 6
21 57 9
21 58 15
21 59 15
21 60 15
21 61 15
21 62 15
21 63 15
22 25 9
22 26 4
22 35 1
22 36 12
22 56 9
22 57 15
22 58 15
22 59 15
22 60 15
22 61 15
22 62 15
22 63 15
23 24 1
23 25 15
23 26 4
23 35 1
23 36 15
23 37 4
23 51 1
23 52 4
23 55 1
23 56 15
23 57 15
23 58 15
23 59 15
23 60 15
23 61 6
23 62 2
23 63 3
24 24 1
24 25 6
24 36 3
24 37 4
24 55 9
24 56 15
24 57 15
24 58 15
24 59 15
24 60 6
24 63 1
25 24 1
25 25 12
25 36 9
25 37 4
25 54 1
25 55 15
25 56 15
25 57 15
25 58 15
25 59 15
25 60 4
25 63 1
26 24 1
26 25 15
26 26 12
26 27 8
26 28 8
26 29 8
26 30 8
26 31 8
26 32 8
26 33 8
26 34 8
26 35 9
26 36 15
26 37 4
26 54 9
26 55 15
26 56 15
26 57 15
26 58 6
26 59 2
27 25 2
27 26 2
27 27 2
27 28 2
27 29 2
27 30 2
27 31 2
27 32 2
27 33 2
27 34 2
27 35 2
27 36 2
27 53 1
27 54 15
27 55 15
27 56 15
27 57 15
27 58 4
27 62 1
27 63 4
28 29 8
28 30 8
28 31 8
28 32 8
28 53 9
28 54 15
28 55 15
28 56 15
28 57 15
28 58 4
28 62 1
28 63 4
29 28 1
29 29 15
29 30 15
29 31 15
29 32 15
29 33 4
29 34 8
29 35 8
29 39 8
29 52 9
29 53 15
29 54 15
29 55 15
29 56 15
29 57 6
30 28 1
30 29 15
30 30 15
30 31 15
30 32 15
30 33 4
30 34 2
30 35 2
30 38 1
30 39 15
30 40 12
30 44 9
30 45 4
30 51 9
30 52 15
30 53 15
30 54 15
30 55 15
30 56 6
31 28 1
31 29 15
31 30 15
31 31 15
31 32 15
31 33 4
31 39 3
31 40 15
31 41 12
31 42 8
31 43 1
31 44 15
31 45 4
31 50 9
31 51 15
31 52 15
31 53 15
31 54 15
31 55 6
31 60 1
31 61 4
32 28 9
32 29 15
32 30 15
32 31 15
32 32 15
32 33 13
32 34 4
32 35 1
32 36 4
32 40 2
32 41 2
32 42 2
32 44 2
32 49 9
32 50 15
32 51 15
32 52 15
32 53 15
32 54 6
32 60 1
32 61 12
33 27 1
33 28 15
33 29 15
33 30 15
33 31 15
33 32 15
33 33 15
33 34 4
33 36 8
33 37 8
33 48 1
33 49 15
33 50 15
33 51 15
33 52 6
33 53 2
33 60 1
33 61 15
33 62 12
34 28 3
34 29 15
34 30 15
34 31 15
34 32 15
34 33 15
34 34 4
34 35 1
34 36 15
34 37 15
34 38 12
34 39 8
34 47 8
34 48 9
34 49 15
34 50 15
34 51 15
34 52 4
34 61 3
34 62 15
34 63 4
35 29 3
35 30 15
35 31 15
35 32 15
35 33 15
35 34 4
35 35 1
35 36 15
35 37 15
35 38 15
35 39 15
35 40 12
35 41 8
35 45 8
35 46 9
35 47 15
35 48 15
35 49 15
35 50 15
35 51 15
35 52 4
35 62 3
35 63 4
36 30 2
36 31 2
36 32 3
36 33 15
36 34 4
36 35 1
36 36 15
36 37 15
36 38 15
36 39 15
36 40 15
36 41 15
36 42 12
36 43 8
36 44 9
36 45 15
36 46 15
36 47 15
36 48 15
36 49 15
36 50 15
36 51 6
36 62 1
36 63 4
37 0 8
37 33 3
37 34 4
37 35 1
37 36 15
37 37 15
37 38 15
37 39 15
37 40 15
37 41 15
37 42 15
37 43 15
37 44 15
37 45 15
37 46 15
37 47 15
37 48 15
37 49 15
37 50 15
37 51 4
37 62 1
37 63 4
38 0 15
38 1 12
38 2 8
38 33 1
38 34 4
38 35 1
38 36 15
38 37 15
38 38 15
38 39 15
38 40 15
38 41 15
38 42 15
38 43 15
38 44 15
38 45 15
38 46 15
38 47 15
38 48 15
38 49 15
38 50 6
38 62 1
38 63 12
39 0 2
39 1 3
39 2 15
39 3 4
39 33 1
39 34 4
39 35 1
39 36 7
39 37 15
39 38 15
39 39 15
39 40 15
39 41 15
39 42 15
39 43 15
39 44 15
39 45 15
39 46 15
39 47 15
39 48 15
39 49 6
39 62 1
39 63 15
40 2 3
40 3 4
40 37 3
40 38 15
40 39 15
40 40 15
40 41 15
40 42 15
40 43 15
40 44 15
40 45 15
40 46 15
40 47 15
40 48 15
40 49 4
40 63 3
41 38 3
41 39 15
41 40 15
41 41 15
41 42 15
41 43 15
41 44 15
41 45 15
41 46 15
41 47 15
41 48 6
41 63 1
42 39 3
42 40 15
42 41 15
42 42 15
42 43 15
42 44 15
42 45 6
42 46 2
42 47 2
42 63 1
43 2 9
43 3 4
43 40 2
43 41 2
43 42 2
43 43 2
43 44 2
43 63 9
44 0 8
44 1 9
44 2 15
44 3 4
44 62 1
44 63 15
45 0 2
45 1 2
45 2 2
45 62 1
45 63 6
46 62 1
46 63 4
48 62 9
48 63 4
49 61 1
49 62 15
49 63 4
50 61 1
50 62 6
52 62 8
53 61 1
53 62 15
53 63 12
54 62 3
54 63 15
55 63 11
56 62 1
56 63 15
57 62 1
57 63 6
58 46 8
58 47 8
58 62 1
58 63 4
59 45 1
59 46 6
59 47 3
59 48 4
59 62 1
59 63 4
60 45 1
60 46 12
60 47 9
60 48 4
60 62 1
60 63 12
61 46 2
61 47 2
61 62 1
61 63 15
62 63 11
63 62 1
63 63 15
