0
0 56 1
0 57 15
0 58 15
0 59 15
0 60 15
0 61 15
0 62 15
0 63 15
1 56 1
1 57 15
1 58 15
1 59 15
1 60 15
1 61 15
1 62 15
1 63 15
2 56 1
2 57 15
2 58 15
2 59 15
2 60 15
2 61 15
2 62 15
2 63 15
3 56 1
3 57 15
3 58 15
3 59 15
3 60 15
3 61 15
3 62 15
3 63 15
4 56 1
4 57 15
4 58 15
4 59 15
4 60 15
4 61 15
4 62 15
4 63 15
5 56 1
5 57 15
5 58 15
5 59 15
5 60 15
5 61 15
5 62 15
5 63 15
6 56 1
6 57 15
6 58 15
6 59 15
6 60 15
6 61 15
6 62 15
6 63 15
7 57 3
7 58 15
7 59 15
7 60 15
7 61 15
7 62 15
7 63 15
8 57 1
8 58 15
8 59 15
8 60 15
8 61 15
8 62 15
8 63 15
9 58 3
9 59 15
9 60 15
9 61 15
9 62 15
9 63 15
10 59 3
10 60 15
10 61 15
10 62 15
10 63 15
11 60 3
11 61 15
11 62 15
11 63 15
12 60 1
12 61 15
12 62 15
12 63 15
13 61 3
13 62 15
13 63 15
14 61 1
14 62 15
14 63 15
15 62 3
15 63 15
16 30 8
16 31 8
16 32 8
16 33 8
16 34 8
16 35 8
16 46 8
16 47 8
16 48 8
16 49 8
16 50 8
16 63 2
17 27 8
17 28 8
17 29 9
17 30 15
17 31 6
17 32 2
17 33 2
17 34 3
17 35 15
17 36 12
17 37 8
17 38 8
17 41 8
17 43 8
17 45 9
17 46 15
17 47 6
17 48 2
17 49 3
17 50 15
17 51 12
17 52 8
18 25 8
18 26 9
18 27 15
18 28 6
18 29 2
18 30 2
18 35 2
18 36 2
18 37 3
18 38 15
18 39 12
18 40 9
18 41 15
18 42 5
18 43 15
18 44 13
18 45 15
18 46 6
18 50 2
18 51 3
18 52 15
18 53 12
18 54 8
18 55 8
18 56 8
19 23 8
19 24 9
19 25 15
19 26 6
19 27 2
19 38 2
19 39 2
19 40 2
19 41 2
19 43 2
19 44 2
19 45 2
19 52 2
19 53 2
19 54 2
19 55 3
19 56 15
19 57 12
19 58 8
19 59 8
20 21 8
20 22 9
20 23 15
20 24 6
20 25 2
20 56 2
20 57 2
20 58 3
20 59 15
20 60 12
20 61 8
20 62 8
20 63 8
21 20 1
21 21 15
21 22 6
21 23 2
21 39 8
21 40 8
21 41 8
21 42 8
21 59 2
21 60 2
21 61 2
21 62 2
21 63 2
22 20 9
22 21 6
22 38 1
22 39 6
22 40 2
22 41 2
22 42 3
22 43 4
23 13 8
23 14 8
23 19 1
23 20 15
23 21 4
23 42 1
23 43 4
24 13 2
24 14 3
24 15 4
24 19 9
24 20 6
24 42 1
24 43 4
24 52 8
24 53 8
24 54 8
24 55 8
24 56 8
24 57 8
25 13 8
25 14 9
25 15 4
25 17 8
25 18 1
25 19 15
25 20 4
25 38 1
25 39 4
25 42 1
25 43 4
25 52 2
25 53 2
25 54 3
25 55 6
25 56 2
25 57 3
25 58 4
26 13 2
26 14 2
26 16 1
26 17 15
26 18 5
26 19 15
26 20 4
26 38 1
26 39 12
26 40 8
26 41 8
26 42 9
26 43 4
26 57 1
26 58 4
27 16 1
27 17 6
27 19 3
27 20 4
27 39 2
27 40 2
27 41 2
27 42 2
27 54 1
27 55 4
27 57 1
27 58 4
28 16 1
28 17 12
28 51 1
28 52 12
28 53 8
28 54 9
28 55 12
28 56 8
28 57 9
28 58 4
29 17 2
29 52 2
29 53 2
29 54 2
29 55 2
29 56 2
29 57 2
30 19 1
30 20 12
30 40 8
30 54 8
30 55 8
31 16 8
31 17 8
31 19 1
31 20 15
31 21 12
31 39 1
31 40 6
31 43 1
31 44 4
31 49 1
31 50 4
31 54 2
31 55 3
31 56 4
32 15 1
32 16 15
32 17 6
32 19 8
32 20 11
32 21 15
32 22 12
32 31 8
32 32 8
32 33 8
32 34 8
32 43 1
32 44 4
32 55 1
32 56 4
33 15 1
33 16 14
33 18 1
33 19 6
33 20 2
33 21 2
33 22 3
33 23 4
33 30 1
33 31 6
33 32 3
33 33 6
33 34 3
33 35 4
33 39 1
33 40 4
33 43 1
33 44 4
33 49 1
33 50 12
33 51 8
33 52 8
33 53 8
33 54 8
33 55 9
33 56 4
34 15 1
34 16 15
34 17 12
34 18 1
34 19 4
34 30 1
34 31 4
34 32 1
34 33 4
34 34 1
34 35 12
34 39 1
34 40 4
34 43 1
34 44 4
34 50 2
34 51 2
34 52 2
34 53 2
34 54 2
34 55 2
35 16 2
35 17 2
35 18 1
35 19 4
35 30 1
35 31 12
35 32 8
35 34 1
35 35 15
35 36 12
35 37 8
35 39 1
35 40 12
35 41 8
35 42 8
35 43 9
35 44 4
35 50 8
35 51 8
35 52 8
35 53 8
35 54 8
35 55 8
36 18 1
36 19 12
36 20 8
36 21 8
36 22 9
36 23 4
36 30 1
36 31 6
36 32 2
36 35 2
36 36 2
36 37 3
36 38 4
36 40 2
36 41 2
36 42 2
36 43 2
36 49 1
36 50 6
36 51 2
36 52 2
36 53 2
36 54 2
36 55 3
36 56 4
37 15 8
37 16 8
37 18 1
37 19 6
37 20 2
37 21 2
37 22 2
37 37 1
37 38 4
37 49 1
37 50 4
37 54 8
37 55 9
37 56 4
38 14 1
38 15 15
38 16 6
38 18 1
38 19 12
38 20 8
38 21 8
38 22 8
38 30 1
38 31 4
38 37 1
38 38 4
38 49 1
38 50 4
38 53 1
38 54 15
38 55 6
39 14 1
39 15 6
39 18 1
39 19 15
39 20 6
39 21 2
39 22 3
39 23 12
39 30 1
39 31 4
39 35 8
39 36 8
39 37 8
39 49 1
39 50 4
39 53 1
39 54 6
40 19 3
40 20 4
40 22 1
40 23 15
40 24 4
40 30 1
40 31 12
40 32 8
40 33 8
40 34 9
40 35 15
40 36 6
40 37 2
40 49 1
40 50 4
40 53 1
40 54 4
41 19 1
41 20 4
41 23 3
41 24 4
41 31 2
41 32 2
41 33 2
41 34 2
41 35 2
41 40 8
41 53 1
41 54 4
42 17 8
42 18 8
42 19 1
42 20 4
42 38 8
42 39 1
42 40 15
42 41 12
42 53 1
42 54 4
43 13 8
43 14 8
43 15 8
43 16 9
43 17 15
43 18 6
43 19 9
43 20 12
43 21 8
43 22 8
43 23 9
43 24 4
43 37 9
43 38 15
43 39 4
43 40 3
43 41 15
43 42 4
43 49 1
43 50 4
43 53 1
43 54 4
44 12 9
44 13 15
44 14 6
44 15 2
44 16 2
44 17 2
44 18 1
44 19 15
44 20 6
44 21 2
44 22 2
44 23 2
44 36 1
44 37 15
44 38 6
44 40 9
44 41 15
44 42 4
44 49 1
44 50 12
44 51 8
44 52 8
44 53 9
44 54 4
45 11 1
45 12 15
45 13 6
45 18 1
45 19 14
45 20 8
45 21 8
45 22 8
45 23 8
45 31 8
45 32 8
45 33 8
45 37 2
45 38 8
45 39 1
45 40 15
45 41 6
45 50 2
45 51 2
45 52 2
45 53 2
46 11 1
46 12 6
46 18 1
46 19 6
46 20 2
46 21 2
46 22 2
46 23 3
46 24 4
46 30 1
46 31 6
46 32 2
46 33 3
46 34 4
46 37 1
46 38 15
46 39 4
46 40 2
47 18 1
47 19 4
47 23 1
47 24 4
47 30 1
47 31 4
47 33 1
47 34 4
47 38 2
48 18 9
48 19 4
48 30 1
48 31 4
49 17 1
49 18 15
49 19 4
49 21 8
49 22 8
49 23 9
49 24 4
49 30 1
49 31 12
49 32 8
49 33 1
49 34 4
50 17 1
50 18 14
50 20 1
50 21 15
50 22 6
50 23 2
50 31 3
50 32 15
50 33 5
50 34 4
50 53 8
50 54 8
50 56 8
51 17 1
51 18 15
51 19 4
51 20 1
51 21 6
51 32 3
51 33 13
51 34 4
51 38 8
51 39 8
51 40 8
51 52 1
51 53 6
51 54 2
51 56 3
51 57 12
52 18 3
52 19 12
52 20 9
52 21 4
52 33 2
52 37 1
52 38 6
52 39 2
52 40 3
52 41 4
52 57 2
53 18 1
53 19 6
53 20 2
53 40 1
53 41 4
53 52 1
53 53 4
54 18 1
54 19 5
54 20 4
54 37 1
54 38 4
54 40 1
54 41 4
54 52 1
54 53 12
54 54 8
54 55 8
54 56 8
55 18 1
55 19 12
55 20 8
55 21 8
55 22 8
55 23 8
55 24 8
55 33 8
55 35 8
55 37 1
55 38 4
55 40 1
55 41 4
55 53 2
55 54 2
55 55 2
55 56 2
56 18 1
56 19 15
56 20 6
56 21 2
56 22 2
56 23 2
56 24 3
56 25 4
56 32 1
56 33 6
56 35 3
56 36 4
56 37 1
56 38 12
56 39 8
56 40 9
56 41 4
56 53 8
56 55 8
57 19 3
57 20 4
57 24 1
57 25 4
57 32 1
57 33 4
57 35 1
57 36 4
57 38 2
57 39 2
57 40 2
57 51 1
57 52 4
57 53 2
57 55 3
57 56 4
58 19 1
58 20 4
58 32 1
58 33 4
58 35 1
58 36 4
58 40 8
58 41 8
58 55 1
58 56 4
59 19 1
59 20 4
59 24 1
59 25 4
59 32 1
59 33 12
59 34 8
59 35 9
59 36 4
59 39 9
59 40 15
59 41 15
59 42 12
59 51 1
59 52 4
59 55 1
59 56 4
60 19 1
60 20 4
60 24 1
60 25 4
60 33 2
60 34 2
60 35 2
60 38 1
60 39 15
60 40 6
60 41 3
60 42 15
60 43 4
60 51 1
60 52 12
60 55 9
60 56 4
61 19 1
61 20 4
61 24 1
61 25 4
61 38 1
61 39 15
61 40 12
61 42 2
61 43 8
61 51 1
61 52 6
61 55 2
62 19 9
62 20 12
62 21 8
62 22 8
62 23 8
62 24 9
62 25 4
62 39 3
62 40 15
62 41 12
62 42 9
62 43 15
62 44 4
62 51 1
62 52 12
62 53 9
62 54 4
63 18 1
63 19 15
63 20 6
63 21 2
63 22 2
63 23 2
63 24 2
63 40 3
63 41 15
63 42 15
63 43 6
63 52 2
63 53 2
