0
2 22 8
2 23 8
2 24 8
2 25 8
2 26 8
2 27 8
2 28 8
2 29 8
2 30 8
2 31 8
2 32 8
2 33 8
2 34 8
3 21 1
3 22 6
3 23 10
3 24 10
3 25 10
3 26 10
3 27 10
3 28 2
3 29 2
3 30 2
3 31 2
3 32 2
3 33 2
3 34 3
3 35 4
4 21 1
4 22 5
4 23 6
4 24 2
4 25 2
4 26 2
4 27 3
4 28 4
4 34 1
4 35 4
5 0 8
5 21 1
5 22 5
5 23 4
6 0 15
6 1 12
6 21 1
6 22 5
6 23 4
7 0 15
7 1 15
7 2 12
7 21 1
7 22 5
7 23 4
7 25 8
7 26 8
7 27 9
7 28 4
7 34 1
7 35 4
8 0 15
8 1 15
8 2 15
8 3 12
8 21 1
8 22 5
8 23 4
8 25 2
8 26 2
8 27 3
8 28 4
8 34 1
8 35 4
9 0 15
9 1 15
9 2 15
9 3 15
9 4 12
9 21 1
9 22 5
9 23 4
9 27 1
9 28 4
9 34 1
9 35 4
10 0 15
10 1 15
10 2 15
10 3 15
10 4 15
10 5 12
10 21 1
10 22 5
10 23 12
10 24 8
10 25 8
10 26 8
10 27 9
10 28 4
10 34 1
10 35 4
11 0 15
11 1 15
11 2 15
11 3 15
11 4 15
11 5 15
11 6 4
11 21 1
11 22 12
11 23 10
11 24 10
11 25 10
11 26 10
11 27 10
11 28 8
11 29 8
11 30 8
11 31 8
11 32 8
11 33 8
11 34 9
11 35 4
12 0 15
12 1 15
12 2 15
12 3 15
12 4 15
12 5 14
12 22 2
12 23 2
12 24 2
12 25 2
12 26 2
12 27 2
12 28 2
12 29 2
12 30 2
12 31 2
12 32 2
12 33 2
12 34 2
13 0 15
13 1 15
13 2 15
13 3 15
13 4 15
13 5 15
13 6 4
14 0 15
14 1 15
14 2 15
14 3 15
14 4 15
14 5 15
14 6 12
14 7 8
14 8 8
14 9 8
14 10 8
14 11 8
14 12 8
15 0 15
15 1 15
15 2 15
15 3 15
15 4 15
15 5 15
15 6 15
15 7 15
15 8 15
15 9 15
15 10 15
15 11 15
15 12 15
15 13 12
15 14 8
16 0 15
16 1 15
16 2 15
16 3 15
16 4 15
16 5 15
16 6 15
16 7 15
16 8 15
16 9 15
16 10 15
16 11 15
16 12 15
16 13 15
16 14 15
16 15 12
17 0 15
17 1 15
17 2 15
17 3 15
17 4 15
17 5 15
17 6 15
17 7 15
17 8 15
17 9 15
17 10 15
17 11 15
17 12 15
17 13 15
17 14 15
17 15 15
17 16 12
18 0 15
18 1 15
18 2 15
18 3 15
18 4 15
18 5 15
18 6 15
18 7 15
18 8 15
18 9 15
18 10 15
18 11 15
18 12 15
18 13 15
18 14 15
18 15 15
18 16 15
18 17 4
19 0 15
19 1 15
19 2 15
19 3 15
19 4 15
19 5 15
19 6 15
19 7 15
19 8 15
19 9 15
19 10 15
19 11 15
19 12 15
19 13 15
19 14 15
19 15 15
19 16 15
19 17 4
20 0 15
20 1 15
20 2 15
20 3 15
20 4 6
20 5 2
20 6 2
20 7 2
20 8 3
20 9 15
20 10 15
20 11 15
20 12 15
20 13 15
20 14 15
20 15 15
20 16 15
20 17 12
21 0 15
21 1 15
21 2 15
21 3 15
21 4 4
21 8 1
21 9 15
21 10 15
21 11 15
21 12 15
21 13 15
21 14 15
21 15 15
21 16 15
21 17 15
21 18 12
21 19 8
21 22 8
21 23 8
21 24 8
22 0 15
22 1 15
22 2 15
22 3 15
22 4 12
22 9 11
22 10 15
22 11 15
22 12 15
22 13 15
22 14 15
22 15 15
22 16 15
22 17 15
22 18 15
22 19 15
22 20 12
22 21 9
22 22 15
22 23 15
22 24 15
22 25 12
23 0 15
23 1 15
23 2 15
23 3 15
23 4 15
23 5 12
23 8 1
23 9 15
23 10 15
23 11 15
23 12 15
23 13 15
23 14 15
23 15 15
23 16 15
23 17 15
23 18 15
23 19 15
23 20 15
23 21 15
23 22 15
23 23 15
23 24 15
23 25 15
23 26 4
24 0 15
24 1 15
24 2 15
24 3 15
24 4 15
24 5 15
24 6 12
24 7 8
24 8 9
24 9 15
24 10 15
24 11 15
24 12 15
24 13 15
24 14 15
24 15 15
24 16 15
24 17 15
24 18 15
24 19 15
24 20 15
24 21 15
24 22 15
24 23 15
24 24 15
24 25 15
24 26 12
25 0 15
25 1 15
25 2 15
25 3 15
25 4 15
25 5 15
25 6 15
25 7 15
25 8 15
25 9 15
25 10 15
25 11 15
25 12 15
25 13 15
25 14 15
25 15 15
25 16 15
25 17 15
25 18 15
25 19 15
25 20 15
25 21 15
25 22 15
25 23 15
25 24 15
25 25 15
25 26 15
25 27 12
25 28 8
26 0 15
26 1 15
26 2 15
26 3 15
26 4 15
26 5 15
26 6 15
26 7 15
26 8 15
26 9 15
26 10 15
26 11 15
26 12 15
26 13 15
26 14 15
26 15 15
26 16 15
26 17 15
26 18 15
26 19 15
26 20 15
26 21 15
26 22 15
26 23 15
26 24 15
26 25 15
26 26 15
26 27 15
26 28 15
26 29 4
27 0 15
27 1 15
27 2 15
27 3 15
27 4 15
27 5 15
27 6 15
27 7 15
27 8 15
27 9 15
27 10 15
27 11 15
27 12 15
27 13 15
27 14 15
27 15 15
27 16 15
27 17 15
27 18 15
27 19 15
27 20 15
27 21 15
27 22 15
27 23 15
27 24 15
27 25 15
27 26 15
27 27 15
27 28 15
27 29 12
28 0 15
28 1 15
28 2 15
28 3 15
28 4 15
28 5 15
28 6 15
28 7 15
28 8 15
28 9 15
28 10 15
28 11 15
28 12 15
28 13 15
28 14 15
28 15 15
28 16 15
28 17 15
28 18 15
28 19 15
28 20 15
28 21 15
28 22 15
28 23 15
28 24 15
28 25 15
28 26 15
28 27 15
28 28 15
28 29 15
28 30 4
29 0 15
29 1 15
29 2 15
29 3 15
29 4 15
29 5 15
29 6 15
29 7 15
29 8 15
29 9 15
29 10 15
29 11 15
29 12 15
29 13 15
29 14 15
29 15 15
29 16 15
29 17 15
29 18 15
29 19 15
29 20 15
29 21 15
29 22 15
29 23 15
29 24 15
29 25 15
29 26 15
29 27 15
29 28 15
29 29 15
29 30 4
30 0 15
30 1 15
30 2 15
30 3 15
30 4 15
30 5 15
30 6 15
30 7 15
30 8 15
30 9 15
30 10 15
30 11 15
30 12 15
30 13 15
30 14 15
30 15 15
30 16 15
30 17 15
30 18 15
30 19 15
30 20 15
30 21 15
30 22 15
30 23 15
30 24 15
30 25 15
30 26 15
30 27 15
30 28 15
30 29 15
30 30 4
31 0 15
31 1 15
31 2 15
31 3 15
31 4 15
31 5 15
31 6 15
31 7 15
31 8 15
31 9 15
31 10 15
31 11 15
31 12 15
31 13 15
31 14 15
31 15 15
31 16 15
31 17 15
31 18 15
31 19 15
31 20 15
31 21 15
31 22 15
31 23 15
31 24 15
31 25 15
31 26 15
31 27 15
31 28 15
31 29 15
31 30 12
32 0 15
32 1 15
32 2 15
32 3 15
32 4 15
32 5 15
32 6 15
32 7 15
32 8 15
32 9 15
32 10 15
32 11 15
32 12 15
32 13 15
32 14 15
32 15 15
32 16 15
32 17 15
32 18 15
32 19 15
32 20 15
32 21 15
32 22 15
32 23 15
32 24 15
32 25 15
32 26 15
32 27 15
32 28 15
32 29 15
32 30 15
32 31 4
33 0 15
33 1 15
33 2 15
33 3 15
33 4 15
33 5 15
33 6 15
33 7 15
33 8 15
33 9 15
33 10 15
33 11 15
33 12 15
33 13 15
33 14 15
33 15 15
33 16 15
33 17 15
33 18 15
33 19 15
33 20 15
33 21 15
33 22 15
33 23 15
33 24 15
33 25 15
33 26 15
33 27 15
33 28 15
33 29 15
33 30 15
33 31 4
34 0 15
34 1 15
34 2 15
34 3 15
34 4 15
34 5 15
34 6 15
34 7 15
34 8 15
34 9 6
34 10 2
34 11 3
34 12 15
34 13 15
34 14 15
34 15 15
34 16 15
34 17 15
34 18 15
34 19 15
34 20 15
34 21 15
34 22 15
34 23 15
34 24 15
34 25 15
34 26 15
34 27 15
34 28 15
34 29 15
34 30 15
34 31 4
35 0 15
35 1 15
35 2 15
35 3 15
35 4 15
35 5 15
35 6 6
35 7 10
35 8 10
35 9 8
35 10 8
35 11 8
35 12 3
35 13 15
35 14 15
35 15 15
35 16 15
35 17 15
35 18 15
35 19 15
35 20 15
35 21 15
35 22 15
35 23 15
35 24 15
35 25 15
35 26 15
35 27 15
35 28 15
35 29 15
35 30 15
35 31 4
36 0 15
36 1 15
36 2 15
36 3 15
36 4 15
36 5 15
36 6 5
36 7 15
36 8 6
36 9 2
36 10 3
36 11 15
36 12 12
36 13 2
36 14 3
36 15 15
36 16 15
36 17 15
36 18 15
36 19 15
36 20 15
36 21 15
36 22 15
36 23 15
36 24 15
36 25 15
36 26 15
36 27 15
36 28 15
36 29 15
36 30 15
36 31 4
37 0 15
37 1 15
37 2 15
37 3 15
37 4 15
37 5 14
37 6 1
37 7 6
37 11 3
37 12 15
37 13 12
37 15 3
37 16 15
37 17 15
37 18 15
37 19 15
37 20 15
37 21 15
37 22 15
37 23 15
37 24 15
37 25 15
37 26 15
37 27 15
37 28 15
37 29 15
37 30 15
37 31 4
38 0 15
38 1 15
38 2 15
38 3 15
38 4 15
38 5 15
38 6 5
38 7 4
38 12 3
38 13 15
38 14 12
38 16 3
38 17 15
38 18 15
38 19 15
38 20 15
38 21 15
38 22 15
38 23 15
38 24 15
38 25 15
38 26 15
38 27 15
38 28 15
38 29 15
38 30 6
39 0 15
39 1 15
39 2 15
39 3 15
39 4 15
39 5 14
39 6 1
39 7 4
39 13 3
39 14 15
39 15 12
39 16 1
39 17 15
39 18 15
39 19 15
39 20 15
39 21 15
39 22 15
39 23 15
39 24 15
39 25 15
39 26 15
39 27 15
39 28 15
39 29 15
39 30 4
40 0 15
40 1 15
40 2 15
40 3 15
40 4 15
40 5 15
40 6 4
40 14 3
40 15 15
40 16 5
40 17 15
40 18 15
40 19 15
40 20 15
40 21 15
40 22 15
40 23 15
40 24 15
40 25 15
40 26 15
40 27 15
40 28 15
40 29 15
40 30 4
41 0 15
41 1 15
41 2 15
41 3 15
41 4 15
41 5 6
41 15 2
41 17 3
41 18 15
41 19 15
41 20 15
41 21 15
41 22 15
41 23 15
41 24 15
41 25 15
41 26 15
41 27 15
41 28 15
41 29 6
41 31 8
42 0 15
42 1 15
42 2 15
42 3 15
42 4 6
42 17 1
42 18 15
42 19 15
42 20 15
42 21 15
42 22 15
42 23 15
42 24 15
42 25 15
42 26 15
42 27 15
42 28 6
42 30 1
42 31 15
42 32 4
43 0 15
43 1 15
43 2 15
43 3 15
43 4 4
43 15 1
43 16 4
43 18 3
43 19 15
43 20 15
43 21 15
43 22 15
43 23 15
43 24 15
43 25 15
43 26 15
43 27 14
43 31 2
44 0 15
44 1 15
44 2 15
44 3 6
44 5 8
44 15 1
44 16 4
44 18 1
44 19 15
44 20 15
44 21 15
44 22 15
44 23 15
44 24 15
44 25 15
44 26 15
44 27 15
44 28 4
45 0 15
45 1 15
45 2 15
45 3 4
45 4 9
45 5 15
45 6 12
45 7 8
45 8 8
45 9 8
45 15 1
45 16 12
45 18 1
45 19 15
45 20 15
45 21 15
45 22 15
45 23 15
45 24 15
45 25 15
45 26 15
45 27 6
45 29 9
45 30 4
46 0 15
46 1 15
46 2 6
46 3 1
46 4 15
46 5 7
46 6 15
46 7 6
46 8 2
46 9 2
46 15 1
46 16 15
46 17 4
46 18 1
46 19 15
46 20 15
46 21 15
46 22 6
46 23 3
46 24 15
46 25 15
46 26 15
46 27 4
46 28 9
46 29 15
46 30 4
47 0 15
47 1 15
47 2 4
47 3 1
47 4 6
47 5 1
47 6 6
47 16 2
47 19 2
47 20 2
47 21 2
47 23 8
47 24 2
47 25 2
47 26 2
47 28 2
47 29 2
48 0 15
48 1 15
48 2 4
48 3 1
48 4 4
48 5 1
48 6 4
48 14 8
48 22 9
48 23 15
48 24 12
48 28 8
48 29 8
49 0 15
49 1 15
49 2 12
49 3 1
49 4 12
49 5 1
49 6 12
49 13 1
49 14 15
49 15 4
49 17 8
49 18 8
49 19 8
49 20 8
49 21 9
49 22 15
49 23 15
49 24 15
49 25 12
49 26 8
49 28 3
49 29 15
49 30 4
50 0 15
50 1 15
50 2 15
50 3 5
50 4 15
50 5 13
50 6 15
50 7 12
50 8 8
50 9 8
50 13 9
50 14 6
50 16 9
50 17 15
50 18 15
50 19 15
50 20 15
50 21 15
50 22 15
50 23 15
50 24 15
50 25 15
50 26 15
50 27 4
50 29 3
50 30 4
51 0 15
51 1 15
51 2 15
51 3 4
51 4 3
51 5 15
51 6 6
51 7 2
51 8 2
51 9 2
51 12 1
51 13 15
51 14 4
51 15 9
51 16 15
51 17 15
51 18 15
51 19 15
51 20 15
51 21 15
51 22 15
51 23 15
51 24 15
51 25 15
51 26 15
51 27 12
51 29 1
51 30 4
52 0 15
52 1 15
52 2 15
52 3 12
52 5 3
52 6 12
52 13 2
52 14 1
52 15 15
52 16 15
52 17 15
52 18 15
52 19 15
52 20 15
52 21 15
52 22 15
52 23 15
52 24 15
52 25 15
52 26 15
52 27 15
52 28 4
52 30 8
53 0 15
53 1 15
53 2 15
53 3 15
53 4 4
53 5 1
53 6 15
53 7 4
53 14 1
53 15 15
53 16 15
53 17 15
53 18 15
53 19 15
53 20 15
53 21 15
53 22 15
53 23 15
53 24 15
53 25 15
53 26 15
53 27 15
53 28 12
53 29 1
53 30 15
53 31 4
54 0 15
54 1 15
54 2 15
54 3 15
54 4 12
54 6 2
54 14 9
54 15 15
54 16 15
54 17 15
54 18 15
54 19 15
54 20 15
54 21 15
54 22 15
54 23 15
54 24 15
54 25 15
54 26 15
54 27 15
54 28 15
54 29 4
54 30 2
55 0 15
55 1 15
55 2 15
55 3 15
55 4 15
55 5 4
55 13 9
55 14 15
55 15 15
55 16 15
55 17 15
55 18 15
55 19 15
55 20 15
55 21 15
55 22 15
55 23 15
55 24 15
55 25 15
55 26 15
55 27 15
55 28 15
55 29 12
56 0 15
56 1 15
56 2 15
56 3 15
56 4 15
56 5 4
56 12 9
56 13 15
56 14 15
56 15 15
56 16 15
56 17 15
56 18 15
56 19 15
56 20 15
56 21 15
56 22 15
56 23 15
56 24 15
56 25 15
56 26 15
56 27 15
56 28 15
56 29 15
56 30 4
57 0 15
57 1 15
57 2 15
57 3 15
57 4 15
57 5 12
57 6 8
57 10 8
57 11 9
57 12 15
57 13 15
57 14 15
57 15 15
57 16 15
57 17 15
57 18 15
57 19 15
57 20 15
57 21 15
57 22 15
57 23 15
57 24 15
57 25 15
57 26 15
57 27 15
57 28 15
57 29 15
57 30 4
58 0 15
58 1 15
58 2 15
58 3 15
58 4 15
58 5 15
58 6 15
58 7 12
58 8 8
58 9 9
58 10 15
58 11 15
58 12 15
58 13 15
58 14 15
58 15 15
58 16 15
58 17 15
58 18 15
58 19 15
58 20 15
58 21 15
58 22 15
58 23 15
58 24 15
58 25 15
58 26 15
58 27 15
58 28 15
58 29 15
58 30 4
59 0 15
59 1 15
59 2 15
59 3 15
59 4 15
59 5 15
59 6 15
59 7 15
59 8 15
59 9 15
59 10 15
59 11 15
59 12 15
59 13 15
59 14 15
59 15 15
59 16 15
59 17 15
59 18 15
59 19 15
59 20 15
59 21 15
59 22 15
59 23 15
59 24 15
59 25 15
59 26 15
59 27 15
59 28 15
59 29 15
59 30 12
60 0 15
60 1 15
60 2 15
60 3 15
60 4 15
60 5 15
60 6 15
60 7 15
60 8 15
60 9 15
60 10 15
60 11 15
60 12 15
60 13 15
60 14 15
60 15 15
60 16 15
60 17 15
60 18 15
60 19 15
60 20 15
60 21 15
60 22 15
60 23 15
60 24 15
60 25 15
60 26 15
60 27 15
60 28 15
60 29 15
60 30 15
60 31 4
61 0 15
61 1 15
61 2 15
61 3 15
61 4 15
61 5 15
61 6 15
61 7 15
61 8 15
61 9 15
61 10 15
61 11 15
61 12 15
61 13 15
61 14 15
61 15 15
61 16 15
61 17 15
61 18 15
61 19 15
61 20 15
61 21 15
61 22 15
61 23 15
61 24 15
61 25 15
61 26 15
61 27 15
61 28 15
61 29 15
61 30 15
61 31 4
62 0 15
62 1 15
62 2 15
62 3 15
62 4 15
62 5 15
62 6 15
62 7 15
62 8 15
62 9 15
62 10 15
62 11 15
62 12 15
62 13 15
62 14 15
62 15 15
62 16 15
62 17 15
62 18 15
62 19 15
62 20 15
62 21 15
62 22 15
62 23 15
62 24 15
62 25 15
62 26 15
62 27 15
62 28 15
62 29 15
62 30 15
62 31 4
63 0 15
63 1 15
63 2 15
63 3 15
63 4 15
63 5 15
63 6 15
63 7 15
63 8 15
63 9 15
63 10 15
63 11 15
63 12 15
63 13 15
63 14 15
63 15 15
63 16 15
63 17 15
63 18 15
63 19 15
63 20 15
63 21 15
63 22 15
63 23 15
63 24 15
63 25 15
63 26 15
63 27 15
63 28 15
63 29 15
63 30 15
63 31 4
