0
0 61 9
0 62 15
0 63 4
1 60 9
1 61 15
1 62 6
2 59 1
2 60 15
2 61 6
3 60 2
17 20 8
17 21 8
17 22 8
17 23 8
17 24 8
17 25 8
17 26 8
17 27 8
17 28 8
18 19 1
18 20 6
18 21 2
18 22 2
18 23 2
18 24 2
18 25 2
18 26 2
18 27 2
18 28 3
18 29 4
19 19 9
19 20 4
19 28 1
19 29 4
20 18 1
20 19 15
20 20 4
20 28 1
20 29 4
20 32 8
20 33 8
20 34 8
20 35 8
20 36 8
20 37 8
20 38 8
21 18 1
21 19 6
21 28 1
21 29 4
21 31 1
21 32 6
21 33 2
21 34 2
21 35 2
21 36 2
21 37 2
21 38 3
21 39 4
22 18 1
22 19 4
22 28 1
22 29 4
22 31 1
22 32 4
22 38 1
22 39 4
23 18 1
23 19 4
23 28 1
23 29 4
23 31 1
23 32 4
23 38 1
23 39 4
24 18 1
24 19 12
24 20 8
24 21 8
24 22 8
24 23 8
24 24 8
24 26 8
24 27 8
24 28 9
24 29 4
24 31 1
24 32 4
24 38 1
24 39 4
25 19 2
25 20 2
25 21 2
25 22 2
25 23 2
25 24 2
25 26 2
25 27 2
25 28 2
25 31 1
25 32 4
25 35 8
25 36 8
25 38 9
25 39 4
26 31 1
26 32 4
26 34 1
26 35 15
26 36 6
26 38 2
27 31 1
27 32 4
27 34 1
27 35 6
28 17 8
28 18 8
28 19 8
28 20 8
28 21 8
28 31 1
28 32 12
28 33 8
28 34 9
28 35 4
29 16 1
29 17 15
29 18 6
29 19 2
29 20 2
29 21 3
29 22 4
29 32 2
29 33 2
29 34 2
30 16 1
30 17 6
30 21 1
30 22 4
31 16 9
31 17 4
31 21 1
31 22 4
31 42 8
31 43 8
31 44 8
31 45 8
31 46 8
31 47 8
31 48 8
31 49 8
31 50 8
31 51 8
32 14 8
32 15 9
32 16 15
32 17 4
32 41 1
32 42 6
32 43 2
32 44 2
32 45 2
32 46 2
32 47 2
32 48 3
32 49 6
32 50 2
32 51 3
32 52 4
33 14 2
33 15 2
33 16 2
33 21 1
33 22 4
33 41 9
33 42 4
33 49 8
33 51 1
33 52 4
34 21 1
34 22 4
34 40 9
34 41 15
34 42 4
34 48 1
34 49 15
34 50 4
34 51 9
34 52 4
35 21 9
35 22 4
35 39 1
35 40 6
35 41 2
35 49 2
35 51 3
35 52 4
36 20 9
36 21 15
36 22 4
36 39 1
36 40 4
36 51 1
36 52 4
37 14 8
37 15 8
37 16 8
37 17 8
37 18 8
37 19 9
37 20 15
37 21 6
37 39 1
37 40 4
37 51 1
37 52 4
38 14 2
38 15 2
38 16 2
38 17 2
38 18 2
38 19 2
38 20 2
38 51 1
38 52 4
39 12 8
39 13 8
39 14 8
39 15 8
39 16 8
39 39 1
39 40 4
39 51 1
39 52 4
40 11 1
40 12 15
40 13 6
40 14 2
40 15 2
40 16 3
40 17 4
40 39 1
40 40 4
40 51 1
40 52 4
41 12 2
41 39 1
41 40 12
41 41 8
41 51 1
41 52 4
42 16 1
42 17 4
42 39 1
42 40 7
42 41 15
42 42 4
42 49 8
42 51 9
42 52 4
43 16 1
43 17 4
43 39 1
43 40 4
43 41 3
43 42 4
43 48 1
43 49 15
43 50 4
43 51 11
43 52 4
44 16 1
44 17 4
44 39 1
44 40 4
44 41 1
44 42 4
44 48 1
44 49 6
44 50 9
44 51 15
44 52 4
45 11 1
45 12 4
45 16 1
45 17 4
45 39 1
45 40 4
45 41 1
45 42 4
45 48 1
45 49 13
45 50 15
45 51 6
46 11 1
46 12 4
46 16 1
46 17 4
46 39 1
46 40 4
46 41 1
46 42 4
46 48 1
46 49 15
46 50 6
47 11 1
47 12 12
47 16 1
47 17 4
47 21 8
47 22 8
47 23 8
47 24 8
47 25 8
47 39 1
47 40 4
47 41 1
47 42 4
47 48 1
47 49 6
48 11 1
48 12 15
48 13 12
48 14 8
48 15 8
48 16 9
48 17 4
48 20 1
48 21 15
48 22 6
48 23 2
48 24 3
48 25 15
48 26 12
48 28 8
48 39 1
48 40 12
48 41 9
48 42 12
48 43 8
48 44 8
48 45 8
48 46 8
48 47 8
48 48 9
48 49 4
49 12 2
49 13 2
49 14 2
49 15 2
49 16 2
49 20 1
49 21 6
49 25 2
49 26 2
49 28 3
49 29 4
49 40 2
49 41 2
49 42 2
49 43 2
49 44 2
49 45 2
49 46 2
49 47 2
49 48 2
50 20 1
50 21 4
50 28 1
50 29 4
51 28 1
51 29 4
51 37 8
51 38 8
51 40 8
51 41 8
52 20 1
52 21 12
52 26 8
52 27 8
52 28 9
52 29 4
52 36 9
52 37 15
52 38 6
52 40 3
52 41 15
52 42 12
52 43 8
52 44 8
52 45 8
53 20 1
53 21 15
53 22 12
53 25 1
53 26 15
53 27 6
53 28 2
53 35 1
53 36 6
53 37 2
53 41 2
53 42 2
53 43 2
53 44 2
53 45 3
53 46 4
54 21 3
54 22 15
54 23 12
54 25 1
54 26 6
54 35 1
54 36 4
54 45 1
54 46 4
55 22 3
55 23 15
55 24 12
55 25 9
55 26 4
55 35 1
55 36 4
55 45 1
55 46 4
56 23 2
56 24 2
56 25 2
56 35 1
56 36 4
56 44 8
56 45 9
56 46 4
57 35 1
57 36 4
57 43 1
57 44 15
57 45 6
58 35 1
58 36 4
58 41 1
58 42 4
58 43 9
58 44 6
59 35 1
59 36 4
59 41 1
59 42 13
59 43 15
59 44 4
60 35 1
60 36 12
60 37 8
60 38 8
60 39 8
60 40 8
60 41 9
60 42 15
60 43 6
61 36 2
61 37 2
61 38 2
61 39 2
61 40 2
61 41 2
61 42 2
