0
2 27 8
2 28 8
2 29 8
2 30 8
2 31 8
2 32 8
2 33 8
2 34 8
2 35 8
2 36 8
2 37 8
2 38 8
2 39 8
2 40 8
3 19 8
3 20 8
3 21 8
3 22 8
3 23 8
3 24 8
3 25 8
3 26 9
3 27 15
3 28 6
3 29 2
3 30 2
3 31 2
3 32 2
3 33 2
3 34 2
3 35 2
3 36 2
3 37 2
3 38 2
3 39 3
3 40 15
3 41 12
3 42 8
3 43 8
3 44 8
3 45 8
3 46 8
3 47 8
3 48 8
4 18 9
4 19 15
4 20 6
4 21 2
4 22 2
4 23 2
4 24 2
4 25 2
4 26 2
4 27 2
4 28 8
4 29 8
4 30 8
4 31 8
4 32 8
4 33 8
4 34 8
4 35 8
4 36 8
4 37 8
4 38 8
4 39 8
4 40 2
4 41 2
4 42 2
4 43 2
4 44 2
4 45 2
4 46 2
4 47 3
4 48 15
4 49 12
5 17 9
5 18 15
5 19 6
5 20 8
5 21 8
5 22 8
5 23 8
5 24 8
5 25 8
5 26 8
5 27 9
5 28 15
5 29 14
5 30 10
5 31 10
5 32 2
5 33 2
5 34 2
5 35 10
5 36 10
5 37 10
5 38 3
5 39 15
5 40 12
5 41 8
5 42 8
5 43 8
5 44 8
5 45 8
5 46 8
5 47 8
5 48 3
5 49 15
5 50 12
6 16 9
6 17 15
6 18 6
6 19 9
6 20 15
6 21 6
6 22 2
6 23 2
6 24 2
6 25 2
6 26 2
6 27 2
6 28 3
6 29 15
6 30 7
6 31 15
6 32 12
6 33 8
6 34 9
6 35 15
6 36 7
6 37 15
6 38 4
6 39 2
6 40 2
6 41 2
6 42 2
6 43 2
6 44 2
6 45 2
6 46 3
6 47 15
6 48 12
6 49 3
6 50 15
6 51 12
6 52 8
7 14 8
7 15 9
7 16 15
7 17 6
7 18 9
7 19 15
7 20 6
7 28 9
7 29 6
7 31 2
7 32 2
7 33 2
7 34 2
7 35 2
7 37 3
7 38 12
7 47 3
7 48 15
7 49 12
7 50 2
7 51 3
7 52 15
7 53 12
8 13 9
8 14 15
8 15 6
8 16 2
8 17 9
8 18 15
8 19 6
8 27 9
8 28 15
8 29 4
8 37 1
8 38 15
8 39 12
8 48 3
8 49 15
8 50 12
8 51 8
8 52 3
8 53 15
8 54 12
9 12 9
9 13 15
9 14 6
9 15 8
9 16 9
9 17 15
9 18 6
9 25 8
9 26 9
9 27 15
9 28 6
9 38 3
9 39 15
9 40 12
9 41 8
9 49 2
9 50 3
9 51 15
9 52 12
9 53 3
9 54 15
9 55 4
10 11 1
10 12 15
10 13 6
10 14 9
10 15 15
10 16 6
10 17 2
10 24 1
10 25 15
10 26 6
10 27 2
10 39 2
10 40 3
10 41 15
10 42 4
10 51 3
10 52 15
10 53 4
10 54 3
10 55 12
11 11 9
11 12 6
11 13 1
11 14 15
11 15 6
11 24 1
11 25 14
11 41 11
11 42 4
11 52 3
11 53 12
11 54 1
11 55 15
11 56 12
12 10 9
12 11 15
12 12 4
12 13 9
12 14 6
12 24 1
12 25 15
12 26 4
12 40 1
12 41 15
12 42 4
12 52 1
12 53 15
12 54 12
12 55 3
12 56 15
12 57 12
13 9 9
13 10 15
13 11 6
13 12 9
13 13 15
13 14 4
13 25 3
13 26 4
13 40 1
13 41 6
13 53 3
13 54 15
13 55 12
13 56 3
13 57 15
13 58 12
14 8 9
14 9 15
14 10 6
14 11 9
14 12 15
14 13 6
14 25 1
14 26 4
14 40 1
14 41 4
14 54 3
14 55 15
14 56 12
14 57 3
14 58 15
14 59 4
15 7 1
15 8 15
15 9 6
15 10 9
15 11 15
15 12 6
15 25 9
15 26 4
15 40 1
15 41 12
15 55 3
15 56 15
15 57 4
15 58 3
15 59 4
16 7 1
16 8 6
16 9 1
16 10 15
16 11 6
16 24 1
16 25 15
16 26 4
16 40 1
16 41 15
16 42 4
16 56 3
16 57 4
16 58 1
16 59 4
17 7 1
17 8 4
17 9 1
17 10 6
17 20 8
17 21 8
17 22 8
17 23 8
17 24 9
17 25 14
17 41 11
17 42 12
17 43 8
17 44 8
17 45 8
17 46 8
17 56 1
17 57 4
17 58 1
17 59 4
18 7 9
18 8 4
18 9 1
18 10 4
18 19 1
18 20 6
18 21 2
18 22 2
18 23 2
18 24 3
18 25 15
18 26 12
18 27 8
18 39 8
18 40 9
18 41 15
18 42 6
18 43 2
18 44 2
18 45 3
18 46 15
18 47 4
18 56 1
18 57 4
18 58 1
18 59 4
19 6 1
19 7 15
19 8 4
19 9 9
19 10 4
19 19 1
19 20 4
19 25 2
19 26 3
19 27 15
19 28 12
19 38 9
19 39 15
19 40 6
19 41 2
19 46 3
19 47 4
19 56 1
19 57 4
19 58 1
19 59 4
20 6 1
20 7 6
20 8 1
20 9 15
20 10 4
20 19 1
20 20 4
20 27 3
20 28 15
20 29 4
20 37 1
20 38 15
20 39 6
20 46 1
20 47 4
20 56 1
20 57 4
20 58 1
20 59 4
21 6 1
21 7 4
21 8 1
21 9 6
21 19 1
21 20 4
21 28 3
21 29 12
21 31 8
21 32 8
21 33 8
21 34 8
21 35 8
21 37 9
21 38 6
21 46 1
21 47 4
21 56 1
21 57 4
21 58 1
21 59 4
22 6 9
22 7 4
22 8 1
22 9 4
22 19 1
22 20 4
22 28 1
22 29 15
22 30 13
22 31 15
22 32 6
22 33 2
22 34 3
22 35 15
22 36 13
22 37 15
22 38 4
22 46 1
22 47 4
22 56 1
22 57 4
22 58 1
22 59 4
23 5 1
23 6 15
23 7 4
23 8 9
23 9 4
23 19 1
23 20 4
23 29 2
23 30 2
23 31 2
23 35 2
23 36 2
23 37 2
23 46 1
23 47 4
23 56 1
23 57 4
23 58 1
23 59 4
24 5 1
24 6 6
24 7 1
24 8 15
24 9 4
24 19 1
24 20 4
24 26 8
24 27 8
24 28 8
24 29 8
24 37 8
24 38 8
24 39 8
24 40 8
24 46 1
24 47 4
24 56 1
24 57 4
24 58 1
24 59 4
25 5 1
25 6 4
25 7 1
25 8 14
25 19 1
25 20 4
25 25 9
25 26 15
25 27 6
25 28 3
25 29 15
25 30 12
25 31 8
25 32 8
25 33 8
25 34 8
25 35 8
25 36 9
25 37 15
25 38 6
25 39 3
25 40 15
25 41 12
25 46 1
25 47 4
25 56 9
25 57 4
25 58 1
25 59 4
26 5 1
26 6 12
26 7 1
26 8 15
26 9 4
26 19 1
26 20 4
26 24 9
26 25 15
26 26 6
26 29 2
26 30 2
26 31 2
26 32 2
26 33 2
26 34 2
26 35 2
26 36 2
26 37 2
26 40 3
26 41 15
26 42 12
26 46 1
26 47 4
26 55 1
26 56 15
26 57 4
26 58 9
26 59 4
27 5 1
27 6 15
27 7 4
27 8 3
27 9 4
27 19 1
27 20 4
27 23 9
27 24 15
27 25 6
27 41 3
27 42 15
27 43 12
27 46 1
27 47 4
27 55 1
27 56 6
27 57 1
27 58 15
27 59 4
28 6 3
28 7 4
28 8 1
28 9 4
28 19 1
28 20 4
28 22 1
28 23 15
28 24 6
28 42 3
28 43 15
28 44 4
28 46 1
28 47 4
28 55 1
28 56 4
28 57 1
28 58 6
29 6 1
29 7 4
29 8 1
29 9 12
29 19 1
29 20 4
29 22 1
29 23 6
29 43 3
29 44 4
29 46 1
29 47 4
29 55 1
29 56 4
29 57 1
29 58 4
30 6 1
30 7 12
30 8 1
30 9 15
30 10 4
30 19 1
30 20 4
30 22 9
30 23 4
30 43 1
30 44 12
30 46 1
30 47 4
30 55 1
30 56 4
30 57 1
30 58 4
31 6 1
31 7 15
31 8 4
31 9 3
31 10 4
31 19 1
31 20 4
31 21 1
31 22 15
31 23 4
31 43 1
31 44 15
31 45 4
31 46 1
31 47 4
31 55 1
31 56 4
31 57 1
31 58 4
32 7 3
32 8 4
32 9 1
32 10 4
32 19 1
32 20 4
32 21 9
32 22 6
32 44 3
32 45 12
32 46 1
32 47 4
32 55 1
32 56 4
32 57 1
32 58 4
33 7 1
33 8 4
33 9 1
33 10 4
33 19 1
33 20 13
33 21 15
33 22 4
33 44 1
33 45 15
33 46 13
33 47 4
33 55 1
33 56 4
33 57 1
33 58 4
34 7 9
34 8 4
34 9 1
34 10 4
34 19 1
34 20 15
34 21 6
34 45 3
34 46 15
34 47 4
34 55 1
34 56 4
34 57 1
34 58 12
34 59 8
35 6 9
35 7 15
35 8 4
35 9 9
35 10 4
35 19 1
35 20 14
35 46 11
35 47 4
35 55 1
35 56 12
35 58 3
35 59 15
35 60 4
36 5 1
36 6 15
36 7 6
36 8 9
36 9 15
36 10 4
36 19 1
36 20 15
36 21 12
36 45 9
36 46 15
36 47 4
36 55 1
36 56 15
36 57 12
36 59 3
36 60 4
37 5 1
37 6 6
37 7 1
37 8 15
37 9 6
37 19 1
37 20 7
37 21 15
37 22 4
37 44 1
37 45 15
37 46 7
37 47 4
37 56 2
37 57 3
37 58 4
37 59 1
37 60 4
38 5 1
38 6 4
38 7 1
38 8 6
38 19 1
38 20 4
38 21 3
38 22 12
38 44 9
38 45 6
38 46 1
38 47 4
38 57 1
38 58 4
38 59 1
38 60 4
39 5 1
39 6 4
39 7 1
39 8 4
39 19 1
39 20 4
39 21 1
39 22 15
39 23 4
39 43 1
39 44 15
39 45 4
39 46 1
39 47 4
39 57 1
39 58 4
39 59 1
39 60 4
40 5 1
40 6 4
40 7 1
40 8 4
40 19 1
40 20 4
40 22 3
40 23 4
40 43 1
40 44 6
40 46 1
40 47 4
40 57 1
40 58 4
40 59 1
40 60 4
41 5 9
41 6 4
41 7 1
41 8 4
41 19 1
41 20 4
41 22 1
41 23 12
41 43 9
41 44 4
41 46 1
41 47 4
41 57 1
41 58 4
41 59 1
41 60 4
42 4 9
42 5 15
42 6 4
42 7 9
42 8 4
42 19 1
42 20 4
42 22 1
42 23 15
42 24 12
42 42 9
42 43 15
42 44 4
42 46 1
42 47 4
42 57 1
42 58 4
42 59 1
42 60 4
43 3 1
43 4 15
43 5 6
43 6 9
43 7 15
43 8 4
43 19 1
43 20 4
43 23 3
43 24 15
43 25 12
43 31 8
43 32 8
43 34 8
43 35 8
43 41 9
43 42 15
43 43 6
43 46 1
43 47 4
43 57 1
43 58 4
43 59 1
43 60 4
44 3 1
44 4 6
44 5 1
44 6 15
44 7 6
44 19 1
44 20 4
44 24 3
44 25 15
44 26 12
44 29 8
44 30 9
44 31 15
44 32 6
44 34 3
44 35 15
44 36 12
44 40 9
44 41 15
44 42 6
44 46 1
44 47 4
44 57 1
44 58 4
44 59 1
44 60 4
45 3 1
45 4 4
45 5 1
45 6 6
45 19 1
45 20 4
45 25 3
45 26 15
45 27 12
45 28 9
45 29 15
45 30 6
45 31 2
45 35 2
45 36 2
45 38 8
45 39 9
45 40 15
45 41 6
45 46 1
45 47 4
45 57 1
45 58 4
45 59 1
45 60 4
46 3 1
46 4 4
46 5 1
46 6 4
46 19 1
46 20 4
46 26 2
46 27 2
46 28 2
46 29 2
46 38 2
46 39 2
46 40 2
46 46 1
46 47 4
46 57 9
46 58 4
46 59 1
46 60 4
47 3 1
47 4 4
47 5 1
47 6 4
47 18 8
47 19 9
47 20 12
47 24 8
47 25 8
47 26 8
47 40 8
47 41 8
47 42 8
47 46 9
47 47 12
47 48 8
47 56 1
47 57 15
47 58 4
47 59 9
47 60 4
48 3 9
48 4 4
48 5 1
48 6 4
48 17 1
48 18 15
48 19 7
48 20 15
48 21 12
48 22 8
48 23 9
48 24 15
48 25 7
48 26 15
48 27 4
48 39 1
48 40 15
48 41 7
48 42 15
48 43 12
48 44 8
48 45 9
48 46 15
48 47 7
48 48 15
48 49 4
48 56 1
48 57 6
48 58 1
48 59 15
48 60 4
49 2 1
49 3 15
49 4 4
49 5 9
49 6 4
49 17 9
49 18 6
49 20 2
49 21 2
49 22 2
49 23 2
49 24 2
49 26 3
49 27 12
49 39 9
49 40 6
49 42 2
49 43 2
49 44 2
49 45 2
49 46 2
49 48 3
49 49 12
49 56 1
49 57 4
49 58 1
49 59 6
50 2 1
50 3 6
50 4 1
50 5 15
50 6 4
50 16 9
50 17 15
50 18 4
50 26 1
50 27 15
50 28 12
50 38 9
50 39 15
50 40 4
50 48 1
50 49 15
50 50 12
50 56 1
50 57 4
50 58 1
50 59 4
51 2 1
51 3 4
51 4 1
51 5 6
51 14 8
51 15 9
51 16 15
51 17 6
51 27 3
51 28 15
51 29 12
51 30 8
51 36 8
51 37 9
51 38 15
51 39 6
51 49 3
51 50 15
51 51 12
51 52 8
51 56 1
51 57 4
51 58 1
51 59 4
52 2 1
52 3 4
52 4 1
52 5 4
52 13 1
52 14 15
52 15 6
52 16 2
52 28 2
52 29 3
52 30 15
52 31 4
52 35 1
52 36 15
52 37 6
52 38 2
52 50 2
52 51 3
52 52 15
52 53 4
52 56 1
52 57 4
52 58 1
52 59 4
53 2 1
53 3 4
53 4 1
53 5 4
53 13 1
53 14 14
53 30 11
53 31 4
53 35 1
53 36 14
53 52 11
53 53 4
53 56 1
53 57 4
53 58 1
53 59 4
54 13 1
54 14 15
54 15 4
54 29 1
54 30 15
54 31 4
54 35 1
54 36 15
54 37 4
54 51 1
54 52 15
54 53 4
54 56 1
54 57 4
54 58 1
54 59 4
55 14 3
55 15 4
55 29 1
55 30 6
55 36 3
55 37 4
55 51 1
55 52 6
55 56 1
55 57 4
55 58 1
55 59 4
56 2 1
56 3 4
56 4 1
56 5 4
56 14 1
56 15 4
56 29 1
56 30 4
56 36 1
56 37 4
56 51 1
56 52 4
56 56 1
56 57 4
56 58 1
56 59 4
57 2 1
57 3 4
57 4 1
57 5 4
57 14 9
57 15 4
57 29 1
57 30 12
57 36 9
57 37 4
57 51 1
57 52 12
57 56 1
57 57 4
57 58 1
57 59 4
58 2 9
58 3 4
58 4 1
58 5 4
58 13 1
58 14 15
58 15 4
58 29 1
58 30 15
58 31 4
58 35 1
58 36 15
58 37 4
58 51 1
58 52 15
58 53 4
58 56 1
58 57 12
58 58 1
58 59 4
59 1 1
59 2 15
59 3 4
59 4 9
59 5 4
59 13 1
59 14 14
59 30 11
59 31 4
59 35 1
59 36 14
59 52 11
59 53 4
59 56 1
59 57 15
59 58 5
59 59 4
60 1 1
60 2 6
60 3 1
60 4 15
60 5 4
60 13 1
60 14 15
60 15 12
60 16 8
60 28 8
60 29 9
60 30 15
60 31 12
60 32 8
60 34 8
60 35 9
60 36 15
60 37 12
60 38 8
60 50 8
60 51 9
60 52 15
60 53 4
60 57 2
60 58 1
60 59 4
61 1 1
61 2 4
61 3 1
61 4 6
61 14 2
61 15 3
61 16 15
61 17 12
61 27 9
61 28 15
61 29 6
61 30 2
61 31 2
61 32 2
61 34 2
61 35 2
61 36 2
61 37 3
61 38 15
61 39 12
61 49 9
61 50 15
61 51 6
61 52 2
61 58 1
61 59 4
62 1 1
62 2 4
62 3 1
62 4 4
62 16 3
62 17 15
62 18 4
62 26 1
62 27 15
62 28 6
62 38 3
62 39 15
62 40 4
62 48 1
62 49 15
62 50 6
62 55 1
62 56 4
63 1 1
63 2 4
63 3 1
63 4 4
63 17 3
63 18 4
63 21 8
63 22 8
63 23 8
63 26 1
63 27 6
63 39 3
63 40 4
63 43 8
63 44 8
63 45 8
63 48 1
63 49 6
63 55 1
63 56 4
