0
36 44 8
36 46 8
36 47 8
36 48 8
36 49 8
36 50 8
36 51 8
36 54 8
36 55 8
36 56 8
36 57 8
36 58 8
36 59 8
36 60 8
37 43 9
37 44 15
37 45 4
37 46 2
37 47 2
37 48 2
37 49 2
37 50 2
37 51 2
37 54 2
37 55 2
37 56 2
37 57 2
37 58 2
37 59 3
37 60 15
37 61 12
38 42 1
38 43 15
38 44 6
38 60 3
38 61 15
38 62 12
39 43 2
39 61 3
39 62 15
39 63 12
40 42 1
40 43 4
40 62 3
40 63 15
41 42 1
41 43 4
41 63 3
42 42 1
42 43 4
42 63 1
43 42 1
43 43 4
43 63 1
44 42 1
44 43 4
44 63 1
45 42 1
45 43 4
45 50 8
45 51 8
45 52 8
45 53 8
45 54 8
45 55 8
45 63 1
46 42 1
46 43 4
46 49 9
46 50 15
46 51 6
46 52 2
46 53 2
46 54 3
46 55 15
46 56 12
46 63 1
47 42 1
47 43 4
47 48 1
47 49 15
47 50 6
47 55 3
47 56 15
47 57 4
47 63 1
48 48 1
48 49 6
48 56 2
48 63 1
49 56 1
49 57 4
49 63 1
50 56 1
50 57 4
50 63 1
51 48 1
51 49 12
51 56 9
51 57 4
51 63 1
52 42 1
52 43 4
52 48 1
52 49 15
52 50 12
52 55 9
52 56 15
52 57 4
52 63 1
53 42 1
53 43 4
53 49 3
53 50 15
53 51 12
53 52 8
53 53 8
53 54 9
53 55 15
53 56 6
53 63 1
54 42 1
54 43 4
54 50 2
54 51 2
54 52 2
54 53 2
54 54 2
54 55 2
54 63 1
55 42 1
55 43 4
55 63 1
56 42 1
56 43 4
56 63 1
57 42 1
57 43 4
57 63 1
58 42 1
58 43 4
58 63 1
59 42 1
59 43 4
59 63 1
60 63 9
61 44 8
61 62 9
61 63 15
62 43 1
62 44 15
62 45 12
62 61 9
62 62 15
62 63 6
63 44 3
63 45 15
63 46 12
63 47 8
63 48 8
63 49 8
63 50 8
63 51 8
63 52 8
63 53 8
63 54 8
63 55 8
63 56 8
63 57 8
63 58 8
63 59 8
63 60 9
63 61 15
63 62 6
