15
4 5 6
4 6 3
4 15 6
4 16 2
4 17 2
4 18 2
4 19 2
4 20 3
5 3 6
5 4 2
5 5 8
5 6 8
5 7 2
5 8 3
5 13 6
5 14 2
5 15 0
5 16 0
5 17 0
5 18 0
5 19 0
5 20 0
5 21 2
5 22 3
6 3 4
6 4 1
6 7 4
6 8 1
6 13 4
6 14 0
6 15 0
6 16 0
6 17 0
6 18 0
6 19 0
6 20 0
6 21 0
6 22 0
6 23 3
7 3 12
7 4 1
7 7 4
7 8 9
7 12 6
7 13 0
7 14 0
7 15 0
7 16 0
7 17 0
7 18 0
7 19 0
7 20 0
7 21 0
7 22 0
7 23 0
7 24 3
8 4 12
8 5 2
8 6 2
8 7 9
8 12 4
8 13 0
8 14 0
8 15 0
8 16 0
8 17 8
8 18 8
8 19 8
8 20 0
8 21 0
8 22 0
8 23 0
8 24 1
9 5 12
9 6 9
9 12 4
9 13 0
9 14 0
9 15 0
9 16 1
9 20 4
9 21 0
9 22 0
9 23 0
9 24 1
10 11 6
10 12 0
10 13 0
10 14 0
10 15 0
10 16 1
10 20 4
10 21 0
10 22 0
10 23 0
10 24 1
11 11 4
11 12 0
11 13 0
11 14 0
11 15 0
11 16 1
11 20 4
11 21 0
11 22 0
11 23 0
11 24 1
12 11 4
12 12 0
12 13 0
12 14 0
12 15 0
12 16 0
12 17 2
12 18 2
12 19 2
12 20 0
12 21 0
12 22 0
12 23 0
12 24 9
13 11 4
13 12 0
13 13 0
13 14 0
13 15 0
13 16 0
13 17 0
13 18 0
13 19 0
13 20 0
13 21 0
13 22 0
13 23 1
14 11 12
14 12 8
14 13 0
14 14 0
14 15 0
14 16 0
14 17 0
14 18 0
14 19 0
14 20 0
14 21 0
14 22 0
14 23 9
15 13 4
15 14 0
15 15 0
15 16 0
15 17 0
15 18 0
15 19 0
15 20 0
15 21 0
15 22 1
16 13 12
16 14 8
16 15 0
16 16 0
16 17 0
16 18 0
16 19 0
16 20 8
16 21 8
16 22 9
17 15 12
17 16 8
17 17 8
17 18 8
17 19 9
17 34 6
17 35 2
17 36 2
17 37 2
17 38 3
17 53 6
17 54 3
18 31 6
18 32 2
18 33 2
18 34 0
18 35 0
18 36 0
18 37 0
18 38 0
18 39 3
18 52 6
18 53 0
18 54 9
19 30 6
19 31 0
19 32 0
19 33 0
19 34 0
19 35 0
19 36 0
19 37 0
19 38 0
19 39 0
19 40 3
19 52 12
19 53 9
20 28 6
20 29 2
20 30 0
20 31 0
20 32 0
20 33 0
20 34 0
20 35 0
20 36 0
20 37 0
20 38 0
20 39 0
20 40 0
20 41 3
21 27 6
21 28 0
21 29 0
21 30 0
21 31 0
21 32 0
21 33 0
21 34 0
21 35 0
21 36 0
21 37 0
21 38 0
21 39 0
21 40 0
21 41 0
21 42 2
21 43 2
21 44 3
22 17 6
22 18 2
22 19 2
22 20 2
22 21 2
22 22 3
22 27 4
22 28 0
22 29 0
22 30 0
22 31 0
22 32 0
22 33 0
22 34 8
22 35 8
22 36 0
22 37 0
22 38 0
22 39 0
22 40 0
22 41 0
22 42 0
22 43 0
22 44 1
23 15 6
23 16 2
23 17 0
23 18 1
23 19 4
23 20 0
23 21 0
23 22 0
23 23 2
23 24 3
23 26 6
23 27 0
23 28 0
23 29 0
23 30 0
23 31 0
23 32 0
23 33 0
23 34 2
23 35 2
23 36 0
23 37 0
23 38 0
23 39 0
23 40 0
23 41 0
23 42 0
23 43 0
23 44 1
24 15 4
24 16 0
24 17 0
24 18 1
24 19 4
24 20 0
24 21 0
24 22 0
24 23 0
24 24 0
24 25 2
24 26 0
24 27 0
24 28 0
24 29 0
24 30 0
24 31 0
24 32 0
24 33 0
24 34 0
24 35 0
24 36 0
24 37 0
24 38 0
24 39 0
24 40 0
24 41 0
24 42 0
24 43 0
24 44 0
24 45 3
25 14 6
25 15 0
25 16 0
25 17 0
25 18 0
25 19 0
25 20 0
25 21 1
25 22 4
25 23 0
25 24 0
25 25 0
25 26 0
25 27 0
25 28 0
25 29 0
25 30 0
25 31 0
25 32 0
25 33 0
25 34 0
25 35 0
25 36 0
25 37 0
25 38 0
25 39 0
25 40 0
25 41 0
25 42 0
25 43 0
25 44 0
25 45 0
25 46 3
26 10 6
26 11 2
26 12 2
26 13 2
26 14 0
26 15 0
26 16 0
26 17 0
26 18 0
26 19 0
26 20 0
26 21 1
26 22 4
26 23 0
26 24 0
26 25 0
26 26 0
26 27 0
26 28 0
26 29 0
26 30 0
26 31 0
26 32 0
26 33 0
26 34 0
26 35 0
26 36 0
26 37 0
26 38 0
26 39 8
26 40 8
26 41 8
26 42 8
26 43 8
26 44 0
26 45 0
26 46 0
26 47 3
27 9 6
27 10 0
27 11 0
27 12 0
27 13 0
27 14 0
27 15 0
27 16 0
27 17 8
27 18 8
27 19 0
27 20 0
27 21 0
27 22 0
27 23 0
27 24 0
27 25 0
27 26 0
27 27 0
27 28 0
27 29 0
27 30 0
27 31 0
27 32 0
27 33 0
27 34 0
27 35 0
27 36 8
27 37 8
27 38 9
27 40 6
27 41 2
27 42 3
27 44 4
27 45 0
27 46 0
27 47 0
27 48 2
27 49 3
28 8 6
28 9 0
28 10 0
28 11 0
28 12 0
28 13 9
28 14 4
28 15 0
28 16 0
28 17 2
28 18 2
28 19 0
28 20 0
28 21 0
28 22 0
28 23 0
28 24 0
28 25 0
28 26 0
28 27 0
28 28 0
28 29 0
28 30 0
28 31 8
28 32 8
28 33 8
28 34 8
28 35 9
28 37 6
28 38 2
28 39 2
28 40 0
28 41 0
28 42 0
28 43 3
28 44 4
28 45 0
28 46 0
28 47 0
28 48 0
28 49 0
28 50 3
29 7 6
29 8 0
29 9 0
29 10 0
29 11 8
29 12 9
29 14 4
29 15 0
29 16 0
29 17 0
29 18 0
29 19 0
29 20 1
29 21 4
29 22 0
29 23 0
29 24 0
29 25 0
29 26 0
29 27 0
29 28 0
29 29 0
29 30 1
29 32 6
29 33 2
29 34 2
29 35 2
29 36 2
29 37 0
29 38 0
29 39 0
29 40 0
29 41 0
29 42 0
29 43 1
29 44 4
29 45 0
29 46 0
29 47 0
29 48 0
29 49 0
29 50 1
30 7 4
30 8 0
30 9 0
30 10 0
30 11 2
30 12 2
30 13 2
30 14 0
30 15 0
30 16 0
30 17 0
30 18 0
30 19 0
30 20 1
30 21 4
30 22 0
30 23 0
30 24 0
30 25 0
30 26 0
30 27 0
30 28 0
30 29 0
30 30 9
30 31 6
30 32 0
30 33 0
30 34 0
30 35 0
30 36 0
30 37 0
30 38 0
30 39 0
30 40 0
30 41 0
30 42 0
30 43 1
30 44 4
30 45 0
30 46 0
30 47 0
30 48 0
30 49 0
30 50 0
30 51 3
31 7 4
31 8 0
31 9 0
31 10 0
31 11 0
31 12 0
31 13 0
31 14 8
31 15 8
31 16 8
31 17 8
31 18 8
31 19 0
31 20 0
31 21 0
31 22 0
31 23 0
31 24 0
31 25 0
31 26 8
31 27 8
31 28 8
31 29 9
31 31 4
31 32 0
31 33 0
31 34 0
31 35 0
31 36 8
31 37 8
31 38 8
31 39 8
31 40 0
31 41 0
31 42 0
31 43 9
31 44 4
31 45 0
31 46 0
31 47 0
31 48 0
31 49 0
31 50 0
31 51 0
31 52 3
32 6 6
32 7 0
32 8 0
32 9 0
32 10 0
32 11 0
32 12 0
32 13 1
32 15 6
32 16 2
32 17 3
32 19 4
32 20 0
32 21 0
32 22 0
32 23 0
32 24 0
32 25 0
32 26 2
32 27 2
32 28 2
32 29 2
32 30 2
32 31 0
32 32 0
32 33 0
32 34 0
32 35 1
32 37 6
32 38 3
32 40 12
32 41 8
32 42 9
32 44 4
32 45 0
32 46 0
32 47 8
32 48 8
32 49 0
32 50 0
32 51 0
32 52 1
33 6 4
33 7 0
33 8 0
33 9 0
33 10 0
33 11 0
33 12 0
33 13 1
33 14 6
33 15 0
33 16 0
33 17 0
33 18 3
33 19 4
33 20 0
33 21 0
33 22 0
33 23 0
33 24 9
33 25 4
33 26 0
33 27 0
33 28 0
33 29 0
33 30 0
33 31 0
33 32 0
33 33 0
33 34 0
33 35 1
33 36 6
33 37 0
33 38 0
33 39 2
33 40 2
33 41 2
33 42 2
33 43 2
33 44 0
33 45 0
33 46 1
33 48 6
33 49 0
33 50 0
33 51 0
33 52 1
34 6 4
34 7 0
34 8 0
34 9 0
34 10 0
34 11 0
34 12 0
34 13 1
34 14 4
34 15 0
34 16 0
34 17 0
34 18 1
34 19 4
34 20 0
34 21 0
34 22 0
34 23 1
34 25 4
34 26 0
34 27 0
34 28 0
34 29 0
34 30 0
34 31 0
34 32 0
34 33 0
34 34 0
34 35 1
34 36 4
34 37 0
34 38 0
34 39 0
34 40 0
34 41 0
34 42 0
34 43 0
34 44 0
34 45 0
34 46 1
34 47 6
34 48 0
34 49 0
34 50 0
34 51 0
34 52 1
35 5 6
35 6 0
35 7 0
35 8 8
35 9 8
35 10 0
35 11 0
35 12 0
35 13 1
35 14 12
35 15 0
35 16 0
35 17 0
35 18 9
35 19 4
35 20 0
35 21 0
35 22 0
35 23 1
35 24 6
35 25 0
35 26 0
35 27 0
35 28 0
35 29 0
35 30 0
35 31 0
35 32 0
35 33 0
35 34 0
35 35 1
35 36 12
35 37 0
35 38 0
35 39 0
35 40 0
35 41 0
35 42 0
35 43 0
35 44 0
35 45 0
35 46 1
35 47 4
35 48 0
35 49 0
35 50 0
35 51 0
35 52 1
36 5 4
36 6 0
36 7 0
36 8 3
36 10 4
36 11 0
36 12 0
36 13 1
36 15 12
36 16 8
36 17 9
36 19 4
36 20 0
36 21 0
36 22 0
36 23 1
36 24 12
36 25 8
36 26 8
36 27 8
36 28 8
36 29 8
36 30 0
36 31 0
36 32 0
36 33 0
36 34 0
36 35 1
36 37 4
36 38 0
36 39 0
36 40 0
36 41 0
36 42 0
36 43 0
36 44 0
36 45 0
36 46 0
36 47 0
36 48 0
36 49 0
36 50 0
36 51 0
36 52 9
37 5 4
37 6 0
37 7 0
37 8 0
37 9 3
37 10 4
37 11 0
37 12 0
37 13 0
37 14 2
37 15 2
37 16 2
37 17 2
37 18 2
37 19 0
37 20 0
37 21 0
37 22 0
37 23 1
37 26 14
37 27 10
37 28 11
37 30 12
37 31 0
37 32 0
37 33 0
37 34 0
37 35 0
37 36 3
37 37 4
37 38 0
37 39 0
37 40 0
37 41 0
37 42 0
37 43 0
37 44 0
37 45 0
37 46 0
37 47 0
37 48 0
37 49 0
37 50 0
37 51 1
38 4 6
38 5 0
38 6 0
38 7 0
38 8 0
38 9 9
38 10 4
38 11 0
38 12 0
38 13 0
38 14 0
38 15 0
38 16 0
38 17 0
38 18 0
38 19 0
38 20 0
38 21 0
38 22 0
38 23 0
38 24 2
38 25 2
38 26 2
38 27 2
38 28 2
38 29 2
38 30 3
38 31 12
38 32 0
38 33 0
38 34 0
38 35 0
38 36 9
38 37 4
38 38 0
38 39 0
38 40 0
38 41 0
38 42 0
38 43 0
38 44 0
38 45 0
38 46 0
38 47 0
38 48 0
38 49 0
38 50 8
38 51 9
39 4 12
39 5 0
39 6 0
39 7 0
39 8 9
39 10 4
39 11 0
39 12 0
39 13 0
39 14 0
39 15 0
39 16 0
39 17 0
39 18 0
39 19 0
39 20 0
39 21 0
39 22 0
39 23 0
39 24 0
39 25 0
39 26 0
39 27 0
39 28 0
39 29 0
39 30 1
39 32 12
39 33 8
39 34 8
39 35 9
39 37 4
39 38 0
39 39 0
39 40 0
39 41 0
39 42 0
39 43 0
39 44 0
39 45 0
39 46 0
39 47 0
39 48 0
39 49 9
40 5 4
40 6 0
40 7 0
40 8 2
40 9 2
40 10 0
40 11 0
40 12 0
40 13 0
40 14 8
40 15 8
40 16 8
40 17 8
40 18 8
40 19 0
40 20 0
40 21 0
40 22 0
40 23 0
40 24 0
40 25 0
40 26 0
40 27 0
40 28 0
40 29 0
40 30 0
40 31 2
40 32 2
40 33 2
40 34 2
40 35 2
40 36 2
40 37 0
40 38 0
40 39 0
40 40 0
40 41 0
40 42 0
40 43 0
40 44 0
40 45 0
40 46 0
40 47 0
40 48 9
41 5 4
41 6 0
41 7 0
41 8 0
41 9 0
41 10 0
41 11 0
41 12 8
41 13 9
41 15 6
41 16 2
41 17 3
41 19 4
41 20 0
41 21 0
41 22 0
41 23 0
41 24 0
41 25 0
41 26 0
41 27 0
41 28 0
41 29 0
41 30 0
41 31 0
41 32 0
41 33 0
41 34 0
41 35 0
41 36 0
41 37 0
41 38 0
41 39 0
41 40 0
41 41 0
41 42 0
41 43 0
41 44 0
41 45 0
41 46 0
41 47 9
42 5 12
42 6 0
42 7 0
42 8 0
42 9 0
42 10 0
42 11 1
42 13 6
42 14 2
42 15 0
42 16 0
42 17 0
42 18 3
42 19 4
42 20 0
42 21 0
42 22 0
42 23 0
42 24 0
42 25 0
42 26 0
42 27 0
42 28 0
42 29 0
42 30 0
42 31 0
42 32 0
42 33 0
42 34 0
42 35 0
42 36 0
42 37 0
42 38 0
42 39 0
42 40 0
42 41 0
42 42 0
42 43 0
42 44 0
42 45 0
42 46 9
43 6 4
43 7 0
43 8 0
43 9 0
43 10 0
43 11 1
43 12 6
43 13 0
43 14 0
43 15 0
43 16 0
43 17 0
43 18 1
43 19 4
43 20 0
43 21 0
43 22 0
43 23 0
43 24 0
43 25 0
43 26 0
43 27 0
43 28 0
43 29 0
43 30 0
43 31 0
43 32 0
43 33 0
43 34 0
43 35 0
43 36 0
43 37 0
43 38 0
43 39 0
43 40 0
43 41 0
43 42 0
43 43 8
43 44 8
43 45 9
44 6 4
44 7 0
44 8 0
44 9 0
44 10 0
44 11 0
44 12 0
44 13 0
44 14 0
44 15 0
44 16 0
44 17 0
44 18 1
44 19 4
44 20 0
44 21 0
44 22 0
44 23 0
44 24 0
44 25 0
44 26 0
44 27 0
44 28 0
44 29 0
44 30 0
44 31 0
44 32 0
44 33 0
44 34 0
44 35 0
44 36 0
44 37 0
44 38 0
44 39 0
44 40 0
44 41 0
44 42 9
45 6 12
45 7 8
45 8 0
45 9 0
45 10 0
45 11 1
45 12 4
45 13 0
45 14 0
45 15 0
45 16 0
45 17 0
45 18 1
45 19 12
45 20 0
45 21 0
45 22 0
45 23 0
45 24 0
45 25 0
45 26 0
45 27 0
45 28 0
45 29 0
45 30 0
45 31 0
45 32 0
45 33 0
45 34 0
45 35 0
45 36 0
45 37 0
45 38 0
45 39 0
45 40 0
45 41 9
46 8 12
46 9 0
46 10 0
46 11 1
46 12 12
46 13 0
46 14 0
46 15 0
46 16 0
46 17 0
46 18 1
46 20 12
46 21 8
46 22 0
46 23 0
46 24 0
46 25 0
46 26 0
46 27 0
46 28 0
46 29 8
46 30 8
46 31 8
46 32 8
46 33 0
46 34 0
46 35 0
46 36 0
46 37 0
46 38 0
46 39 0
46 40 1
47 9 4
47 10 0
47 11 1
47 13 4
47 14 0
47 15 0
47 16 0
47 17 0
47 18 0
47 19 2
47 20 3
47 22 4
47 23 0
47 24 0
47 25 0
47 26 0
47 27 0
47 28 1
47 30 6
47 31 3
47 33 4
47 34 0
47 35 0
47 36 0
47 37 0
47 38 0
47 39 0
47 40 1
47 49 6
47 50 3
48 9 4
48 10 0
48 11 0
48 12 3
48 13 4
48 14 0
48 15 0
48 16 0
48 17 0
48 18 0
48 19 0
48 20 0
48 21 3
48 22 4
48 23 0
48 24 0
48 25 0
48 26 0
48 27 0
48 28 1
48 29 6
48 30 0
48 31 0
48 32 3
48 33 4
48 34 0
48 35 0
48 36 0
48 37 0
48 38 0
48 39 0
48 40 1
48 49 12
48 50 9
49 9 4
49 10 0
49 11 0
49 12 1
49 13 4
49 14 0
49 15 0
49 16 0
49 17 0
49 18 0
49 19 0
49 20 0
49 21 1
49 22 12
49 23 0
49 24 0
49 25 0
49 26 0
49 27 0
49 28 1
49 29 12
49 30 0
49 31 0
49 32 0
49 33 0
49 34 0
49 35 0
49 36 0
49 37 0
49 38 0
49 39 0
49 40 0
49 41 3
50 9 12
50 10 0
50 11 0
50 12 1
50 13 4
50 14 0
50 15 0
50 16 0
50 17 0
50 18 0
50 19 0
50 20 0
50 21 1
50 23 4
50 24 0
50 25 0
50 26 8
50 27 0
50 28 1
50 30 12
50 31 0
50 32 0
50 33 0
50 34 0
50 35 0
50 36 0
50 37 0
50 38 0
50 39 0
50 40 0
50 41 1
50 54 6
50 55 3
51 10 4
51 11 0
51 12 1
51 13 12
51 14 0
51 15 0
51 16 0
51 17 0
51 18 0
51 19 0
51 20 0
51 21 0
51 22 3
51 23 4
51 24 0
51 25 0
51 26 2
51 27 0
51 28 0
51 29 2
51 30 2
51 31 0
51 32 0
51 33 0
51 34 0
51 35 0
51 36 0
51 37 0
51 38 0
51 39 0
51 40 0
51 41 0
51 42 2
51 43 3
51 54 4
51 55 9
52 10 4
52 11 0
52 12 1
52 14 12
52 15 8
52 16 8
52 17 8
52 18 0
52 19 0
52 20 0
52 21 0
52 22 1
52 23 4
52 24 1
52 25 4
52 26 0
52 27 0
52 28 0
52 29 0
52 30 0
52 31 0
52 32 0
52 33 0
52 34 0
52 35 0
52 36 0
52 37 0
52 38 0
52 39 0
52 40 0
52 41 0
52 42 0
52 43 0
52 44 2
52 45 3
52 54 13
53 10 12
53 11 0
53 12 0
53 13 2
53 14 2
53 15 2
53 16 3
53 18 12
53 19 8
53 20 0
53 21 0
53 22 9
53 23 4
53 24 0
53 25 0
53 26 0
53 27 0
53 28 0
53 29 0
53 30 0
53 31 0
53 32 0
53 33 0
53 34 0
53 35 0
53 36 0
53 37 0
53 38 0
53 39 0
53 40 1
53 41 4
53 42 0
53 43 0
53 44 0
53 45 0
53 46 3
54 11 12
54 12 0
54 13 0
54 14 0
54 15 0
54 16 0
54 17 2
54 18 3
54 20 12
54 21 9
54 23 4
54 24 0
54 25 0
54 26 0
54 27 0
54 28 0
54 29 0
54 30 0
54 31 0
54 32 0
54 33 0
54 34 0
54 35 0
54 36 0
54 37 0
54 38 0
54 39 0
54 40 9
54 41 4
54 42 0
54 43 0
54 44 0
54 45 0
54 46 1
55 12 4
55 13 0
55 14 0
55 15 0
55 16 0
55 17 0
55 18 0
55 19 2
55 20 2
55 21 2
55 22 2
55 23 0
55 24 0
55 25 0
55 26 0
55 27 0
55 28 0
55 29 0
55 30 0
55 31 0
55 32 0
55 33 0
55 34 0
55 35 0
55 36 0
55 37 0
55 38 0
55 39 9
55 41 4
55 42 0
55 43 0
55 44 0
55 45 0
55 46 0
55 47 3
56 10 6
56 11 2
56 12 0
56 13 0
56 14 0
56 15 8
56 16 8
56 17 0
56 18 0
56 19 0
56 20 0
56 21 0
56 22 0
56 23 0
56 24 0
56 25 0
56 26 0
56 27 0
56 28 0
56 29 0
56 30 0
56 31 0
56 32 0
56 33 0
56 34 0
56 35 0
56 36 0
56 37 0
56 38 0
56 39 2
56 40 2
56 41 0
56 42 0
56 43 0
56 44 0
56 45 0
56 46 0
56 47 0
56 48 3
57 10 4
57 11 0
57 12 0
57 13 0
57 14 0
57 15 2
57 16 2
57 17 0
57 18 0
57 19 0
57 20 0
57 21 0
57 22 0
57 23 0
57 24 0
57 25 0
57 26 0
57 27 0
57 28 0
57 29 0
57 30 8
57 31 8
57 32 8
57 33 0
57 34 0
57 35 0
57 36 0
57 37 0
57 38 0
57 39 0
57 40 0
57 41 0
57 42 0
57 43 0
57 44 0
57 45 0
57 46 0
57 47 0
57 48 0
57 49 3
58 9 6
58 10 0
58 11 0
58 12 0
58 13 0
58 14 0
58 15 0
58 16 0
58 17 0
58 18 0
58 19 1
58 20 4
58 21 0
58 22 0
58 23 0
58 24 0
58 25 0
58 26 0
58 27 0
58 28 8
58 29 9
58 33 12
58 34 0
58 35 0
58 36 0
58 37 0
58 38 0
58 39 0
58 40 0
58 41 0
58 42 0
58 43 0
58 44 0
58 45 0
58 46 8
58 47 8
58 48 8
58 49 8
58 50 3
59 8 6
59 9 0
59 10 0
59 11 0
59 12 0
59 13 0
59 14 0
59 15 0
59 16 0
59 17 0
59 18 0
59 19 1
59 20 12
59 21 0
59 22 0
59 23 0
59 24 0
59 25 0
59 26 8
59 27 9
59 34 12
59 35 0
59 36 0
59 37 0
59 38 0
59 39 0
59 40 0
59 41 0
59 42 0
59 43 0
59 44 0
59 45 1
59 47 6
59 48 3
59 50 4
59 51 3
60 6 6
60 7 2
60 8 0
60 9 0
60 10 0
60 11 0
60 12 0
60 13 0
60 14 0
60 15 0
60 16 0
60 17 0
60 18 0
60 19 1
60 21 12
60 22 0
60 23 0
60 24 0
60 25 9
60 35 12
60 36 8
60 37 0
60 38 0
60 39 0
60 40 0
60 41 0
60 42 0
60 43 0
60 44 0
60 45 1
60 46 6
60 47 0
60 48 0
60 49 3
60 50 4
60 51 0
60 52 3
60 55 6
60 56 2
60 57 3
61 6 4
61 7 0
61 8 0
61 9 0
61 10 0
61 11 0
61 12 0
61 13 0
61 14 0
61 15 0
61 16 0
61 17 0
61 18 0
61 19 0
61 20 2
61 21 2
61 22 0
61 23 0
61 24 9
61 37 12
61 38 0
61 39 0
61 40 0
61 41 0
61 42 0
61 43 0
61 44 0
61 45 0
61 46 0
61 47 0
61 48 0
61 49 1
61 50 4
61 51 8
61 52 8
61 53 10
61 54 10
61 55 8
61 56 0
61 57 0
61 58 3
62 6 4
62 7 0
62 8 0
62 9 0
62 10 0
62 11 0
62 12 0
62 13 0
62 14 0
62 15 0
62 16 0
62 17 0
62 18 0
62 19 0
62 20 0
62 21 0
62 22 0
62 23 9
62 38 4
62 39 0
62 40 0
62 41 0
62 42 1
62 43 12
62 44 0
62 45 0
62 46 0
62 47 0
62 48 0
62 49 0
62 50 0
62 51 2
62 52 2
62 53 2
62 54 3
62 56 4
62 57 0
62 58 1
63 5 6
63 6 0
63 7 0
63 8 0
63 9 0
63 10 0
63 11 0
63 12 0
63 13 0
63 14 0
63 15 0
63 16 0
63 17 0
63 18 0
63 19 0
63 20 0
63 21 0
63 22 1
63 38 4
63 39 0
63 40 0
63 41 0
63 42 1
63 44 4
63 45 0
63 46 0
63 47 0
63 48 0
63 49 0
63 50 0
63 51 0
63 52 0
63 53 0
63 54 0
63 55 2
63 56 0
63 57 0
63 58 1
