0
0 9 8
0 10 8
0 11 9
0 12 15
0 13 6
0 14 3
0 15 15
0 16 12
0 17 8
0 18 9
0 19 4
1 7 8
1 8 9
1 9 15
1 10 6
1 11 2
1 12 2
1 15 3
1 16 6
1 17 2
1 18 3
1 19 4
1 36 8
1 37 8
1 38 8
1 39 8
2 6 1
2 7 15
2 8 6
2 9 2
2 15 1
2 16 12
2 18 1
2 19 4
2 22 8
2 23 8
2 24 8
2 35 1
2 36 6
2 37 2
2 38 2
2 39 3
2 40 4
2 44 8
2 45 8
2 46 8
3 6 1
3 7 6
3 15 1
3 16 15
3 17 4
3 18 9
3 19 4
3 21 1
3 22 6
3 23 2
3 24 3
3 25 4
3 35 1
3 36 4
3 39 1
3 40 4
3 43 1
3 44 6
3 45 2
3 46 3
3 47 4
4 16 2
4 18 2
4 21 1
4 22 4
4 35 1
4 36 4
4 39 1
4 40 4
4 43 1
4 44 4
5 21 1
5 22 4
5 24 1
5 25 4
5 35 1
5 36 4
5 39 1
5 40 4
5 43 1
5 44 4
5 46 1
5 47 4
5 51 8
5 55 8
5 56 8
6 21 1
6 22 4
6 24 1
6 25 4
6 36 8
6 37 8
6 38 8
6 39 9
6 40 4
6 46 1
6 47 4
6 50 1
6 51 6
6 55 2
6 56 3
6 57 4
7 24 1
7 25 4
7 36 2
7 37 2
7 38 2
7 39 2
7 44 8
7 45 8
7 46 1
7 47 4
7 50 1
7 51 4
7 56 1
7 57 4
8 22 8
8 23 8
8 44 2
8 45 2
8 50 1
8 51 12
8 52 8
8 55 8
8 56 9
8 57 4
9 22 2
9 23 2
9 50 1
9 51 6
9 52 2
9 55 2
9 56 3
9 57 4
10 4 8
10 5 8
10 50 1
10 51 4
10 56 1
10 57 4
11 3 1
11 4 15
11 5 6
11 50 1
11 51 12
11 52 8
11 53 8
11 54 8
11 56 9
11 57 4
12 3 9
12 4 6
12 51 2
12 52 2
12 53 2
12 54 2
12 56 2
13 2 1
13 3 15
13 4 4
14 2 1
14 3 6
15 2 9
15 3 4
16 1 1
16 2 15
16 3 4
17 1 1
17 2 6
18 1 1
18 2 4
19 1 1
19 2 4
20 1 9
20 2 4
21 0 1
21 1 15
21 2 4
22 0 1
22 1 6
22 7 1
22 8 4
23 0 1
23 1 4
23 7 1
23 8 4
24 0 1
24 1 12
24 4 8
24 5 8
24 6 8
24 7 9
24 8 4
25 0 1
25 1 15
25 2 4
25 4 2
25 5 2
25 6 2
25 7 2
26 1 3
26 2 4
27 1 1
27 2 4
28 1 9
28 2 4
29 0 1
29 1 15
29 2 4
30 0 9
30 1 6
31 0 15
31 1 4
32 0 6
33 0 12
34 0 15
34 1 4
35 0 3
35 1 12
36 0 1
36 1 15
36 2 4
37 1 2
38 1 9
38 2 4
39 0 1
39 1 15
39 2 4
40 0 1
40 1 6
41 0 1
41 1 4
42 0 1
42 1 12
43 0 1
43 1 15
43 2 4
44 1 11
44 2 4
45 0 1
45 1 15
45 2 4
46 0 9
46 1 6
47 0 15
47 1 4
48 0 6
49 0 12
50 0 15
50 1 4
51 0 3
51 1 4
52 0 9
52 1 4
53 0 15
53 1 4
54 0 6
55 0 4
56 0 4
57 0 4
58 0 12
59 0 15
59 1 4
60 0 11
60 1 4
61 0 15
61 1 4
62 0 6
63 0 4
