15
0 4 4
0 5 0
0 6 0
0 7 0
0 8 0
0 9 0
0 10 0
0 11 0
0 12 0
0 13 0
0 14 0
0 15 0
0 16 0
0 17 0
0 18 0
0 19 0
0 20 0
0 21 1
0 38 4
0 39 0
0 40 0
0 41 0
0 42 0
0 43 0
0 44 0
0 45 0
0 46 0
0 47 0
0 48 0
0 49 0
0 50 0
0 51 0
0 52 0
0 53 0
0 54 0
0 55 0
0 56 0
0 57 0
0 58 9
1 4 4
1 5 0
1 6 0
1 7 0
1 8 1
1 9 4
1 10 0
1 11 0
1 12 0
1 13 0
1 14 0
1 15 0
1 16 0
1 17 0
1 18 0
1 19 0
1 20 0
1 21 1
1 38 4
1 39 0
1 40 0
1 41 0
1 42 0
1 43 0
1 44 0
1 45 0
1 46 0
1 47 8
1 48 8
1 49 0
1 50 0
1 51 0
1 52 0
1 53 0
1 54 0
1 55 0
1 56 0
1 57 9
2 4 12
2 5 0
2 6 0
2 7 0
2 8 1
2 9 12
2 10 0
2 11 0
2 12 0
2 13 0
2 14 8
2 15 0
2 16 0
2 17 0
2 18 0
2 19 0
2 20 0
2 21 0
2 22 3
2 37 6
2 38 0
2 39 0
2 40 0
2 41 0
2 42 0
2 43 0
2 44 0
2 45 0
2 46 0
2 47 2
2 48 2
2 49 0
2 50 0
2 51 0
2 52 0
2 53 0
2 54 0
2 55 8
2 56 9
3 5 4
3 6 0
3 7 0
3 8 1
3 10 12
3 11 0
3 12 0
3 13 1
3 15 12
3 16 8
3 17 0
3 18 0
3 19 0
3 20 0
3 21 0
3 22 0
3 23 3
3 37 4
3 38 0
3 39 0
3 40 0
3 41 0
3 42 0
3 43 0
3 44 0
3 45 0
3 46 0
3 47 0
3 48 0
3 49 0
3 50 0
3 51 0
3 52 0
3 53 0
3 54 9
4 5 12
4 6 0
4 7 0
4 8 0
4 9 2
4 10 2
4 11 0
4 12 0
4 13 0
4 14 2
4 15 2
4 16 2
4 17 1
4 18 12
4 19 0
4 20 0
4 21 0
4 22 0
4 23 1
4 36 6
4 37 0
4 38 0
4 39 0
4 40 0
4 41 0
4 42 8
4 43 8
4 44 8
4 45 0
4 46 0
4 47 0
4 48 0
4 49 0
4 50 0
4 51 0
4 52 0
4 53 9
5 6 12
5 7 0
5 8 0
5 9 0
5 10 0
5 11 0
5 12 0
5 13 0
5 14 0
5 15 0
5 16 0
5 17 1
5 19 12
5 20 8
5 21 0
5 22 0
5 23 0
5 24 3
5 31 6
5 32 3
5 35 6
5 36 0
5 37 0
5 38 0
5 39 0
5 40 8
5 41 9
5 45 12
5 46 0
5 47 0
5 48 1
5 49 4
5 50 0
5 51 0
5 52 1
6 7 12
6 8 0
6 9 0
6 10 0
6 11 0
6 12 0
6 13 0
6 14 0
6 15 0
6 16 0
6 17 0
6 18 2
6 19 2
6 20 2
6 21 0
6 22 0
6 23 0
6 24 0
6 25 3
6 31 12
6 32 9
6 35 4
6 36 0
6 37 0
6 38 0
6 39 9
6 46 12
6 47 0
6 48 0
6 49 0
6 50 0
6 51 0
6 52 1
7 8 4
7 9 0
7 10 0
7 11 0
7 12 0
7 13 0
7 14 0
7 15 0
7 16 0
7 17 0
7 18 0
7 19 0
7 20 0
7 21 0
7 22 0
7 23 0
7 24 0
7 25 0
7 26 3
7 34 6
7 35 0
7 36 0
7 37 0
7 38 9
7 47 4
7 48 0
7 49 0
7 50 0
7 51 0
7 52 9
8 8 12
8 9 8
8 10 0
8 11 0
8 12 0
8 13 0
8 14 0
8 15 0
8 16 0
8 17 0
8 18 0
8 19 0
8 20 0
8 21 1
8 22 4
8 23 0
8 24 0
8 25 0
8 26 0
8 27 3
8 33 6
8 34 0
8 35 0
8 36 0
8 37 9
8 47 12
8 48 0
8 49 0
8 50 0
8 51 1
9 10 12
9 11 0
9 12 0
9 13 0
9 14 0
9 15 0
9 16 0
9 17 0
9 18 0
9 19 0
9 20 0
9 21 0
9 22 0
9 23 0
9 24 0
9 25 8
9 26 8
9 27 9
9 32 6
9 33 0
9 34 0
9 35 0
9 36 1
9 48 4
9 49 0
9 50 0
9 51 1
10 11 12
10 12 8
10 13 0
10 14 0
10 15 0
10 16 0
10 17 0
10 18 0
10 19 0
10 20 0
10 21 0
10 22 0
10 23 0
10 24 9
10 32 12
10 33 0
10 34 0
10 35 0
10 36 1
10 48 12
10 49 0
10 50 0
10 51 9
11 13 12
11 14 8
11 15 0
11 16 0
11 17 0
11 18 0
11 19 0
11 20 0
11 21 0
11 22 0
11 23 9
11 33 12
11 34 0
11 35 0
11 36 9
11 49 12
11 50 1
12 15 12
12 16 8
12 17 8
12 18 8
12 19 0
12 20 0
12 21 0
12 22 9
12 34 4
12 35 1
12 50 5
13 19 12
13 20 8
13 21 9
13 34 4
13 35 9
13 50 13
14 34 5
15 34 13
