15
0 44 4
0 45 0
0 46 0
0 47 0
0 48 0
0 49 0
0 50 0
0 51 0
0 52 0
0 53 0
0 54 0
0 55 0
0 56 0
0 57 0
0 58 0
0 59 0
0 60 0
0 61 0
0 62 0
0 63 0
1 43 6
1 44 0
1 45 0
1 46 0
1 47 0
1 48 0
1 49 0
1 50 0
1 51 0
1 52 0
1 53 0
1 54 0
1 55 0
1 56 0
1 57 0
1 58 0
1 59 0
1 60 0
1 61 0
1 62 0
1 63 0
2 42 6
2 43 0
2 44 0
2 45 0
2 46 0
2 47 0
2 48 0
2 49 0
2 50 0
2 51 0
2 52 0
2 53 0
2 54 0
2 55 0
2 56 0
2 57 0
2 58 0
2 59 0
2 60 0
2 61 0
2 62 0
2 63 0
3 40 6
3 41 2
3 42 0
3 43 0
3 44 0
3 45 0
3 46 0
3 47 0
3 48 0
3 49 0
3 50 0
3 51 0
3 52 0
3 53 0
3 54 0
3 55 0
3 56 0
3 57 0
3 58 0
3 59 0
3 60 0
3 61 0
3 62 0
3 63 0
4 40 4
4 41 0
4 42 0
4 43 0
4 44 0
4 45 0
4 46 0
4 47 0
4 48 0
4 49 0
4 50 0
4 51 0
4 52 0
4 53 0
4 54 0
4 55 0
4 56 0
4 57 0
4 58 0
4 59 0
4 60 0
4 61 0
4 62 0
4 63 0
5 39 6
5 40 0
5 41 0
5 42 0
5 43 0
5 44 0
5 45 0
5 46 0
5 47 0
5 48 0
5 49 0
5 50 0
5 51 0
5 52 0
5 53 0
5 54 0
5 55 0
5 56 0
5 57 0
5 58 0
5 59 0
5 60 0
5 61 0
5 62 0
5 63 0
6 21 6
6 22 2
6 23 3
6 37 6
6 38 2
6 39 0
6 40 0
6 41 0
6 42 0
6 43 0
6 44 0
6 45 0
6 46 0
6 47 0
6 48 0
6 49 0
6 50 0
6 51 0
6 52 0
6 53 0
6 54 0
6 55 0
6 56 0
6 57 0
6 58 0
6 59 0
6 60 0
6 61 0
6 62 0
6 63 0
7 21 4
7 22 0
7 23 1
7 37 4
7 38 0
7 39 0
7 40 0
7 41 0
7 42 0
7 43 0
7 44 0
7 45 0
7 46 0
7 47 0
7 48 0
7 49 0
7 50 0
7 51 0
7 52 0
7 53 0
7 54 0
7 55 0
7 56 0
7 57 0
7 58 0
7 59 0
7 60 0
7 61 0
7 62 0
7 63 0
8 21 12
8 22 0
8 23 0
8 24 3
8 36 6
8 37 0
8 38 0
8 39 0
8 40 0
8 41 0
8 42 0
8 43 0
8 44 0
8 45 0
8 46 0
8 47 0
8 48 0
8 49 0
8 50 0
8 51 0
8 52 0
8 53 0
8 54 0
8 55 0
8 56 0
8 57 0
8 58 0
8 59 0
8 60 0
8 61 0
8 62 0
8 63 0
9 22 4
9 23 0
9 24 1
9 33 14
9 34 3
9 36 4
9 37 0
9 38 0
9 39 0
9 40 0
9 41 0
9 42 0
9 43 0
9 44 0
9 45 0
9 46 0
9 47 0
9 48 0
9 49 0
9 50 0
9 51 0
9 52 0
9 53 0
9 54 0
9 55 0
9 56 0
9 57 0
9 58 0
9 59 0
9 60 0
9 61 0
9 62 0
9 63 0
10 22 12
10 23 8
10 24 8
10 25 2
10 26 3
10 29 6
10 30 3
10 34 12
10 35 2
10 36 0
10 37 0
10 38 0
10 39 0
10 40 0
10 41 0
10 42 0
10 43 0
10 44 0
10 45 0
10 46 0
10 47 0
10 48 0
10 49 0
10 50 0
10 51 0
10 52 0
10 53 0
10 54 0
10 55 0
10 56 0
10 57 0
10 58 0
10 59 0
10 60 0
10 61 0
10 62 0
10 63 0
11 21 7
11 25 4
11 26 0
11 27 2
11 28 10
11 29 8
11 30 0
11 31 3
11 35 4
11 36 0
11 37 0
11 38 0
11 39 0
11 40 0
11 41 0
11 42 0
11 43 0
11 44 0
11 45 0
11 46 0
11 47 0
11 48 0
11 49 0
11 50 0
11 51 8
11 52 8
11 53 8
11 54 8
11 55 8
11 56 8
11 57 8
11 58 0
11 59 8
11 60 8
11 61 8
11 62 0
11 63 0
12 19 6
12 20 2
12 21 0
12 22 3
12 25 4
12 26 0
12 27 9
12 30 12
12 31 0
12 32 3
12 35 4
12 36 0
12 37 0
12 38 0
12 39 0
12 40 0
12 41 0
12 42 0
12 43 0
12 44 0
12 45 0
12 46 0
12 47 0
12 48 0
12 49 0
12 50 1
12 52 6
12 53 10
12 54 10
12 55 10
12 56 10
12 57 10
12 58 8
12 59 2
12 60 3
12 62 4
12 63 0
13 19 4
13 20 0
13 21 0
13 22 0
13 23 10
13 24 2
13 25 0
13 26 1
13 31 4
13 32 9
13 34 6
13 35 8
13 36 0
13 37 0
13 38 0
13 39 0
13 40 0
13 41 0
13 42 0
13 43 0
13 44 0
13 45 0
13 46 0
13 47 0
13 48 0
13 49 0
13 50 1
13 51 6
13 52 1
13 53 6
13 54 2
13 55 2
13 56 2
13 57 2
13 58 3
13 59 4
13 60 0
13 61 3
13 62 12
13 63 0
14 19 4
14 20 0
14 21 8
14 22 9
14 24 12
14 25 8
14 26 9
14 31 5
14 33 14
14 34 9
14 36 12
14 37 0
14 38 0
14 39 0
14 40 0
14 41 0
14 42 0
14 43 0
14 44 0
14 45 0
14 46 0
14 47 0
14 48 0
14 49 0
14 50 1
14 51 4
14 52 1
14 53 4
14 54 0
14 55 8
14 56 8
14 57 8
14 58 9
14 59 4
14 60 0
14 61 1
14 63 12
15 14 6
15 15 2
15 16 3
15 19 4
15 20 9
15 30 6
15 31 0
15 32 3
15 37 12
15 38 0
15 39 0
15 40 0
15 41 0
15 42 0
15 43 0
15 44 0
15 45 0
15 46 0
15 47 0
15 48 0
15 49 0
15 50 1
15 51 4
15 52 1
15 53 4
15 54 1
15 56 6
15 57 2
15 58 2
15 59 0
15 60 0
15 61 0
15 62 3
16 14 4
16 15 0
16 16 1
16 19 5
16 27 6
16 28 3
16 30 4
16 31 0
16 32 0
16 33 2
16 34 3
16 38 12
16 39 8
16 40 8
16 41 8
16 42 0
16 43 0
16 44 0
16 45 0
16 46 0
16 47 0
16 48 0
16 49 0
16 50 1
16 51 4
16 52 1
16 53 4
16 54 1
16 55 6
16 56 0
16 57 8
16 58 8
16 59 0
16 60 0
16 61 0
16 62 0
16 63 2
17 11 6
17 12 11
17 14 12
17 15 8
17 16 9
17 18 6
17 19 0
17 20 3
17 27 4
17 28 1
17 30 12
17 31 8
17 32 0
17 33 0
17 34 9
17 42 12
17 43 0
17 44 0
17 45 0
17 46 0
17 47 0
17 48 0
17 49 0
17 50 0
17 51 0
17 52 1
17 53 12
17 54 9
17 55 4
17 56 1
17 57 6
17 58 3
17 59 4
17 60 0
17 61 8
17 62 8
17 63 0
18 11 13
18 18 4
18 19 0
18 20 1
18 27 12
18 28 9
18 32 12
18 33 1
18 43 4
18 44 0
18 45 0
18 46 0
18 47 0
18 48 0
18 49 0
18 50 0
18 51 0
18 52 0
18 53 2
18 54 2
18 55 0
18 56 1
18 57 12
18 58 9
18 59 4
18 60 1
18 61 6
18 62 3
18 63 4
19 14 7
19 17 6
19 18 0
19 19 0
19 20 0
19 21 3
19 33 5
19 43 4
19 44 0
19 45 0
19 46 0
19 47 0
19 48 0
19 49 0
19 50 0
19 51 0
19 52 0
19 53 0
19 54 0
19 55 0
19 56 0
19 57 2
19 58 2
19 59 0
19 60 9
19 61 4
19 62 1
19 63 4
20 13 14
20 14 9
20 17 4
20 18 0
20 19 0
20 20 0
20 21 1
20 29 7
20 32 6
20 33 1
20 43 4
20 44 0
20 45 0
20 46 0
20 47 0
20 48 0
20 49 0
20 50 0
20 51 0
20 52 0
20 53 8
20 54 8
20 55 0
20 56 0
20 57 8
20 58 8
20 59 9
20 61 4
20 62 1
20 63 4
21 16 6
21 17 0
21 18 0
21 19 0
21 20 0
21 21 0
21 22 3
21 29 13
21 32 4
21 33 0
21 34 10
21 35 2
21 36 3
21 43 4
21 44 0
21 45 0
21 46 0
21 47 0
21 48 0
21 49 0
21 50 0
21 51 0
21 52 1
21 53 6
21 54 3
21 55 4
21 56 1
21 57 6
21 58 2
21 59 2
21 60 2
21 61 0
21 62 1
21 63 4
22 16 4
22 17 0
22 18 0
22 19 0
22 20 0
22 21 0
22 22 9
22 32 12
22 33 1
22 35 12
22 36 9
22 43 4
22 44 0
22 45 0
22 46 0
22 47 0
22 48 0
22 49 0
22 50 0
22 51 0
22 52 1
22 53 12
22 54 9
22 55 4
22 56 1
22 57 12
22 58 8
22 59 8
22 60 8
22 61 8
22 62 9
22 63 4
23 16 12
23 17 8
23 18 0
23 19 0
23 20 8
23 21 9
23 33 5
23 43 12
23 44 0
23 45 0
23 46 0
23 47 0
23 48 0
23 49 0
23 50 0
23 51 0
23 52 0
23 53 10
23 54 2
23 55 0
23 56 0
23 57 2
23 58 2
23 59 2
23 60 2
23 61 2
23 62 2
23 63 0
24 18 12
24 19 9
24 33 13
24 44 4
24 45 0
24 46 0
24 47 0
24 48 0
24 49 0
24 50 0
24 51 0
24 52 1
24 54 12
24 55 8
24 56 8
24 57 8
24 58 8
24 59 8
24 60 0
24 61 0
24 62 0
24 63 0
25 14 6
25 15 3
25 44 4
25 45 0
25 46 0
25 47 0
25 48 0
25 49 0
25 50 0
25 51 0
25 52 1
25 54 6
25 55 2
25 56 2
25 57 2
25 58 3
25 60 12
25 61 0
25 62 0
25 63 8
26 14 4
26 15 0
26 16 3
26 43 14
26 44 0
26 45 0
26 46 0
26 47 0
26 48 0
26 49 0
26 50 0
26 51 0
26 52 1
26 53 6
26 54 0
26 55 0
26 56 0
26 57 0
26 58 0
26 59 3
26 61 12
26 62 9
27 14 12
27 15 0
27 16 0
27 17 3
27 33 6
27 34 3
27 44 4
27 45 0
27 46 0
27 47 0
27 48 0
27 49 0
27 50 0
27 51 0
27 52 1
27 53 4
27 54 0
27 55 0
27 56 0
27 57 0
27 58 0
27 59 0
27 60 3
27 62 6
27 63 2
28 15 12
28 16 0
28 17 1
28 33 12
28 34 9
28 44 12
28 45 0
28 46 0
28 47 0
28 48 0
28 49 0
28 50 0
28 51 0
28 52 1
28 53 4
28 54 0
28 55 0
28 56 0
28 57 0
28 58 0
28 59 0
28 60 1
28 61 6
28 62 0
28 63 0
29 16 4
29 17 0
29 18 3
29 45 4
29 46 0
29 47 0
29 48 0
29 49 0
29 50 0
29 51 0
29 52 1
29 53 4
29 54 0
29 55 0
29 56 0
29 57 0
29 58 0
29 59 0
29 60 1
29 61 12
29 62 0
29 63 0
30 16 4
30 17 0
30 18 1
30 45 4
30 46 0
30 47 0
30 48 0
30 49 0
30 50 0
30 51 0
30 52 1
30 53 4
30 54 0
30 55 0
30 56 0
30 57 0
30 58 0
30 59 0
30 60 1
30 62 12
30 63 0
31 16 12
31 17 8
31 18 9
31 45 4
31 46 0
31 47 0
31 48 0
31 49 0
31 50 0
31 51 0
31 52 1
31 53 4
31 54 0
31 55 0
31 56 0
31 57 0
31 58 0
31 59 0
31 60 0
31 61 3
31 63 4
32 45 12
32 46 0
32 47 0
32 48 0
32 49 0
32 50 0
32 51 0
32 52 1
32 53 4
32 54 0
32 55 0
32 56 0
32 57 0
32 58 0
32 59 0
32 60 0
32 61 0
32 62 3
32 63 4
33 46 4
33 47 0
33 48 0
33 49 0
33 50 0
33 51 0
33 52 9
33 53 4
33 54 0
33 55 0
33 56 0
33 57 0
33 58 0
33 59 0
33 60 0
33 61 0
33 62 1
33 63 4
34 46 4
34 47 0
34 48 0
34 49 0
34 50 0
34 51 1
34 53 4
34 54 0
34 55 0
34 56 0
34 57 0
34 58 0
34 59 0
34 60 0
34 61 0
34 62 1
34 63 4
35 46 12
35 47 0
35 48 0
35 49 0
35 50 0
35 51 1
35 52 6
35 53 0
35 54 0
35 55 0
35 56 0
35 57 0
35 58 0
35 59 0
35 60 0
35 61 0
35 62 1
35 63 4
36 47 4
36 48 0
36 49 0
36 50 0
36 51 1
36 52 4
36 53 0
36 54 0
36 55 0
36 56 0
36 57 0
36 58 0
36 59 0
36 60 0
36 61 8
36 62 9
36 63 4
37 46 6
37 47 0
37 48 0
37 49 0
37 50 0
37 51 1
37 52 4
37 53 0
37 54 0
37 55 0
37 56 0
37 57 0
37 58 0
37 59 0
37 60 1
37 62 6
37 63 0
38 46 4
38 47 0
38 48 0
38 49 0
38 50 0
38 51 1
38 52 4
38 53 0
38 54 0
38 55 0
38 56 0
38 57 0
38 58 0
38 59 0
38 60 1
38 61 6
38 62 0
38 63 0
39 45 6
39 46 0
39 47 0
39 48 0
39 49 0
39 50 0
39 51 1
39 52 4
39 53 0
39 54 0
39 55 0
39 56 0
39 57 0
39 58 0
39 59 0
39 60 1
39 61 4
39 62 0
39 63 0
40 45 4
40 46 0
40 47 0
40 48 0
40 49 0
40 50 0
40 51 1
40 52 4
40 53 0
40 54 0
40 55 0
40 56 0
40 57 0
40 58 0
40 59 0
40 60 9
40 61 4
40 62 0
40 63 0
41 44 6
41 45 0
41 46 0
41 47 0
41 48 0
41 49 0
41 50 0
41 51 1
41 52 12
41 53 0
41 54 8
41 55 8
41 56 8
41 57 8
41 58 8
41 59 9
41 61 4
41 62 0
41 63 0
42 43 14
42 44 0
42 45 0
42 46 0
42 47 0
42 48 0
42 49 0
42 50 0
42 51 1
42 52 6
42 53 0
42 54 2
42 55 3
42 56 6
42 57 2
42 58 2
42 59 3
42 60 6
42 61 0
42 62 0
42 63 0
43 44 4
43 45 0
43 46 0
43 47 0
43 48 0
43 49 0
43 50 0
43 51 1
43 52 4
43 53 0
43 54 0
43 55 1
43 56 4
43 57 0
43 58 0
43 59 1
43 60 4
43 61 0
43 62 0
43 63 0
44 44 4
44 45 0
44 46 0
44 47 0
44 48 0
44 49 0
44 50 0
44 51 1
44 52 4
44 53 0
44 54 0
44 55 1
44 56 4
44 57 0
44 58 0
44 59 1
44 60 4
44 61 0
44 62 0
44 63 0
45 44 4
45 45 0
45 46 0
45 47 0
45 48 0
45 49 0
45 50 0
45 51 1
45 52 4
45 53 0
45 54 0
45 55 1
45 56 4
45 57 0
45 58 0
45 59 1
45 60 4
45 61 0
45 62 0
45 63 0
46 44 12
46 45 0
46 46 0
46 47 0
46 48 0
46 49 0
46 50 0
46 51 1
46 52 4
46 53 0
46 54 0
46 55 1
46 56 12
46 57 8
46 58 1
46 59 13
46 60 4
46 61 0
46 62 0
46 63 0
47 45 4
47 46 0
47 47 0
47 48 0
47 49 0
47 50 0
47 51 1
47 52 4
47 53 0
47 54 0
47 55 0
47 56 2
47 57 2
47 58 0
47 59 3
47 60 4
47 61 0
47 62 0
47 63 0
48 45 4
48 46 0
48 47 0
48 48 0
48 49 0
48 50 0
48 51 1
48 52 4
48 53 0
48 54 0
48 55 0
48 56 0
48 57 0
48 58 0
48 59 1
48 60 4
48 61 0
48 62 0
48 63 0
49 45 4
49 46 0
49 47 0
49 48 0
49 49 0
49 50 0
49 51 1
49 52 12
49 53 8
49 54 8
49 55 0
49 56 8
49 57 8
49 58 8
49 59 9
49 60 4
49 61 0
49 62 0
49 63 0
50 44 6
50 45 0
50 46 0
50 47 0
50 48 0
50 49 0
50 50 0
50 51 0
50 52 2
50 53 2
50 54 2
50 55 0
50 56 2
50 57 2
50 58 2
50 59 2
50 60 0
50 61 0
50 62 0
50 63 0
51 44 4
51 45 0
51 46 0
51 47 0
51 48 0
51 49 0
51 50 0
51 51 0
51 52 0
51 53 0
51 54 0
51 55 0
51 56 0
51 57 0
51 58 0
51 59 0
51 60 0
51 61 0
51 62 0
51 63 0
52 44 4
52 45 0
52 46 0
52 47 0
52 48 0
52 49 0
52 50 0
52 51 0
52 52 0
52 53 0
52 54 0
52 55 0
52 56 0
52 57 0
52 58 0
52 59 0
52 60 0
52 61 0
52 62 0
52 63 0
53 43 6
53 44 0
53 45 0
53 46 0
53 47 0
53 48 0
53 49 0
53 50 0
53 51 0
53 52 0
53 53 0
53 54 0
53 55 0
53 56 0
53 57 0
53 58 0
53 59 0
53 60 0
53 61 0
53 62 0
53 63 0
54 43 4
54 44 0
54 45 0
54 46 0
54 47 0
54 48 0
54 49 0
54 50 0
54 51 0
54 52 0
54 53 0
54 54 0
54 55 0
54 56 0
54 57 0
54 58 0
54 59 0
54 60 0
54 61 0
54 62 0
54 63 0
55 42 6
55 43 0
55 44 0
55 45 0
55 46 0
55 47 0
55 48 0
55 49 0
55 50 0
55 51 0
55 52 0
55 53 0
55 54 0
55 55 0
55 56 0
55 57 0
55 58 0
55 59 0
55 60 0
55 61 0
55 62 0
55 63 0
56 42 4
56 43 0
56 44 0
56 45 0
56 46 0
56 47 0
56 48 0
56 49 0
56 50 0
56 51 0
56 52 0
56 53 0
56 54 0
56 55 0
56 56 0
56 57 0
56 58 0
56 59 0
56 60 0
56 61 0
56 62 0
56 63 0
57 42 4
57 43 0
57 44 0
57 45 0
57 46 0
57 47 0
57 48 0
57 49 0
57 50 0
57 51 0
57 52 0
57 53 0
57 54 0
57 55 0
57 56 0
57 57 0
57 58 0
57 59 0
57 60 0
57 61 0
57 62 0
57 63 0
58 42 4
58 43 0
58 44 0
58 45 0
58 46 0
58 47 0
58 48 0
58 49 0
58 50 0
58 51 0
58 52 0
58 53 0
58 54 0
58 55 0
58 56 0
58 57 0
58 58 0
58 59 0
58 60 0
58 61 0
58 62 0
58 63 0
59 41 6
59 42 0
59 43 0
59 44 0
59 45 0
59 46 0
59 47 0
59 48 0
59 49 0
59 50 0
59 51 0
59 52 0
59 53 0
59 54 0
59 55 0
59 56 0
59 57 0
59 58 0
59 59 0
59 60 0
59 61 0
59 62 0
59 63 0
60 41 4
60 42 0
60 43 0
60 44 0
60 45 0
60 46 0
60 47 0
60 48 0
60 49 0
60 50 0
60 51 0
60 52 0
60 53 0
60 54 0
60 55 0
60 56 0
60 57 0
60 58 0
60 59 0
60 60 0
60 61 0
60 62 0
60 63 0
61 41 4
61 42 0
61 43 0
61 44 0
61 45 0
61 46 0
61 47 0
61 48 0
61 49 0
61 50 0
61 51 0
61 52 0
61 53 0
61 54 0
61 55 0
61 56 0
61 57 0
61 58 0
61 59 0
61 60 0
61 61 0
61 62 0
61 63 0
62 40 6
62 41 0
62 42 0
62 43 0
62 44 0
62 45 0
62 46 0
62 47 0
62 48 0
62 49 0
62 50 0
62 51 0
62 52 0
62 53 0
62 54 0
62 55 0
62 56 0
62 57 0
62 58 0
62 59 0
62 60 0
62 61 0
62 62 0
62 63 0
63 39 6
63 40 0
63 41 0
63 42 0
63 43 0
63 44 0
63 45 0
63 46 0
63 47 0
63 48 0
63 49 0
63 50 0
63 51 0
63 52 0
63 53 0
63 54 0
63 55 0
63 56 0
63 57 0
63 58 0
63 59 0
63 60 0
63 61 0
63 62 0
63 63 0
