0
0 0 15
0 1 15
0 2 15
0 3 15
0 4 15
0 5 15
0 6 15
0 7 15
0 8 15
0 9 15
0 10 15
0 11 15
0 12 15
0 13 15
0 14 15
0 15 15
0 16 15
0 17 15
0 18 15
0 19 15
0 20 15
0 21 15
0 22 15
0 23 15
0 24 15
0 25 15
0 26 15
0 27 15
0 28 15
0 29 15
0 30 15
0 31 15
0 32 15
0 33 4
1 0 15
1 1 15
1 2 15
1 3 15
1 4 15
1 5 15
1 6 15
1 7 15
1 8 15
1 9 15
1 10 15
1 11 15
1 12 15
1 13 15
1 14 15
1 15 15
1 16 15
1 17 15
1 18 15
1 19 15
1 20 15
1 21 15
1 22 15
1 23 15
1 24 15
1 25 15
1 26 15
1 27 15
1 28 15
1 29 15
1 30 15
1 31 15
1 32 15
1 33 4
2 0 15
2 1 15
2 2 15
2 3 15
2 4 15
2 5 15
2 6 15
2 7 15
2 8 15
2 9 15
2 10 15
2 11 15
2 12 15
2 13 15
2 14 15
2 15 15
2 16 15
2 17 15
2 18 15
2 19 15
2 20 15
2 21 15
2 22 15
2 23 15
2 24 15
2 25 15
2 26 15
2 27 15
2 28 15
2 29 15
2 30 15
2 31 15
2 32 6
3 0 15
3 1 15
3 2 15
3 3 15
3 4 15
3 5 15
3 6 15
3 7 15
3 8 15
3 9 15
3 10 15
3 11 15
3 12 15
3 13 15
3 14 15
3 15 15
3 16 15
3 17 15
3 18 15
3 19 15
3 20 15
3 21 15
3 22 15
3 23 15
3 24 15
3 25 15
3 26 15
3 27 15
3 28 15
3 29 15
3 30 15
3 31 6
4 0 15
4 1 15
4 2 15
4 3 15
4 4 15
4 5 15
4 6 15
4 7 15
4 8 15
4 9 15
4 10 15
4 11 15
4 12 15
4 13 15
4 14 15
4 15 15
4 16 15
4 17 15
4 18 15
4 19 15
4 20 15
4 21 15
4 22 15
4 23 15
4 24 15
4 25 15
4 26 15
4 27 15
4 28 15
4 29 15
4 30 15
4 31 4
5 0 15
5 1 15
5 2 15
5 3 15
5 4 15
5 5 15
5 6 15
5 7 15
5 8 15
5 9 15
5 10 15
5 11 15
5 12 15
5 13 15
5 14 15
5 15 15
5 16 15
5 17 15
5 18 15
5 19 15
5 20 15
5 21 15
5 22 15
5 23 15
5 24 15
5 25 15
5 26 15
5 27 15
5 28 15
5 29 15
5 30 15
5 31 4
6 0 15
6 1 15
6 2 15
6 3 15
6 4 15
6 5 15
6 6 15
6 7 15
6 8 15
6 9 15
6 10 15
6 11 15
6 12 15
6 13 15
6 14 15
6 15 15
6 16 15
6 17 15
6 18 15
6 19 15
6 20 15
6 21 15
6 22 15
6 23 15
6 24 15
6 25 15
6 26 15
6 27 15
6 28 15
6 29 15
6 30 6
7 0 15
7 1 15
7 2 15
7 3 15
7 4 15
7 5 15
7 6 15
7 7 15
7 8 15
7 9 15
7 10 15
7 11 15
7 12 15
7 13 15
7 14 15
7 15 15
7 16 15
7 17 15
7 18 15
7 19 15
7 20 15
7 21 15
7 22 15
7 23 15
7 24 15
7 25 15
7 26 15
7 27 15
7 28 6
7 29 2
8 0 15
8 1 15
8 2 15
8 3 15
8 4 15
8 5 15
8 6 15
8 7 15
8 8 15
8 9 15
8 10 15
8 11 15
8 12 15
8 13 15
8 14 15
8 15 15
8 16 15
8 17 15
8 18 15
8 19 15
8 20 15
8 21 15
8 22 15
8 23 15
8 24 15
8 25 15
8 26 15
8 27 6
9 0 15
9 1 15
9 2 15
9 3 15
9 4 15
9 5 15
9 6 15
9 7 15
9 8 15
9 9 15
9 10 15
9 11 15
9 12 15
9 13 15
9 14 15
9 15 15
9 16 15
9 17 15
9 18 15
9 19 15
9 20 15
9 21 15
9 22 15
9 23 15
9 24 15
9 25 15
9 26 6
10 0 15
10 1 15
10 2 15
10 3 15
10 4 15
10 5 15
10 6 15
10 7 15
10 8 15
10 9 15
10 10 15
10 11 15
10 12 15
10 13 15
10 14 15
10 15 15
10 16 15
10 17 15
10 18 15
10 19 15
10 20 15
10 21 15
10 22 15
10 23 15
10 24 15
10 25 6
11 0 15
11 1 15
11 2 15
11 3 15
11 4 15
11 5 15
11 6 15
11 7 15
11 8 15
11 9 15
11 10 15
11 11 15
11 12 15
11 13 15
11 14 15
11 15 15
11 16 15
11 17 15
11 18 15
11 19 15
11 20 15
11 21 15
11 22 15
11 23 15
11 24 15
11 25 4
12 0 15
12 1 15
12 2 15
12 3 15
12 4 15
12 5 15
12 6 15
12 7 15
12 8 15
12 9 15
12 10 15
12 11 15
12 12 15
12 13 15
12 14 15
12 15 15
12 16 15
12 17 15
12 18 6
12 19 3
12 20 15
12 21 15
12 22 15
12 23 15
12 24 6
13 0 15
13 1 15
13 2 15
13 3 15
13 4 15
13 5 15
13 6 15
13 7 15
13 8 15
13 9 15
13 10 15
13 11 15
13 12 15
13 13 15
13 14 15
13 15 15
13 16 6
13 17 2
13 20 2
13 21 3
13 22 15
13 23 6
14 0 15
14 1 15
14 2 15
14 3 15
14 4 15
14 5 15
14 6 15
14 7 15
14 8 15
14 9 15
14 10 15
14 11 15
14 12 15
14 13 15
14 14 15
14 15 6
14 21 1
14 22 6
15 0 15
15 1 15
15 2 15
15 3 15
15 4 15
15 5 15
15 6 15
15 7 15
15 8 15
15 9 15
15 10 15
15 11 15
15 12 15
15 13 6
15 14 2
15 21 1
15 22 4
15 23 1
15 24 12
16 0 15
16 1 15
16 2 15
16 3 15
16 4 15
16 5 15
16 6 15
16 7 15
16 8 15
16 9 15
16 10 15
16 11 15
16 12 6
16 21 1
16 22 4
16 23 1
16 24 15
16 25 12
17 0 15
17 1 15
17 2 15
17 3 15
17 4 15
17 5 15
17 6 15
17 7 15
17 8 15
17 9 15
17 10 15
17 11 15
17 12 4
17 21 1
17 22 12
17 24 3
17 25 15
17 26 4
18 0 15
18 1 15
18 2 15
18 3 15
18 4 15
18 5 15
18 6 15
18 7 15
18 8 15
18 9 15
18 10 15
18 11 6
18 21 1
18 22 15
18 23 4
18 25 3
18 26 4
19 0 15
19 1 15
19 2 15
19 3 15
19 4 15
19 5 15
19 6 15
19 7 15
19 8 15
19 9 6
19 10 2
19 22 3
19 23 4
19 25 1
19 26 4
20 0 3
20 1 15
20 2 15
20 3 15
20 4 15
20 5 15
20 6 15
20 7 6
20 8 2
20 22 1
20 23 12
21 1 3
21 2 15
21 3 15
21 4 15
21 5 15
21 6 6
21 22 1
21 23 15
21 24 4
22 2 2
22 3 2
22 4 2
22 5 2
22 23 3
22 24 4
24 24 1
24 25 4
25 24 9
25 25 4
26 23 9
26 24 15
26 25 4
27 22 1
27 23 15
27 24 7
27 25 4
28 22 1
28 23 6
28 24 1
28 25 12
29 24 1
29 25 15
29 26 4
30 22 1
30 23 4
30 25 3
30 26 4
31 22 1
31 23 4
32 22 1
32 23 4
33 25 8
33 26 8
34 23 1
34 24 4
34 25 3
34 26 15
34 27 4
35 23 1
35 24 4
35 26 3
35 27 4
36 23 1
36 24 12
37 23 1
37 24 15
37 25 4
37 26 1
37 27 12
38 24 2
38 26 1
38 27 15
38 28 4
39 25 1
39 26 4
39 27 3
39 28 4
41 29 1
41 30 4
42 27 8
42 29 1
42 30 4
43 26 1
43 27 15
43 28 12
44 27 2
44 28 2
45 30 1
45 31 4
46 30 1
46 31 4
46 62 8
46 63 8
47 9 8
47 31 8
47 32 1
47 33 12
47 60 8
47 61 9
47 62 15
47 63 15
48 8 1
48 9 15
48 10 4
48 30 1
48 31 15
48 32 13
48 33 15
48 34 4
48 59 9
48 60 15
48 61 15
48 62 15
48 63 15
49 9 2
49 31 3
49 32 15
49 33 7
49 34 4
49 56 8
49 58 1
49 59 15
49 60 15
49 61 15
49 62 15
49 63 15
50 0 8
50 1 8
50 10 1
50 11 4
50 32 3
50 33 4
50 35 8
50 36 8
50 55 1
50 56 15
50 57 4
50 58 1
50 59 15
50 60 15
50 61 15
50 62 15
50 63 15
51 0 2
51 1 2
51 10 1
51 11 4
51 33 8
51 35 3
51 36 15
51 37 4
51 52 8
51 55 1
51 56 15
51 57 12
51 58 9
51 59 15
51 60 15
51 61 15
51 62 15
51 63 15
52 1 8
52 2 8
52 3 8
52 32 1
52 33 15
52 34 12
52 36 3
52 37 4
52 51 1
52 52 15
52 53 12
52 55 9
52 56 15
52 57 15
52 58 15
52 59 15
52 60 15
52 61 15
52 62 15
52 63 15
53 0 1
53 1 6
53 2 2
53 3 3
53 4 5
53 5 4
53 33 3
53 34 15
53 35 12
53 36 8
53 37 8
53 48 8
53 49 8
53 50 8
53 52 3
53 53 15
53 54 13
53 55 15
53 56 15
53 57 15
53 58 15
53 59 15
53 60 15
53 61 15
53 62 15
53 63 15
54 0 1
54 1 4
54 3 1
54 4 4
54 34 2
54 35 2
54 36 3
54 37 15
54 38 4
54 47 1
54 48 15
54 49 15
54 50 15
54 51 12
54 52 9
54 53 15
54 54 15
54 55 15
54 56 15
54 57 15
54 58 15
54 59 15
54 60 15
54 61 15
54 62 15
54 63 15
55 0 1
55 1 4
55 2 8
55 3 9
55 4 4
55 37 3
55 38 4
55 48 3
55 49 15
55 50 15
55 51 15
55 52 15
55 53 15
55 54 15
55 55 15
55 56 15
55 57 15
55 58 15
55 59 15
55 60 15
55 61 15
55 62 15
55 63 15
56 2 2
56 3 2
56 8 8
56 13 1
56 14 12
56 17 8
56 18 8
56 25 8
56 49 3
56 50 15
56 51 15
56 52 15
56 53 15
56 54 15
56 55 15
56 56 15
56 57 15
56 58 15
56 59 15
56 60 15
56 61 15
56 62 15
56 63 15
57 7 1
57 8 15
57 9 4
57 13 1
57 14 15
57 15 12
57 16 9
57 17 15
57 18 15
57 19 4
57 24 1
57 25 15
57 26 4
57 39 1
57 40 4
57 49 1
57 50 15
57 51 15
57 52 15
57 53 15
57 54 15
57 55 15
57 56 15
57 57 15
57 58 15
57 59 15
57 60 15
57 61 15
57 62 15
57 63 15
58 6 8
58 8 3
58 9 4
58 14 3
58 15 15
58 16 15
58 17 6
58 18 3
58 19 12
58 25 3
58 26 4
58 39 1
58 40 4
58 45 8
58 46 8
58 47 8
58 49 9
58 50 15
58 51 15
58 52 15
58 53 15
58 54 15
58 55 15
58 56 15
58 57 15
58 58 15
58 59 15
58 60 15
58 61 15
58 62 15
58 63 15
59 4 1
59 5 4
59 6 2
59 8 1
59 9 4
59 15 2
59 16 2
59 18 1
59 19 15
59 20 12
59 25 9
59 26 4
59 44 1
59 45 15
59 46 15
59 47 15
59 48 13
59 49 15
59 50 15
59 51 15
59 52 15
59 53 15
59 54 15
59 55 15
59 56 15
59 57 15
59 58 15
59 59 15
59 60 15
59 61 15
59 62 15
59 63 15
60 7 1
60 8 4
60 19 3
60 20 15
60 21 12
60 24 9
60 25 15
60 26 4
60 43 8
60 45 3
60 46 15
60 47 15
60 48 15
60 49 6
60 50 3
60 51 15
60 52 15
60 53 15
60 54 15
60 55 15
60 56 15
60 57 15
60 58 15
60 59 15
60 60 15
60 61 15
60 62 15
60 63 15
61 6 8
61 7 9
61 8 4
61 20 3
61 21 15
61 22 12
61 23 9
61 24 15
61 25 6
61 37 8
61 38 8
61 42 9
61 43 15
61 44 12
61 45 9
61 46 15
61 47 15
61 48 15
61 49 12
61 50 9
61 51 15
61 52 15
61 53 15
61 54 15
61 55 15
61 56 15
61 57 15
61 58 15
61 59 15
61 60 15
61 61 15
61 62 15
61 63 15
62 6 2
62 7 2
62 21 2
62 22 2
62 23 2
62 24 2
62 36 9
62 37 15
62 38 15
62 39 12
62 41 9
62 42 15
62 43 15
62 44 15
62 45 15
62 46 15
62 47 15
62 48 15
62 49 15
62 50 15
62 51 15
62 52 15
62 53 15
62 54 15
62 55 15
62 56 15
62 57 15
62 58 15
62 59 15
62 60 15
62 61 15
62 62 15
62 63 15
63 35 1
63 36 15
63 37 15
63 38 15
63 39 15
63 40 5
63 41 15
63 42 15
63 43 15
63 44 15
63 45 15
63 46 15
63 47 15
63 48 15
63 49 15
63 50 15
63 51 15
63 52 15
63 53 15
63 54 15
63 55 15
63 56 15
63 57 15
63 58 15
63 59 15
63 60 15
63 61 15
63 62 15
63 63 15
