0
0 0 8
0 1 8
0 11 8
0 12 8
0 13 8
0 19 1
0 20 15
0 21 4
1 0 3
1 1 15
1 2 12
1 3 8
1 4 8
1 5 8
1 6 8
1 9 8
1 10 9
1 11 15
1 12 6
1 13 2
1 18 8
1 20 2
1 48 8
1 49 8
1 50 8
1 51 8
1 52 8
1 53 8
1 54 8
1 55 8
1 56 8
1 57 8
1 58 8
1 59 8
1 60 8
2 1 2
2 2 2
2 3 2
2 4 2
2 5 3
2 6 15
2 7 12
2 8 9
2 9 15
2 10 6
2 11 2
2 18 2
2 47 9
2 48 15
2 49 6
2 50 2
2 51 2
2 52 2
2 53 2
2 54 2
2 55 2
2 56 2
2 57 2
2 58 2
2 59 2
2 60 2
3 0 8
3 1 8
3 2 8
3 3 8
3 4 8
3 6 2
3 7 2
3 8 2
3 9 2
3 46 9
3 47 15
3 48 6
4 0 2
4 1 2
4 2 2
4 3 3
4 4 15
4 5 12
4 13 8
4 14 8
4 15 8
4 16 8
4 17 8
4 18 8
4 19 8
4 20 8
4 21 8
4 22 8
4 23 8
4 24 8
4 25 8
4 26 8
4 27 8
4 28 8
4 29 8
4 30 8
4 31 8
4 32 8
4 35 8
4 36 8
4 37 8
4 38 8
4 39 8
4 40 8
4 41 8
4 42 8
4 43 8
4 44 8
4 45 9
4 46 15
4 47 6
5 4 3
5 5 15
5 6 12
5 12 9
5 13 15
5 14 6
5 15 2
5 16 2
5 17 2
5 18 2
5 19 2
5 20 2
5 21 2
5 22 2
5 23 2
5 24 2
5 25 2
5 26 2
5 27 2
5 28 2
5 29 2
5 30 2
5 31 2
5 32 2
5 35 2
5 36 2
5 37 10
5 38 10
5 39 2
5 40 2
5 41 2
5 42 2
5 43 2
5 44 2
5 45 2
5 46 2
6 5 3
6 6 15
6 7 12
6 11 1
6 12 15
6 13 6
6 36 1
6 37 15
6 38 6
7 6 3
7 7 15
7 8 4
7 11 1
7 12 6
7 36 9
7 37 6
7 38 8
7 39 8
7 40 8
7 41 8
7 42 8
7 43 8
7 44 8
7 45 8
7 46 8
7 47 8
7 49 8
7 50 8
7 51 8
7 52 8
7 53 8
7 54 8
7 55 8
7 56 8
8 7 11
8 8 4
8 11 1
8 12 4
8 35 1
8 36 15
8 37 5
8 38 6
8 39 2
8 40 2
8 41 2
8 42 2
8 43 2
8 44 2
8 45 2
8 46 2
8 47 3
8 48 4
8 49 2
8 50 2
8 51 2
8 52 2
8 53 2
8 54 2
8 55 2
8 56 3
8 57 4
9 6 1
9 7 15
9 8 4
9 11 1
9 12 4
9 35 9
9 36 6
9 37 1
9 38 4
9 47 1
9 48 4
9 56 1
9 57 4
10 6 1
10 7 6
10 11 1
10 12 4
10 34 9
10 35 15
10 36 4
10 37 1
10 38 4
10 47 1
10 48 4
10 56 1
10 57 4
11 33 1
11 34 15
11 35 6
11 37 1
11 38 4
11 56 1
11 57 4
12 33 1
12 34 6
12 37 1
12 38 4
12 40 8
12 41 8
12 47 1
12 48 4
12 56 1
12 57 4
13 6 1
13 7 12
13 11 1
13 12 4
13 33 1
13 34 4
13 37 1
13 38 4
13 40 2
13 41 3
13 42 4
13 47 1
13 48 4
13 56 1
13 57 4
14 6 1
14 7 15
14 8 4
14 11 1
14 12 4
14 33 1
14 34 12
14 37 1
14 38 12
14 39 8
14 40 8
14 41 9
14 42 12
14 43 8
14 44 8
14 45 8
14 46 8
14 47 9
14 48 4
14 49 8
14 50 8
14 51 8
14 52 8
14 54 8
14 55 8
14 56 9
14 57 4
15 7 11
15 8 4
15 11 1
15 12 4
15 33 1
15 34 15
15 35 12
15 36 8
15 38 2
15 39 2
15 40 2
15 41 2
15 42 2
15 43 2
15 44 2
15 45 2
15 46 2
15 47 2
15 49 2
15 50 2
15 51 2
15 52 2
15 54 2
15 55 2
15 56 2
16 6 9
16 7 15
16 8 4
16 11 1
16 12 4
16 34 2
16 35 3
16 36 15
16 37 12
16 38 8
17 5 9
17 6 15
17 7 6
17 11 1
17 12 4
17 36 2
17 37 2
17 38 2
18 4 9
18 5 15
18 6 6
18 11 1
18 12 4
18 18 8
18 19 8
18 20 8
18 21 8
18 23 8
18 24 8
18 25 8
18 26 8
18 27 8
18 28 8
19 0 8
19 1 8
19 2 8
19 3 9
19 4 15
19 5 6
19 11 9
19 12 4
19 17 1
19 18 15
19 19 6
19 20 2
19 21 2
19 23 2
19 24 2
19 25 2
19 26 2
19 27 2
19 28 2
19 37 8
19 38 8
19 39 8
19 40 8
19 41 8
19 42 8
20 0 2
20 1 2
20 2 2
20 3 2
20 4 2
20 10 9
20 11 15
20 12 4
20 17 1
20 18 6
20 36 9
20 37 15
20 38 6
20 39 2
20 40 2
20 41 3
20 42 15
20 43 12
20 44 8
21 9 9
21 10 15
21 11 6
21 17 1
21 18 4
21 36 2
21 37 2
21 42 2
21 43 3
21 44 15
21 45 4
22 8 9
22 9 15
22 10 6
22 17 1
22 18 4
22 20 8
22 21 8
22 23 8
22 24 8
22 25 8
22 26 8
22 27 8
22 28 8
22 29 8
22 30 8
22 35 8
22 36 8
22 37 8
22 38 8
22 39 8
22 40 8
22 41 8
22 42 8
22 44 3
22 45 4
22 48 8
22 49 8
22 50 8
22 51 8
22 52 8
22 53 8
22 54 8
22 55 8
22 56 8
22 57 8
22 58 8
23 7 9
23 8 15
23 9 14
23 10 8
23 11 8
23 12 8
23 13 8
23 14 8
23 15 8
23 17 1
23 18 4
23 19 1
23 20 6
23 21 2
23 23 2
23 24 3
23 25 6
23 26 2
23 27 2
23 28 2
23 29 2
23 30 3
23 31 4
23 34 1
23 35 6
23 36 2
23 37 2
23 38 3
23 39 6
23 40 2
23 41 2
23 42 3
23 43 4
23 44 1
23 45 4
23 47 1
23 48 6
23 49 2
23 50 2
23 51 2
23 52 3
23 53 6
23 54 2
23 55 2
23 56 2
23 57 2
23 58 3
23 59 4
24 6 9
24 7 15
24 8 7
24 9 15
24 10 6
24 11 2
24 12 2
24 13 2
24 14 3
24 15 15
24 16 4
24 17 1
24 18 4
24 19 1
24 20 4
24 24 1
24 25 4
24 30 1
24 31 4
24 34 1
24 35 4
24 42 1
24 43 4
24 44 1
24 45 4
24 47 1
24 48 4
24 58 1
24 59 4
25 5 9
25 6 15
25 7 6
25 8 1
25 9 6
25 15 3
25 16 4
25 19 1
25 20 4
25 24 1
25 25 4
25 30 1
25 31 4
25 34 1
25 35 4
25 38 1
25 39 4
25 42 1
25 43 4
25 44 1
25 45 4
25 47 1
25 48 4
25 52 1
25 53 12
25 54 8
25 55 8
25 56 8
25 57 8
25 58 9
25 59 4
26 4 9
26 5 15
26 6 6
26 8 8
26 9 8
26 10 8
26 11 8
26 12 8
26 15 1
26 16 4
26 19 1
26 20 4
26 30 1
26 31 4
26 34 1
26 35 12
26 36 8
26 37 8
26 38 9
26 39 12
26 42 1
26 43 4
26 52 1
26 53 15
26 54 6
26 55 2
26 56 2
26 57 2
26 58 2
27 3 9
27 4 15
27 5 6
27 7 9
27 8 15
27 9 6
27 10 2
27 11 2
27 12 3
27 13 4
27 15 1
27 16 4
27 19 1
27 20 4
27 24 1
27 25 12
27 30 1
27 31 4
27 34 1
27 35 6
27 36 2
27 37 3
27 38 15
27 39 6
27 42 1
27 43 4
27 47 1
27 48 4
27 52 1
27 53 6
27 58 1
27 59 4
28 2 1
28 3 15
28 4 6
28 6 1
28 7 15
28 8 6
28 17 1
28 18 4
28 19 1
28 20 4
28 24 1
28 25 15
28 26 12
28 27 8
28 28 8
28 29 8
28 30 9
28 31 4
28 34 1
28 35 4
28 38 3
28 39 4
28 47 1
28 48 4
28 51 8
28 52 9
28 53 4
28 58 1
28 59 4
29 2 1
29 3 6
29 7 2
29 12 1
29 13 4
29 15 1
29 16 4
29 17 1
29 18 4
29 19 1
29 20 4
29 25 2
29 26 2
29 27 2
29 28 2
29 29 2
29 30 3
29 31 4
29 38 1
29 39 4
29 42 1
29 43 4
29 47 1
29 48 4
29 51 2
29 52 3
29 53 4
29 58 1
29 59 4
30 2 1
30 3 4
30 6 1
30 7 4
30 12 1
30 13 4
30 15 9
30 16 4
30 17 1
30 18 4
30 19 1
30 20 4
30 30 1
30 31 4
30 34 1
30 35 12
30 37 8
30 38 9
30 39 12
30 40 8
30 41 8
30 42 9
30 43 4
30 47 1
30 48 4
30 52 1
30 53 4
30 58 1
30 59 4
31 2 1
31 3 4
31 6 1
31 7 12
31 8 8
31 9 8
31 10 8
31 11 8
31 12 9
31 13 4
31 14 9
31 15 15
31 16 4
31 19 1
31 20 4
31 30 1
31 31 4
31 35 2
31 37 2
31 38 2
31 39 2
31 40 2
31 41 2
31 42 2
31 47 1
31 48 4
31 52 1
31 53 4
31 58 1
31 59 4
32 0 8
32 2 1
32 3 4
32 7 2
32 8 2
32 9 2
32 10 2
32 11 2
32 12 10
32 14 2
32 15 2
32 19 1
32 20 4
32 30 1
32 31 4
32 47 1
32 48 4
32 52 1
32 53 4
32 58 1
32 59 4
33 0 15
33 1 12
33 2 8
33 3 8
33 8 8
33 9 8
33 10 8
33 12 3
33 13 12
33 19 1
33 20 12
33 21 8
33 22 8
33 23 8
33 24 8
33 25 8
33 26 8
33 27 8
33 28 8
33 29 8
33 30 9
33 31 4
33 38 8
33 39 8
33 40 8
33 41 8
33 42 8
33 47 1
33 48 12
33 49 8
33 50 8
33 51 8
33 52 9
33 53 4
33 55 8
33 56 8
33 57 8
33 58 9
33 59 4
34 0 15
34 1 15
34 2 15
34 3 15
34 4 12
34 7 9
34 8 15
34 9 15
34 10 15
34 11 12
34 12 1
34 13 15
34 14 12
34 15 8
34 20 2
34 21 2
34 22 2
34 23 2
34 24 2
34 25 2
34 26 2
34 27 2
34 28 2
34 29 2
34 30 2
34 37 1
34 38 6
34 39 2
34 40 2
34 41 2
34 42 3
34 43 4
34 48 2
34 49 2
34 50 2
34 51 2
34 52 2
34 55 2
34 56 2
34 57 2
34 58 2
35 0 15
35 1 15
35 2 15
35 3 15
35 4 15
35 5 12
35 6 9
35 7 15
35 8 15
35 9 15
35 10 15
35 11 15
35 12 12
35 13 2
35 14 3
35 15 15
35 16 4
35 37 1
35 38 4
35 42 1
35 43 4
36 0 15
36 1 15
36 2 15
36 3 15
36 4 15
36 5 15
36 6 15
36 7 15
36 8 15
36 9 15
36 10 15
36 11 15
36 12 15
36 13 12
36 15 3
36 16 4
36 18 8
36 19 8
36 37 1
36 38 4
37 0 15
37 1 15
37 2 15
37 3 15
37 4 15
37 5 15
37 6 15
37 7 15
37 8 15
37 9 15
37 10 15
37 11 15
37 12 15
37 13 15
37 14 12
37 18 3
37 19 15
37 20 12
37 21 8
37 22 8
37 23 8
37 24 8
37 26 8
37 37 1
37 38 12
37 42 9
37 43 4
37 48 8
37 49 8
37 50 8
37 51 8
37 52 8
37 53 8
37 54 8
37 55 8
37 56 8
37 57 8
37 58 8
38 0 15
38 1 15
38 2 15
38 3 15
38 4 15
38 5 15
38 6 15
38 7 15
38 8 15
38 9 15
38 10 15
38 11 15
38 12 15
38 13 15
38 14 15
38 15 12
38 19 10
38 20 10
38 21 10
38 22 10
38 23 10
38 24 2
38 25 1
38 26 15
38 27 12
38 28 8
38 37 1
38 38 6
38 42 3
38 43 4
38 47 1
38 48 6
38 49 2
38 50 2
38 51 2
38 52 2
38 53 2
38 54 2
38 55 2
38 56 2
38 57 2
38 58 3
38 59 4
39 0 15
39 1 15
39 2 15
39 3 15
39 4 15
39 5 15
39 6 15
39 7 15
39 8 15
39 9 15
39 10 15
39 11 15
39 12 15
39 13 15
39 14 15
39 15 15
39 16 4
39 18 1
39 19 15
39 20 15
39 21 15
39 22 15
39 23 15
39 24 12
39 26 2
39 27 3
39 28 15
39 29 4
39 37 1
39 38 4
39 39 1
39 40 5
39 41 4
39 42 1
39 43 4
39 47 1
39 48 4
39 58 1
39 59 4
40 0 15
40 1 15
40 2 15
40 3 15
40 4 15
40 5 15
40 6 15
40 7 15
40 8 15
40 9 15
40 10 15
40 11 15
40 12 15
40 13 15
40 14 15
40 15 15
40 16 4
40 18 1
40 19 15
40 20 15
40 21 15
40 22 15
40 23 15
40 24 15
40 25 4
40 28 3
40 29 4
40 37 1
40 38 4
40 42 1
40 43 4
40 47 1
40 48 4
40 58 1
40 59 4
41 0 2
41 1 2
41 2 2
41 3 2
41 4 2
41 5 2
41 6 2
41 7 2
41 8 2
41 9 2
41 10 2
41 11 2
41 12 2
41 13 2
41 14 2
41 15 2
41 19 2
41 20 2
41 21 2
41 22 2
41 23 2
41 24 2
41 33 8
41 34 8
41 35 8
41 37 1
41 38 12
41 39 8
41 40 8
41 41 8
41 42 9
41 43 4
41 47 1
41 48 4
41 58 1
41 59 4
42 10 8
42 17 8
42 18 8
42 19 8
42 20 8
42 25 8
42 26 8
42 29 8
42 30 8
42 31 8
42 32 9
42 33 15
42 34 14
42 35 10
42 38 2
42 39 2
42 40 2
42 41 2
42 42 2
42 58 1
42 59 4
43 0 8
43 1 8
43 2 8
43 3 8
43 4 8
43 8 8
43 9 9
43 10 15
43 11 12
43 12 8
43 13 8
43 14 8
43 15 8
43 16 9
43 17 15
43 18 15
43 19 15
43 20 15
43 21 12
43 24 1
43 25 15
43 26 15
43 27 12
43 28 8
43 29 10
43 30 10
43 31 10
43 32 2
43 33 11
43 34 15
43 35 15
43 36 12
43 47 1
43 48 12
43 49 8
43 50 8
43 51 8
43 54 8
43 55 8
43 56 8
43 57 8
43 58 9
43 59 4
44 0 15
44 1 15
44 2 15
44 3 15
44 4 15
44 5 12
44 6 8
44 7 9
44 8 15
44 9 15
44 10 15
44 11 15
44 12 15
44 13 15
44 14 15
44 15 15
44 16 15
44 17 15
44 18 15
44 19 15
44 20 15
44 21 15
44 22 4
44 24 1
44 25 15
44 26 15
44 27 15
44 28 15
44 29 15
44 30 15
44 31 15
44 32 13
44 33 15
44 34 15
44 35 15
44 36 15
44 37 4
44 47 1
44 48 6
44 49 2
44 50 2
44 51 2
44 54 2
44 55 2
44 56 2
44 57 2
44 58 3
44 59 4
45 0 15
45 1 15
45 2 15
45 3 15
45 4 15
45 5 15
45 6 15
45 7 15
45 8 15
45 9 15
45 10 15
45 11 15
45 12 15
45 13 15
45 14 15
45 15 15
45 16 15
45 17 15
45 18 15
45 19 15
45 20 15
45 21 15
45 22 4
45 24 1
45 25 15
45 26 15
45 27 15
45 28 15
45 29 15
45 30 15
45 31 15
45 32 15
45 33 15
45 34 15
45 35 15
45 36 15
45 37 4
45 47 1
45 48 4
45 58 1
45 59 4
46 0 15
46 1 15
46 2 15
46 3 15
46 4 15
46 5 15
46 6 15
46 7 15
46 8 15
46 9 15
46 10 15
46 11 15
46 12 15
46 13 15
46 14 15
46 15 15
46 16 15
46 17 15
46 18 15
46 19 15
46 20 15
46 21 15
46 22 4
46 24 1
46 25 15
46 26 15
46 27 15
46 28 15
46 29 15
46 30 15
46 31 15
46 32 15
46 33 15
46 34 15
46 35 15
46 36 15
46 37 12
46 47 1
46 48 4
46 58 1
46 59 4
47 0 15
47 1 15
47 2 15
47 3 15
47 4 15
47 5 15
47 6 15
47 7 15
47 8 15
47 9 15
47 10 15
47 11 15
47 12 15
47 13 15
47 14 15
47 15 15
47 16 15
47 17 15
47 18 15
47 19 15
47 20 15
47 21 15
47 22 4
47 24 1
47 25 15
47 26 15
47 27 15
47 28 15
47 29 15
47 30 15
47 31 15
47 32 15
47 33 15
47 34 15
47 35 15
47 36 15
47 37 15
47 38 4
47 47 1
47 48 4
47 58 1
47 59 4
48 0 15
48 1 15
48 2 15
48 3 15
48 4 15
48 5 15
48 6 15
48 7 15
48 8 15
48 9 15
48 10 15
48 11 15
48 12 15
48 13 15
48 14 15
48 15 15
48 16 15
48 17 15
48 18 15
48 19 15
48 20 15
48 21 15
48 22 4
48 24 9
48 25 15
48 26 15
48 27 15
48 28 15
48 29 15
48 30 15
48 31 15
48 32 15
48 33 15
48 34 15
48 35 15
48 36 15
48 37 15
48 38 4
48 47 1
48 48 4
48 52 1
48 53 4
48 58 1
48 59 4
49 0 15
49 1 15
49 2 15
49 3 15
49 4 15
49 5 15
49 6 15
49 7 15
49 8 15
49 9 15
49 10 15
49 11 15
49 12 15
49 13 15
49 14 15
49 15 15
49 16 15
49 17 15
49 18 15
49 19 15
49 20 15
49 21 15
49 22 4
49 23 1
49 24 15
49 25 15
49 26 15
49 27 15
49 28 15
49 29 15
49 30 15
49 31 15
49 32 15
49 33 15
49 34 15
49 35 15
49 36 15
49 37 15
49 38 4
49 47 1
49 48 4
49 52 1
49 53 4
49 58 1
49 59 4
50 0 15
50 1 15
50 2 15
50 3 15
50 4 15
50 5 15
50 6 15
50 7 15
50 8 15
50 9 15
50 10 15
50 11 15
50 12 15
50 13 15
50 14 15
50 15 15
50 16 15
50 17 15
50 18 15
50 19 15
50 20 15
50 21 15
50 22 4
50 24 2
50 25 2
50 26 2
50 27 2
50 28 2
50 29 2
50 30 2
50 31 2
50 32 2
50 33 2
50 34 2
50 35 2
50 36 2
50 37 2
50 47 1
50 48 4
50 52 1
50 53 4
50 58 1
50 59 4
51 0 15
51 1 15
51 2 15
51 3 15
51 4 15
51 5 15
51 6 15
51 7 15
51 8 15
51 9 15
51 10 15
51 11 15
51 12 15
51 13 15
51 14 15
51 15 15
51 16 15
51 17 15
51 18 15
51 19 15
51 20 15
51 21 15
51 22 4
51 25 8
51 26 8
51 44 8
51 45 8
51 47 1
51 48 12
51 49 8
51 50 8
51 51 8
51 52 9
51 53 12
51 54 8
51 55 8
51 56 8
51 57 8
51 58 9
51 59 4
52 0 15
52 1 15
52 2 15
52 3 15
52 4 15
52 5 15
52 6 15
52 7 15
52 8 15
52 9 15
52 10 15
52 11 15
52 12 15
52 13 15
52 14 15
52 15 15
52 16 15
52 17 15
52 18 15
52 19 15
52 20 15
52 21 15
52 22 4
52 24 1
52 25 15
52 26 15
52 27 12
52 28 8
52 29 8
52 30 8
52 31 8
52 33 8
52 34 8
52 35 8
52 36 8
52 37 8
52 38 8
52 39 8
52 40 8
52 41 8
52 44 3
52 45 15
52 46 12
52 47 8
52 48 10
52 49 10
52 50 2
52 51 2
52 52 2
52 53 2
52 54 2
52 55 2
52 56 2
52 57 2
52 58 2
53 0 15
53 1 15
53 2 15
53 3 15
53 4 15
53 5 15
53 6 15
53 7 15
53 8 15
53 9 15
53 10 15
53 11 15
53 12 15
53 13 15
53 14 6
53 15 2
53 16 2
53 17 2
53 18 2
53 19 2
53 20 2
53 21 2
53 24 1
53 25 15
53 26 15
53 27 15
53 28 15
53 29 15
53 30 15
53 31 15
53 32 5
53 33 15
53 34 15
53 35 15
53 36 15
53 37 15
53 38 15
53 39 15
53 40 15
53 41 15
53 42 12
53 43 8
53 45 2
53 46 2
53 47 2
53 48 3
53 49 15
53 50 12
54 0 15
54 1 15
54 2 15
54 3 15
54 4 15
54 5 15
54 6 15
54 7 15
54 8 15
54 9 15
54 10 15
54 11 15
54 12 15
54 13 15
54 14 12
54 18 8
54 20 8
54 24 1
54 25 15
54 26 15
54 27 15
54 28 15
54 29 15
54 30 15
54 31 15
54 32 5
54 33 15
54 34 15
54 35 15
54 36 15
54 37 15
54 38 15
54 39 15
54 40 15
54 41 15
54 42 15
54 43 15
54 44 12
54 45 8
54 46 8
54 47 8
54 48 8
54 49 3
54 50 15
54 51 4
55 0 15
55 1 15
55 2 15
55 3 15
55 4 15
55 5 15
55 6 15
55 7 15
55 8 15
55 9 15
55 10 15
55 11 15
55 12 15
55 13 15
55 14 15
55 15 12
55 16 8
55 17 9
55 18 15
55 19 13
55 20 15
55 21 12
55 24 1
55 25 15
55 26 15
55 27 15
55 28 15
55 29 15
55 30 15
55 31 15
55 32 13
55 33 15
55 34 15
55 35 15
55 36 15
55 37 15
55 38 15
55 39 15
55 40 15
55 41 15
55 42 15
55 43 15
55 44 15
55 45 15
55 46 15
55 47 15
55 48 15
55 49 4
55 50 3
55 51 12
56 0 15
56 1 15
56 2 15
56 3 15
56 4 15
56 5 15
56 6 15
56 7 15
56 8 15
56 9 15
56 10 15
56 11 15
56 12 15
56 13 15
56 14 15
56 15 15
56 16 15
56 17 15
56 18 15
56 19 15
56 20 15
56 21 15
56 22 4
56 24 1
56 25 15
56 26 15
56 27 15
56 28 15
56 29 15
56 30 15
56 31 15
56 32 15
56 33 15
56 34 15
56 35 15
56 36 15
56 37 15
56 38 15
56 39 15
56 40 15
56 41 15
56 42 15
56 43 15
56 44 15
56 45 15
56 46 15
56 47 15
56 48 15
56 49 12
56 50 1
56 51 15
56 52 12
57 0 15
57 1 15
57 2 15
57 3 15
57 4 15
57 5 15
57 6 15
57 7 15
57 8 15
57 9 15
57 10 15
57 11 15
57 12 15
57 13 15
57 14 15
57 15 15
57 16 15
57 17 15
57 18 15
57 19 15
57 20 15
57 21 15
57 22 4
57 24 1
57 25 15
57 26 15
57 27 15
57 28 15
57 29 15
57 30 15
57 31 15
57 32 15
57 33 15
57 34 15
57 35 15
57 36 15
57 37 15
57 38 15
57 39 15
57 40 15
57 41 15
57 42 15
57 43 15
57 44 15
57 45 15
57 46 15
57 47 15
57 48 15
57 49 15
57 50 4
57 51 3
57 52 15
57 53 12
58 0 15
58 1 15
58 2 15
58 3 15
58 4 15
58 5 15
58 6 15
58 7 15
58 8 15
58 9 15
58 10 15
58 11 15
58 12 15
58 13 15
58 14 15
58 15 15
58 16 15
58 17 15
58 18 15
58 19 15
58 20 15
58 21 15
58 22 4
58 24 1
58 25 15
58 26 15
58 27 15
58 28 15
58 29 15
58 30 15
58 31 15
58 32 15
58 33 15
58 34 15
58 35 15
58 36 15
58 37 15
58 38 15
58 39 15
58 40 15
58 41 15
58 42 15
58 43 15
58 44 15
58 45 15
58 46 15
58 47 15
58 48 15
58 49 15
58 50 12
58 51 8
58 52 3
58 53 15
58 54 12
59 0 15
59 1 15
59 2 15
59 3 15
59 4 15
59 5 15
59 6 15
59 7 15
59 8 15
59 9 15
59 10 15
59 11 15
59 12 15
59 13 15
59 14 15
59 15 15
59 16 15
59 17 15
59 18 15
59 19 15
59 20 15
59 21 15
59 22 4
59 24 9
59 25 15
59 26 15
59 27 15
59 28 15
59 29 15
59 30 15
59 31 15
59 32 15
59 33 15
59 34 15
59 35 15
59 36 15
59 37 15
59 38 15
59 39 15
59 40 15
59 41 15
59 42 15
59 43 15
59 44 15
59 45 15
59 46 15
59 47 15
59 48 15
59 49 15
59 50 15
59 51 15
59 52 12
59 53 3
59 54 15
59 55 12
59 56 8
59 57 8
60 0 15
60 1 15
60 2 15
60 3 15
60 4 15
60 5 15
60 6 15
60 7 15
60 8 15
60 9 15
60 10 15
60 11 15
60 12 15
60 13 15
60 14 15
60 15 15
60 16 15
60 17 15
60 18 15
60 19 15
60 20 15
60 21 15
60 22 4
60 23 1
60 24 15
60 25 15
60 26 15
60 27 15
60 28 15
60 29 15
60 30 15
60 31 15
60 32 15
60 33 15
60 34 15
60 35 15
60 36 15
60 37 15
60 38 15
60 39 15
60 40 15
60 41 15
60 42 15
60 43 15
60 44 15
60 45 15
60 46 15
60 47 15
60 48 15
60 49 15
60 50 15
60 51 15
60 52 15
60 53 12
60 54 10
60 55 2
60 56 3
60 57 15
60 58 12
60 59 8
61 0 15
61 1 15
61 2 15
61 3 15
61 4 15
61 5 15
61 6 15
61 7 15
61 8 15
61 9 15
61 10 15
61 11 15
61 12 15
61 13 15
61 14 15
61 15 15
61 16 15
61 17 15
61 18 15
61 19 15
61 20 15
61 21 15
61 22 4
61 23 1
61 24 15
61 25 15
61 26 15
61 27 15
61 28 15
61 29 15
61 30 15
61 31 15
61 32 15
61 33 15
61 34 15
61 35 15
61 36 15
61 37 15
61 38 15
61 39 15
61 40 15
61 41 15
61 42 15
61 43 15
61 44 15
61 45 15
61 46 15
61 47 15
61 48 15
61 49 15
61 50 15
61 51 15
61 52 15
61 53 15
61 54 15
61 55 12
61 57 2
61 58 3
61 59 15
61 60 12
61 61 8
62 0 15
62 1 15
62 2 15
62 3 15
62 4 15
62 5 15
62 6 15
62 7 15
62 8 15
62 9 15
62 10 15
62 11 15
62 12 15
62 13 15
62 14 15
62 15 15
62 16 15
62 17 15
62 18 15
62 19 15
62 20 15
62 21 15
62 22 12
62 23 9
62 24 15
62 25 15
62 26 15
62 27 15
62 28 15
62 29 15
62 30 15
62 31 15
62 32 15
62 33 15
62 34 15
62 35 15
62 36 15
62 37 15
62 38 15
62 39 15
62 40 15
62 41 15
62 42 15
62 43 15
62 44 15
62 45 15
62 46 15
62 47 15
62 48 15
62 49 15
62 50 15
62 51 15
62 52 15
62 53 15
62 54 15
62 55 15
62 56 12
62 57 8
62 59 2
62 60 2
62 61 2
63 0 15
63 1 15
63 2 15
63 3 15
63 4 15
63 5 15
63 6 15
63 7 15
63 8 15
63 9 15
63 10 15
63 11 15
63 12 15
63 13 15
63 14 15
63 15 15
63 16 15
63 17 15
63 18 15
63 19 15
63 20 15
63 21 15
63 22 15
63 23 15
63 24 15
63 25 15
63 26 15
63 27 15
63 28 15
63 29 15
63 30 15
63 31 15
63 32 15
63 33 15
63 34 15
63 35 15
63 36 15
63 37 15
63 38 15
63 39 15
63 40 15
63 41 15
63 42 15
63 43 15
63 44 15
63 45 15
63 46 15
63 47 15
63 48 15
63 49 15
63 50 15
63 51 15
63 52 15
63 53 15
63 54 15
63 55 15
63 56 15
63 57 15
63 58 4
