0
0 0 15
0 1 15
0 2 15
0 3 15
0 4 15
0 5 15
0 6 15
0 7 15
0 8 15
0 9 15
0 10 15
0 11 15
0 12 15
0 13 12
1 0 15
1 1 15
1 2 15
1 3 15
1 4 15
1 5 15
1 6 15
1 7 15
1 8 15
1 9 15
1 10 15
1 11 15
1 12 15
1 13 15
1 14 4
2 0 15
2 1 15
2 2 15
2 3 15
2 4 15
2 5 15
2 6 15
2 7 15
2 8 15
2 9 15
2 10 15
2 11 15
2 12 15
2 13 15
2 14 4
3 0 15
3 1 15
3 2 15
3 3 15
3 4 15
3 5 15
3 6 15
3 7 15
3 8 15
3 9 15
3 10 15
3 11 15
3 12 15
3 13 15
3 14 12
3 15 8
4 0 15
4 1 15
4 2 15
4 3 15
4 4 15
4 5 15
4 6 15
4 7 15
4 8 15
4 9 15
4 10 15
4 11 15
4 12 15
4 13 15
4 14 15
4 15 15
4 16 12
5 0 15
5 1 15
5 2 15
5 3 15
5 4 15
5 5 15
5 6 15
5 7 15
5 8 15
5 9 15
5 10 15
5 11 15
5 12 15
5 13 15
5 14 15
5 15 15
5 16 15
5 17 4
6 0 15
6 1 15
6 2 15
6 3 15
6 4 15
6 5 15
6 6 15
6 7 15
6 8 15
6 9 15
6 10 15
6 11 15
6 12 15
6 13 15
6 14 15
6 15 15
6 16 15
6 17 12
7 0 15
7 1 15
7 2 15
7 3 15
7 4 15
7 5 15
7 6 15
7 7 15
7 8 15
7 9 15
7 10 15
7 11 15
7 12 15
7 13 15
7 14 15
7 15 15
7 16 15
7 17 15
7 18 4
8 0 15
8 1 15
8 2 15
8 3 15
8 4 15
8 5 15
8 6 15
8 7 15
8 8 15
8 9 15
8 10 15
8 11 15
8 12 15
8 13 15
8 14 15
8 15 15
8 16 15
8 17 6
9 0 15
9 1 15
9 2 15
9 3 15
9 4 15
9 5 15
9 6 15
9 7 15
9 8 15
9 9 15
9 10 15
9 11 15
9 12 15
9 13 15
9 14 15
9 15 15
9 16 15
9 17 4
10 0 15
10 1 15
10 2 15
10 3 15
10 4 15
10 5 15
10 6 15
10 7 15
10 8 15
10 9 15
10 10 15
10 11 15
10 12 15
10 13 15
10 14 15
10 15 15
10 16 6
11 0 15
11 1 15
11 2 15
11 3 15
11 4 15
11 5 15
11 6 15
11 7 6
11 8 3
11 9 15
11 10 15
11 11 15
11 12 15
11 13 15
11 14 15
11 15 6
12 0 15
12 1 15
12 2 15
12 3 15
12 4 15
12 5 15
12 6 6
12 9 3
12 10 15
12 11 15
12 12 15
12 13 15
12 14 6
13 0 15
13 1 15
13 2 15
13 3 15
13 4 15
13 5 6
13 10 3
13 11 15
13 12 15
13 13 6
14 0 15
14 1 15
14 2 15
14 3 15
14 4 15
14 5 4
14 11 2
14 12 2
15 0 15
15 1 15
15 2 15
15 3 15
15 4 15
15 5 4
16 0 15
16 1 15
16 2 15
16 3 15
16 4 15
16 5 4
17 0 15
17 1 15
17 2 15
17 3 15
17 4 15
17 5 4
18 0 15
18 1 15
18 2 15
18 3 15
18 4 15
18 5 12
18 6 8
19 0 15
19 1 15
19 2 15
19 3 15
19 4 15
19 5 15
19 6 15
19 7 12
19 8 8
20 0 15
20 1 15
20 2 15
20 3 15
20 4 15
20 5 15
20 6 15
20 7 15
20 8 15
20 9 4
21 0 15
21 1 15
21 2 15
21 3 15
21 4 15
21 5 15
21 6 15
21 7 15
21 8 15
21 9 12
22 0 15
22 1 15
22 2 15
22 3 15
22 4 15
22 5 15
22 6 15
22 7 15
22 8 15
22 9 15
22 10 4
23 0 15
23 1 15
23 2 15
23 3 15
23 4 15
23 5 15
23 6 15
23 7 15
23 8 15
23 9 15
23 10 4
24 0 15
24 1 15
24 2 15
24 3 15
24 4 15
24 5 15
24 6 15
24 7 15
24 8 15
24 9 6
25 0 15
25 1 15
25 2 15
25 3 15
25 4 15
25 5 15
25 6 15
25 7 15
25 8 6
26 0 15
26 1 15
26 2 15
26 3 15
26 4 15
26 5 15
26 6 15
26 7 6
27 0 15
27 1 15
27 2 15
27 3 15
27 4 15
27 5 15
27 6 6
28 0 15
28 1 15
28 2 15
28 3 15
28 4 15
28 5 15
28 6 4
29 0 15
29 1 15
29 2 15
29 3 15
29 4 15
29 5 6
30 0 15
30 1 15
30 2 15
30 3 15
30 4 6
31 0 15
31 1 15
31 2 15
31 3 15
31 4 12
32 0 15
32 1 15
32 2 15
32 3 15
32 4 15
32 5 12
33 0 15
33 1 15
33 2 15
33 3 15
33 4 15
33 5 15
33 6 4
34 0 15
34 1 15
34 2 15
34 3 15
34 4 15
34 5 15
34 6 4
35 0 15
35 1 15
35 2 15
35 3 15
35 4 15
35 5 15
35 6 4
36 0 15
36 1 15
36 2 15
36 3 15
36 4 15
36 5 15
36 6 4
37 0 15
37 1 15
37 2 15
37 3 15
37 4 15
37 5 15
37 6 12
38 0 15
38 1 15
38 2 15
38 3 15
38 4 15
38 5 15
38 6 15
38 7 4
39 0 15
39 1 15
39 2 15
39 3 15
39 4 15
39 5 15
39 6 15
39 7 4
40 0 15
40 1 15
40 2 15
40 3 15
40 4 15
40 5 15
40 6 15
40 7 4
40 20 8
41 0 15
41 1 15
41 2 15
41 3 15
41 4 15
41 5 15
41 6 15
41 7 4
41 18 8
41 19 9
41 20 15
41 21 12
42 0 15
42 1 15
42 2 15
42 3 15
42 4 15
42 5 15
42 6 15
42 7 4
42 17 9
42 18 15
42 19 15
42 20 15
42 21 15
42 22 12
43 0 15
43 1 15
43 2 15
43 3 15
43 4 15
43 5 15
43 6 15
43 7 4
43 16 9
43 17 15
43 18 15
43 19 15
43 20 15
43 21 15
43 22 15
43 23 12
44 0 15
44 1 15
44 2 15
44 3 15
44 4 15
44 5 15
44 6 6
44 15 1
44 16 15
44 17 15
44 18 15
44 19 15
44 20 15
44 21 15
44 22 15
44 23 15
44 24 12
45 0 15
45 1 15
45 2 15
45 3 15
45 4 15
45 5 15
45 6 12
45 11 8
45 12 8
45 15 9
45 16 15
45 17 15
45 18 15
45 19 15
45 20 15
45 21 15
45 22 15
45 23 15
45 24 15
45 25 12
46 0 15
46 1 15
46 2 15
46 3 15
46 4 15
46 5 15
46 6 15
46 7 12
46 8 8
46 9 8
46 10 9
46 11 15
46 12 15
46 13 12
46 14 9
46 15 15
46 16 15
46 17 15
46 18 15
46 19 15
46 20 15
46 21 15
46 22 15
46 23 15
46 24 15
46 25 15
46 26 4
47 0 15
47 1 15
47 2 15
47 3 15
47 4 15
47 5 15
47 6 15
47 7 15
47 8 15
47 9 15
47 10 15
47 11 15
47 12 15
47 13 15
47 14 15
47 15 15
47 16 15
47 17 15
47 18 15
47 19 15
47 20 15
47 21 15
47 22 15
47 23 15
47 24 15
47 25 6
48 0 15
48 1 15
48 2 15
48 3 15
48 4 15
48 5 15
48 6 15
48 7 15
48 8 15
48 9 15
48 10 15
48 11 15
48 12 15
48 13 15
48 14 15
48 15 15
48 16 15
48 17 15
48 18 15
48 19 15
48 20 15
48 21 15
48 22 15
48 23 15
48 24 15
48 25 4
49 0 15
49 1 15
49 2 15
49 3 15
49 4 15
49 5 15
49 6 15
49 7 15
49 8 15
49 9 15
49 10 15
49 11 15
49 12 15
49 13 15
49 14 15
49 15 15
49 16 15
49 17 15
49 18 15
49 19 15
49 20 15
49 21 15
49 22 15
49 23 6
49 24 2
50 0 15
50 1 15
50 2 15
50 3 15
50 4 15
50 5 15
50 6 15
50 7 15
50 8 15
50 9 15
50 10 15
50 11 15
50 12 15
50 13 15
50 14 15
50 15 6
50 16 3
50 17 15
50 18 15
50 19 15
50 20 15
50 21 6
50 22 2
51 0 15
51 1 15
51 2 15
51 3 15
51 4 15
51 5 15
51 6 15
51 7 15
51 8 15
51 9 15
51 10 15
51 11 15
51 12 14
51 13 2
51 14 2
51 17 2
51 18 3
51 19 15
51 20 6
52 0 15
52 1 15
52 2 15
52 3 15
52 4 15
52 5 15
52 6 15
52 7 15
52 8 15
52 9 15
52 10 6
52 11 2
52 12 2
52 19 2
53 0 15
53 1 15
53 2 15
53 3 15
53 4 15
53 5 15
53 6 15
53 7 15
53 8 15
53 9 6
54 0 15
54 1 15
54 2 15
54 3 15
54 4 15
54 5 15
54 6 15
54 7 15
54 8 6
55 0 15
55 1 15
55 2 15
55 3 15
55 4 15
55 5 15
55 6 15
55 7 15
55 8 4
56 0 15
56 1 15
56 2 15
56 3 15
56 4 15
56 5 15
56 6 15
56 7 15
56 8 4
57 0 15
57 1 15
57 2 15
57 3 15
57 4 15
57 5 15
57 6 15
57 7 15
57 8 12
58 0 15
58 1 15
58 2 15
58 3 15
58 4 15
58 5 15
58 6 15
58 7 15
58 8 15
58 9 12
59 0 15
59 1 15
59 2 15
59 3 15
59 4 15
59 5 15
59 6 15
59 7 15
59 8 15
59 9 15
59 10 4
60 0 15
60 1 15
60 2 15
60 3 15
60 4 15
60 5 15
60 6 15
60 7 15
60 8 15
60 9 15
60 10 12
61 0 15
61 1 15
61 2 15
61 3 15
61 4 15
61 5 15
61 6 15
61 7 15
61 8 15
61 9 15
61 10 15
61 11 4
62 0 15
62 1 15
62 2 15
62 3 15
62 4 15
62 5 15
62 6 15
62 7 15
62 8 15
62 9 15
62 10 15
62 11 12
63 0 15
63 1 15
63 2 15
63 3 15
63 4 15
63 5 15
63 6 15
63 7 15
63 8 15
63 9 15
63 10 15
63 11 15
63 12 4
