15
0 0 0
0 1 0
0 2 0
0 3 0
0 4 0
0 5 0
0 6 1
0 15 12
0 16 0
0 17 0
0 18 0
0 19 0
0 20 0
0 21 1
1 0 0
1 1 0
1 2 0
1 3 0
1 4 0
1 5 0
1 6 9
1 16 4
1 17 0
1 18 0
1 19 0
1 20 0
1 21 0
1 22 3
2 0 0
2 1 0
2 2 0
2 3 0
2 4 0
2 5 9
2 16 12
2 17 0
2 18 0
2 19 0
2 20 0
2 21 0
2 22 9
3 0 0
3 1 0
3 2 0
3 3 0
3 4 9
3 17 4
3 18 0
3 19 0
3 20 0
3 21 1
4 0 0
4 1 0
4 2 0
4 3 1
4 17 12
4 18 8
4 19 0
4 20 8
4 21 9
5 0 0
5 1 0
5 2 0
5 3 9
5 19 13
6 0 0
6 1 0
6 2 1
7 0 0
7 1 0
7 2 9
8 0 0
8 1 1
9 0 0
9 1 1
10 0 0
10 1 1
11 0 0
11 1 0
11 2 3
11 12 6
11 13 2
11 14 2
11 15 2
11 16 3
12 0 0
12 1 0
12 2 0
12 3 3
12 12 4
12 13 0
12 14 0
12 15 0
12 16 0
12 17 2
12 18 2
12 19 3
13 0 0
13 1 0
13 2 0
13 3 1
13 11 6
13 12 0
13 13 0
13 14 0
13 15 0
13 16 0
13 17 0
13 18 0
13 19 0
13 20 3
14 0 0
14 1 0
14 2 0
14 3 0
14 4 3
14 10 6
14 11 0
14 12 0
14 13 0
14 14 0
14 15 0
14 16 0
14 17 0
14 18 0
14 19 0
14 20 1
15 0 0
15 1 0
15 2 0
15 3 0
15 4 1
15 10 4
15 11 0
15 12 0
15 13 0
15 14 0
15 15 0
15 16 0
15 17 0
15 18 0
15 19 0
15 20 0
15 21 3
16 0 0
16 1 0
16 2 0
16 3 0
16 4 0
16 5 3
16 9 6
16 10 0
16 11 0
16 12 0
16 13 0
16 14 0
16 15 0
16 16 0
16 17 0
16 18 0
16 19 0
16 20 0
16 21 1
17 0 0
17 1 0
17 2 0
17 3 0
17 4 0
17 5 0
17 6 2
17 7 2
17 8 2
17 9 0
17 10 0
17 11 0
17 12 0
17 13 0
17 14 0
17 15 0
17 16 0
17 17 0
17 18 0
17 19 0
17 20 8
17 21 9
18 0 0
18 1 0
18 2 0
18 3 0
18 4 0
18 5 0
18 6 0
18 7 0
18 8 0
18 9 0
18 10 0
18 11 0
18 12 0
18 13 0
18 14 0
18 15 0
18 16 0
18 17 0
18 18 0
18 19 9
19 0 0
19 1 0
19 2 0
19 3 0
19 4 0
19 5 0
19 6 0
19 7 0
19 8 0
19 9 0
19 10 0
19 11 0
19 12 0
19 13 0
19 14 0
19 15 8
19 16 8
19 17 8
19 18 9
20 0 0
20 1 0
20 2 0
20 3 0
20 4 0
20 5 0
20 6 0
20 7 0
20 8 0
20 9 0
20 10 0
20 11 0
20 12 0
20 13 0
20 14 1
21 0 0
21 1 0
21 2 0
21 3 0
21 4 0
21 5 0
21 6 0
21 7 0
21 8 0
21 9 0
21 10 0
21 11 0
21 12 0
21 13 0
21 14 1
22 0 0
22 1 0
22 2 0
22 3 0
22 4 0
22 5 0
22 6 0
22 7 0
22 8 0
22 9 0
22 10 0
22 11 0
22 12 0
22 13 0
22 14 1
23 0 0
23 1 0
23 2 0
23 3 0
23 4 0
23 5 0
23 6 0
23 7 0
23 8 0
23 9 0
23 10 0
23 11 0
23 12 0
23 13 0
23 14 0
23 15 3
24 0 0
24 1 0
24 2 0
24 3 0
24 4 0
24 5 0
24 6 0
24 7 0
24 8 0
24 9 0
24 10 0
24 11 0
24 12 0
24 13 0
24 14 0
24 15 1
25 0 0
25 1 0
25 2 0
25 3 0
25 4 0
25 5 0
25 6 0
25 7 0
25 8 0
25 9 0
25 10 0
25 11 0
25 12 0
25 13 0
25 14 0
25 15 1
26 0 0
26 1 0
26 2 0
26 3 0
26 4 0
26 5 0
26 6 0
26 7 0
26 8 0
26 9 0
26 10 0
26 11 0
26 12 0
26 13 0
26 14 0
26 15 1
27 0 0
27 1 0
27 2 0
27 3 0
27 4 0
27 5 0
27 6 0
27 7 0
27 8 0
27 9 0
27 10 0
27 11 0
27 12 0
27 13 0
27 14 0
27 15 1
28 0 0
28 1 0
28 2 0
28 3 0
28 4 0
28 5 0
28 6 0
28 7 0
28 8 0
28 9 0
28 10 0
28 11 0
28 12 0
28 13 0
28 14 0
28 15 9
29 0 0
29 1 0
29 2 0
29 3 0
29 4 0
29 5 0
29 6 0
29 7 0
29 8 0
29 9 0
29 10 0
29 11 0
29 12 0
29 13 0
29 14 9
30 0 0
30 1 0
30 2 0
30 3 0
30 4 0
30 5 0
30 6 0
30 7 0
30 8 0
30 9 0
30 10 0
30 11 0
30 12 0
30 13 9
31 0 0
31 1 0
31 2 0
31 3 0
31 4 0
31 5 0
31 6 0
31 7 0
31 8 0
31 9 0
31 10 0
31 11 0
31 12 9
32 0 0
32 1 0
32 2 0
32 3 0
32 4 0
32 5 0
32 6 0
32 7 0
32 8 0
32 9 0
32 10 0
32 11 9
33 0 0
33 1 0
33 2 0
33 3 0
33 4 0
33 5 0
33 6 0
33 7 0
33 8 0
33 9 0
33 10 1
34 0 0
34 1 0
34 2 0
34 3 0
34 4 0
34 5 0
34 6 0
34 7 0
34 8 0
34 9 0
34 10 9
35 0 0
35 1 0
35 2 0
35 3 0
35 4 0
35 5 0
35 6 0
35 7 0
35 8 0
35 9 1
36 0 0
36 1 0
36 2 0
36 3 0
36 4 0
36 5 0
36 6 0
36 7 0
36 8 0
36 9 9
37 0 0
37 1 0
37 2 0
37 3 0
37 4 0
37 5 0
37 6 0
37 7 0
37 8 1
38 0 0
38 1 0
38 2 0
38 3 0
38 4 0
38 5 0
38 6 0
38 7 0
38 8 1
39 0 0
39 1 0
39 2 0
39 3 0
39 4 0
39 5 0
39 6 0
39 7 0
39 8 1
40 0 0
40 1 0
40 2 0
40 3 0
40 4 0
40 5 0
40 6 0
40 7 0
40 8 1
41 0 0
41 1 0
41 2 0
41 3 0
41 4 0
41 5 0
41 6 0
41 7 0
41 8 9
42 0 0
42 1 0
42 2 0
42 3 0
42 4 0
42 5 0
42 6 0
42 7 1
43 0 0
43 1 0
43 2 0
43 3 0
43 4 0
43 5 0
43 6 0
43 7 9
44 0 0
44 1 0
44 2 0
44 3 0
44 4 0
44 5 0
44 6 1
45 0 0
45 1 0
45 2 0
45 3 0
45 4 0
45 5 0
45 6 1
46 0 0
46 1 0
46 2 0
46 3 0
46 4 0
46 5 0
46 6 1
47 0 0
47 1 0
47 2 0
47 3 0
47 4 0
47 5 0
47 6 1
48 0 0
48 1 0
48 2 0
48 3 0
48 4 0
48 5 0
48 6 1
49 0 0
49 1 0
49 2 0
49 3 0
49 4 0
49 5 0
49 6 1
50 0 0
50 1 0
50 2 0
50 3 0
50 4 0
50 5 0
50 6 1
51 0 0
51 1 0
51 2 0
51 3 0
51 4 0
51 5 0
51 6 1
52 0 0
52 1 0
52 2 0
52 3 0
52 4 0
52 5 0
52 6 9
53 0 0
53 1 0
53 2 0
53 3 0
53 4 0
53 5 1
54 0 0
54 1 0
54 2 0
54 3 0
54 4 0
54 5 1
55 0 0
55 1 0
55 2 0
55 3 0
55 4 0
55 5 1
56 0 0
56 1 0
56 2 0
56 3 0
56 4 0
56 5 9
57 0 0
57 1 0
57 2 0
57 3 0
57 4 1
58 0 0
58 1 0
58 2 0
58 3 0
58 4 9
59 0 0
59 1 0
59 2 0
59 3 9
60 0 0
60 1 8
60 2 9
61 0 9
