0
0 0 15
0 1 15
0 2 15
0 3 15
0 4 4
1 0 15
1 1 15
1 2 15
1 3 15
1 4 4
2 0 15
2 1 15
2 2 15
2 3 6
3 0 15
3 1 15
3 2 15
3 3 4
4 0 15
4 1 15
4 2 6
4 44 8
4 45 8
4 46 8
4 47 8
4 48 8
4 49 8
4 50 8
5 0 15
5 1 15
5 2 4
5 43 1
5 44 15
5 45 15
5 46 15
5 47 15
5 48 15
5 49 15
5 50 15
5 51 12
6 0 15
6 1 15
6 2 4
6 43 9
6 44 15
6 45 15
6 46 15
6 47 15
6 48 15
6 49 15
6 50 15
6 51 15
6 52 12
7 0 15
7 1 15
7 2 4
7 42 1
7 43 15
7 44 15
7 45 15
7 46 15
7 47 15
7 48 15
7 49 15
7 50 15
7 51 15
7 52 15
7 53 12
8 0 15
8 1 15
8 2 4
8 23 8
8 24 8
8 25 8
8 42 9
8 43 15
8 44 15
8 45 15
8 46 15
8 47 15
8 48 15
8 49 15
8 50 15
8 51 15
8 52 15
8 53 15
8 54 12
9 0 15
9 1 15
9 2 4
9 22 9
9 23 15
9 24 15
9 25 15
9 26 12
9 27 8
9 40 8
9 41 9
9 42 15
9 43 15
9 44 15
9 45 15
9 46 15
9 47 15
9 48 15
9 49 15
9 50 15
9 51 15
9 52 15
9 53 15
9 54 15
9 55 12
10 0 15
10 1 15
10 2 4
10 20 8
10 21 9
10 22 15
10 23 15
10 24 15
10 25 15
10 26 15
10 27 15
10 28 12
10 29 8
10 38 8
10 39 9
10 40 15
10 41 15
10 42 15
10 43 15
10 44 15
10 45 15
10 46 15
10 47 15
10 48 15
10 49 15
10 50 15
10 51 15
10 52 15
10 53 15
10 54 15
10 55 15
10 56 12
11 0 15
11 1 15
11 2 4
11 19 9
11 20 15
11 21 15
11 22 15
11 23 15
11 24 15
11 25 15
11 26 15
11 27 15
11 28 15
11 29 15
11 30 12
11 31 8
11 32 8
11 33 8
11 34 8
11 35 8
11 36 8
11 37 9
11 38 15
11 39 15
11 40 15
11 41 15
11 42 15
11 43 15
11 44 15
11 45 15
11 46 15
11 47 15
11 48 15
11 49 6
11 50 3
11 51 15
11 52 15
11 53 15
11 54 15
11 55 15
11 56 15
11 57 4
12 0 15
12 1 15
12 2 12
12 18 1
12 19 15
12 20 15
12 21 15
12 22 15
12 23 15
12 24 15
12 25 15
12 26 15
12 27 15
12 28 15
12 29 15
12 30 15
12 31 15
12 32 15
12 33 15
12 34 15
12 35 15
12 36 15
12 37 15
12 38 15
12 39 15
12 40 15
12 41 15
12 42 15
12 43 15
12 44 15
12 45 15
12 46 15
12 47 15
12 48 15
12 49 4
12 50 9
12 51 15
12 52 15
12 53 15
12 54 15
12 55 15
12 56 15
12 57 4
13 0 15
13 1 15
13 2 15
13 3 4
13 18 9
13 19 15
13 20 15
13 21 15
13 22 15
13 23 15
13 24 15
13 25 15
13 26 15
13 27 15
13 28 15
13 29 15
13 30 15
13 31 15
13 32 6
13 33 3
13 34 15
13 35 15
13 36 15
13 37 15
13 38 15
13 39 15
13 40 15
13 41 15
13 42 15
13 43 15
13 44 15
13 45 15
13 46 15
13 47 15
13 48 15
13 49 13
13 50 15
13 51 15
13 52 6
13 53 3
13 54 15
13 55 15
13 56 15
13 57 4
14 0 15
14 1 15
14 2 15
14 3 12
14 17 1
14 18 15
14 19 15
14 20 15
14 21 15
14 22 15
14 23 15
14 24 15
14 25 15
14 26 15
14 27 6
14 28 3
14 29 15
14 30 15
14 31 15
14 32 12
14 33 9
14 34 15
14 35 15
14 36 15
14 37 15
14 38 15
14 39 15
14 40 15
14 41 15
14 42 15
14 43 15
14 44 15
14 45 15
14 46 15
14 47 15
14 48 15
14 49 15
14 50 15
14 51 15
14 52 12
14 53 9
14 54 15
14 55 15
14 56 15
14 57 4
15 0 15
15 1 15
15 2 15
15 3 15
15 4 12
15 17 9
15 18 15
15 19 15
15 20 15
15 21 15
15 22 15
15 23 15
15 24 15
15 25 15
15 26 15
15 27 12
15 28 9
15 29 15
15 30 15
15 31 15
15 32 15
15 33 15
15 34 6
15 35 3
15 36 15
15 37 15
15 38 15
15 39 15
15 40 15
15 41 15
15 42 15
15 43 15
15 44 15
15 45 15
15 46 6
15 47 3
15 48 15
15 49 15
15 50 15
15 51 15
15 52 15
15 53 15
15 54 15
15 55 15
15 56 15
15 57 12
16 0 15
16 1 15
16 2 15
16 3 15
16 4 15
16 5 4
16 16 1
16 17 15
16 18 15
16 19 15
16 20 15
16 21 15
16 22 15
16 23 15
16 24 15
16 25 15
16 26 15
16 27 15
16 28 15
16 29 15
16 30 15
16 31 15
16 32 15
16 33 15
16 34 12
16 35 9
16 36 15
16 37 15
16 38 15
16 39 15
16 40 15
16 41 15
16 42 15
16 43 15
16 44 15
16 45 15
16 46 12
16 47 9
16 48 15
16 49 15
16 50 15
16 51 15
16 52 15
16 53 15
16 54 15
16 55 15
16 56 15
16 57 15
16 58 4
17 0 15
17 1 15
17 2 15
17 3 15
17 4 15
17 5 12
17 16 9
17 17 15
17 18 15
17 19 15
17 20 15
17 21 15
17 22 15
17 23 15
17 24 15
17 25 15
17 26 15
17 27 15
17 28 15
17 29 15
17 30 15
17 31 15
17 32 15
17 33 15
17 34 15
17 35 15
17 36 15
17 37 15
17 38 15
17 39 15
17 40 15
17 41 15
17 42 15
17 43 15
17 44 15
17 45 15
17 46 15
17 47 15
17 48 15
17 49 15
17 50 15
17 51 15
17 52 15
17 53 15
17 54 15
17 55 15
17 56 15
17 57 15
17 58 4
18 0 15
18 1 15
18 2 15
18 3 15
18 4 15
18 5 15
18 6 12
18 15 1
18 16 15
18 17 15
18 18 6
18 19 2
18 20 2
18 21 3
18 22 15
18 23 15
18 24 15
18 25 15
18 26 15
18 27 15
18 28 15
18 29 15
18 30 15
18 31 15
18 32 15
18 33 15
18 34 15
18 35 15
18 36 15
18 37 15
18 38 15
18 39 15
18 40 15
18 41 15
18 42 15
18 43 15
18 44 15
18 45 15
18 46 15
18 47 15
18 48 15
18 49 15
18 50 15
18 51 15
18 52 15
18 53 6
18 54 2
18 55 2
18 56 2
18 57 2
19 0 15
19 1 15
19 2 15
19 3 15
19 4 15
19 5 15
19 6 15
19 7 4
19 15 1
19 16 15
19 17 15
19 18 12
19 19 8
19 20 8
19 21 1
19 22 15
19 23 15
19 24 15
19 25 15
19 26 15
19 27 15
19 28 15
19 29 15
19 30 15
19 31 15
19 32 15
19 33 15
19 34 15
19 35 15
19 36 15
19 37 15
19 38 15
19 39 15
19 40 15
19 41 15
19 42 15
19 43 15
19 44 15
19 45 15
19 46 15
19 47 15
19 48 15
19 49 15
19 50 15
19 51 15
19 52 15
19 53 4
20 0 15
20 1 15
20 2 15
20 3 15
20 4 15
20 5 15
20 6 15
20 7 12
20 15 1
20 16 15
20 17 15
20 18 15
20 19 15
20 20 15
20 21 4
20 22 11
20 23 15
20 24 15
20 25 15
20 26 15
20 27 15
20 28 15
20 29 15
20 30 15
20 31 15
20 32 15
20 33 15
20 34 15
20 35 15
20 36 15
20 37 15
20 38 15
20 39 15
20 40 15
20 41 15
20 42 15
20 43 15
20 44 15
20 45 15
20 46 15
20 47 15
20 48 15
20 49 15
20 50 15
20 51 15
20 52 15
20 53 4
21 0 15
21 1 15
21 2 15
21 3 15
21 4 15
21 5 15
21 6 15
21 7 15
21 8 12
21 16 3
21 17 15
21 18 15
21 19 15
21 20 15
21 21 13
21 22 15
21 23 15
21 24 15
21 25 15
21 26 15
21 27 15
21 28 15
21 29 15
21 30 15
21 31 15
21 32 15
21 33 15
21 34 15
21 35 15
21 36 15
21 37 15
21 38 15
21 39 15
21 40 15
21 41 15
21 42 15
21 43 15
21 44 15
21 45 15
21 46 15
21 47 15
21 48 15
21 49 15
21 50 15
21 51 15
21 52 15
21 53 4
22 0 15
22 1 15
22 2 15
22 3 15
22 4 15
22 5 15
22 6 15
22 7 15
22 8 15
22 9 12
22 17 3
22 18 15
22 19 6
22 20 3
22 21 15
22 22 15
22 23 15
22 24 15
22 25 15
22 26 15
22 27 15
22 28 15
22 29 15
22 30 15
22 31 15
22 32 15
22 33 15
22 34 15
22 35 15
22 36 15
22 37 15
22 38 15
22 39 15
22 40 15
22 41 15
22 42 15
22 43 15
22 44 15
22 45 15
22 46 15
22 47 15
22 48 15
22 49 15
22 50 15
22 51 15
22 52 15
22 53 12
23 0 15
23 1 15
23 2 15
23 3 15
23 4 15
23 5 15
23 6 15
23 7 15
23 8 15
23 9 15
23 10 12
23 17 1
23 18 15
23 19 12
23 20 9
23 21 15
23 22 15
23 23 15
23 24 15
23 25 15
23 26 15
23 27 15
23 28 15
23 29 15
23 30 15
23 31 15
23 32 15
23 33 15
23 34 15
23 35 15
23 36 15
23 37 15
23 38 15
23 39 15
23 40 15
23 41 15
23 42 15
23 43 6
23 44 3
23 45 15
23 46 15
23 47 15
23 48 15
23 49 15
23 50 15
23 51 15
23 52 15
23 53 15
23 54 12
24 0 15
24 1 15
24 2 15
24 3 15
24 4 15
24 5 15
24 6 15
24 7 15
24 8 15
24 9 15
24 10 15
24 11 12
24 18 3
24 19 15
24 20 15
24 21 15
24 22 15
24 23 15
24 24 15
24 25 15
24 26 15
24 27 15
24 28 15
24 29 15
24 30 15
24 31 15
24 32 15
24 33 15
24 34 6
24 35 11
24 36 15
24 37 15
24 38 15
24 39 15
24 40 15
24 41 15
24 42 15
24 43 12
24 44 8
24 45 2
24 46 11
24 47 15
24 48 15
24 49 15
24 50 15
24 51 15
24 52 15
24 53 15
24 54 15
24 55 4
25 0 15
25 1 15
25 2 15
25 3 15
25 4 15
25 5 15
25 6 15
25 7 15
25 8 15
25 9 15
25 10 15
25 11 15
25 12 12
25 13 8
25 14 8
25 15 8
25 18 1
25 19 15
25 20 15
25 21 15
25 22 15
25 23 15
25 24 15
25 25 15
25 26 15
25 27 15
25 28 15
25 29 15
25 30 15
25 31 15
25 32 15
25 33 15
25 34 13
25 35 15
25 36 15
25 37 15
25 38 15
25 39 15
25 40 15
25 41 15
25 42 15
25 43 15
25 44 15
25 45 5
25 46 15
25 47 15
25 48 15
25 49 15
25 50 15
25 51 15
25 52 15
25 53 15
25 54 15
25 55 4
26 0 15
26 1 15
26 2 15
26 3 15
26 4 15
26 5 15
26 6 15
26 7 15
26 8 15
26 9 15
26 10 15
26 11 15
26 12 15
26 13 15
26 14 15
26 15 15
26 16 12
26 18 1
26 19 15
26 20 15
26 21 15
26 22 15
26 23 15
26 24 15
26 25 15
26 26 15
26 27 15
26 28 15
26 29 15
26 30 15
26 31 15
26 32 15
26 33 15
26 34 15
26 35 15
26 36 15
26 37 15
26 38 15
26 39 15
26 40 15
26 41 15
26 42 15
26 43 15
26 44 6
26 45 1
26 46 15
26 47 15
26 48 15
26 49 15
26 50 15
26 51 15
26 52 15
26 53 15
26 54 15
26 55 12
27 0 15
27 1 15
27 2 15
27 3 15
27 4 15
27 5 15
27 6 15
27 7 15
27 8 15
27 9 15
27 10 15
27 11 15
27 12 15
27 13 6
27 14 3
27 15 15
27 16 15
27 17 12
27 18 9
27 19 15
27 20 15
27 21 15
27 22 15
27 23 15
27 24 15
27 25 15
27 26 15
27 27 15
27 28 15
27 29 15
27 30 15
27 31 15
27 32 15
27 33 15
27 34 15
27 35 15
27 36 15
27 37 15
27 38 15
27 39 15
27 40 15
27 41 15
27 42 15
27 43 15
27 44 12
27 45 9
27 46 15
27 47 15
27 48 15
27 49 15
27 50 15
27 51 15
27 52 15
27 53 15
27 54 15
27 55 15
27 56 4
28 0 15
28 1 15
28 2 15
28 3 15
28 4 15
28 5 15
28 6 15
28 7 15
28 8 15
28 9 15
28 10 15
28 11 6
28 12 10
28 13 8
28 14 9
28 15 15
28 16 15
28 17 15
28 18 15
28 19 15
28 20 15
28 21 15
28 22 15
28 23 15
28 24 15
28 25 15
28 26 15
28 27 15
28 28 15
28 29 15
28 30 15
28 31 15
28 32 15
28 33 15
28 34 15
28 35 15
28 36 15
28 37 15
28 38 15
28 39 15
28 40 15
28 41 15
28 42 15
28 43 15
28 44 15
28 45 15
28 46 15
28 47 15
28 48 15
28 49 15
28 50 15
28 51 15
28 52 15
28 53 15
28 54 15
28 55 6
29 0 15
29 1 15
29 2 15
29 3 15
29 4 15
29 5 15
29 6 15
29 7 15
29 8 15
29 9 15
29 10 15
29 11 13
29 12 15
29 13 15
29 14 15
29 15 15
29 16 15
29 17 15
29 18 15
29 19 15
29 20 15
29 21 15
29 22 15
29 23 15
29 24 15
29 25 15
29 26 15
29 27 15
29 28 15
29 29 15
29 30 15
29 31 15
29 32 15
29 33 15
29 34 15
29 35 15
29 36 15
29 37 15
29 38 15
29 39 15
29 40 15
29 41 15
29 42 15
29 43 15
29 44 15
29 45 15
29 46 15
29 47 15
29 48 15
29 49 15
29 50 6
29 51 11
29 52 15
29 53 15
29 54 15
29 55 4
30 0 15
30 1 15
30 2 15
30 3 15
30 4 15
30 5 15
30 6 15
30 7 15
30 8 15
30 9 15
30 10 15
30 11 15
30 12 6
30 13 3
30 14 15
30 15 15
30 16 15
30 17 15
30 18 15
30 19 15
30 20 15
30 21 15
30 22 15
30 23 15
30 24 15
30 25 15
30 26 15
30 27 15
30 28 15
30 29 15
30 30 15
30 31 15
30 32 15
30 33 15
30 34 15
30 35 15
30 36 15
30 37 15
30 38 15
30 39 15
30 40 15
30 41 15
30 42 15
30 43 15
30 44 15
30 45 15
30 46 15
30 47 15
30 48 15
30 49 15
30 50 5
30 51 15
30 52 15
30 53 15
30 54 6
31 0 15
31 1 15
31 2 15
31 3 15
31 4 15
31 5 15
31 6 15
31 7 15
31 8 15
31 9 15
31 10 15
31 11 15
31 12 4
31 13 9
31 14 15
31 15 15
31 16 6
31 17 3
31 18 15
31 19 15
31 20 15
31 21 15
31 22 15
31 23 15
31 24 15
31 25 15
31 26 15
31 27 15
31 28 15
31 29 15
31 30 15
31 31 15
31 32 15
31 33 15
31 34 15
31 35 15
31 36 15
31 37 15
31 38 15
31 39 15
31 40 15
31 41 15
31 42 15
31 43 15
31 44 15
31 45 15
31 46 15
31 47 15
31 48 15
31 49 6
31 51 3
31 52 15
31 53 15
31 54 4
32 0 15
32 1 15
32 2 15
32 3 15
32 4 15
32 5 15
32 6 15
32 7 15
32 8 15
32 9 15
32 10 15
32 11 6
32 12 1
32 13 15
32 14 15
32 15 15
32 16 12
32 17 9
32 18 15
32 19 15
32 20 15
32 21 15
32 22 15
32 23 15
32 24 15
32 25 15
32 26 15
32 27 15
32 28 15
32 29 15
32 30 15
32 31 15
32 32 15
32 33 15
32 34 15
32 35 15
32 36 15
32 37 15
32 38 15
32 39 15
32 40 15
32 41 15
32 42 15
32 43 15
32 44 15
32 45 15
32 46 15
32 47 15
32 48 15
32 49 12
32 50 8
32 51 9
32 52 15
32 53 6
33 0 15
33 1 15
33 2 15
33 3 15
33 4 15
33 5 15
33 6 15
33 7 15
33 8 15
33 9 15
33 10 15
33 11 12
33 12 9
33 13 15
33 14 15
33 15 15
33 16 15
33 17 15
33 18 15
33 19 15
33 20 15
33 21 15
33 22 15
33 23 15
33 24 15
33 25 15
33 26 15
33 27 15
33 28 15
33 29 15
33 30 15
33 31 15
33 32 6
33 33 2
33 34 2
33 35 2
33 36 3
33 37 15
33 38 15
33 39 15
33 40 15
33 41 6
33 42 3
33 43 15
33 44 15
33 45 15
33 46 15
33 47 15
33 48 15
33 49 15
33 50 15
33 51 15
33 52 15
33 53 4
34 0 15
34 1 15
34 2 15
34 3 15
34 4 15
34 5 15
34 6 15
34 7 15
34 8 15
34 9 15
34 10 15
34 11 15
34 12 15
34 13 15
34 14 15
34 15 15
34 16 15
34 17 15
34 18 15
34 19 15
34 20 15
34 21 15
34 22 15
34 23 15
34 24 15
34 25 15
34 26 15
34 27 15
34 28 15
34 29 15
34 30 15
34 31 15
34 32 4
34 36 1
34 37 15
34 38 15
34 39 6
34 40 2
34 41 8
34 42 9
34 43 15
34 44 15
34 45 15
34 46 15
34 47 15
34 48 15
34 49 15
34 50 15
34 51 15
34 52 6
35 0 15
35 1 15
35 2 15
35 3 15
35 4 15
35 5 15
35 6 15
35 7 15
35 8 15
35 9 15
35 10 15
35 11 15
35 12 15
35 13 15
35 14 15
35 15 15
35 16 15
35 17 15
35 18 15
35 19 15
35 20 15
35 21 15
35 22 15
35 23 15
35 24 15
35 25 15
35 26 15
35 27 15
35 28 15
35 29 15
35 30 6
35 31 3
35 32 4
35 36 1
35 37 6
35 38 2
35 40 9
35 41 15
35 42 15
35 43 15
35 44 15
35 45 15
35 46 15
35 47 15
35 48 15
35 49 15
35 50 15
35 51 6
36 0 15
36 1 15
36 2 15
36 3 15
36 4 15
36 5 15
36 6 15
36 7 15
36 8 15
36 9 15
36 10 15
36 11 15
36 12 15
36 13 15
36 14 15
36 15 15
36 16 15
36 17 15
36 18 15
36 19 15
36 20 15
36 21 15
36 22 15
36 23 15
36 24 15
36 25 15
36 26 15
36 27 15
36 28 15
36 29 6
36 31 1
36 32 4
36 36 1
36 37 4
36 39 1
36 40 15
36 41 15
36 42 15
36 43 15
36 44 15
36 45 15
36 46 15
36 47 15
36 48 15
36 49 15
36 50 6
37 0 15
37 1 15
37 2 15
37 3 15
37 4 15
37 5 15
37 6 15
37 7 15
37 8 15
37 9 15
37 10 15
37 11 15
37 12 15
37 13 15
37 14 15
37 15 15
37 16 15
37 17 15
37 18 15
37 19 15
37 20 15
37 21 15
37 22 15
37 23 15
37 24 15
37 25 15
37 26 15
37 27 15
37 28 15
37 29 4
37 31 1
37 32 4
37 36 1
37 37 4
37 40 3
37 41 15
37 42 15
37 43 15
37 44 15
37 45 15
37 46 15
37 47 15
37 48 15
37 49 6
38 0 15
38 1 15
38 2 15
38 3 15
38 4 15
38 5 15
38 6 15
38 7 15
38 8 15
38 9 15
38 10 15
38 11 6
38 12 3
38 13 15
38 14 15
38 15 15
38 16 15
38 17 15
38 18 15
38 19 15
38 20 15
38 21 15
38 22 15
38 23 15
38 24 15
38 25 15
38 26 15
38 27 15
38 28 15
38 29 4
38 31 1
38 32 12
38 36 9
38 37 4
38 41 3
38 42 15
38 43 15
38 44 15
38 45 15
38 46 15
38 47 15
38 48 6
39 0 15
39 1 15
39 2 15
39 3 15
39 4 15
39 5 15
39 6 15
39 7 15
39 8 15
39 9 15
39 10 15
39 11 12
39 12 9
39 13 15
39 14 15
39 15 15
39 16 15
39 17 15
39 18 15
39 19 15
39 20 15
39 21 15
39 22 15
39 23 15
39 24 15
39 25 15
39 26 15
39 27 15
39 28 6
39 31 1
39 32 15
39 33 4
39 35 1
39 36 15
39 37 4
39 42 2
39 43 3
39 44 15
39 45 15
39 46 15
39 47 15
39 48 4
40 0 15
40 1 15
40 2 15
40 3 15
40 4 15
40 5 15
40 6 15
40 7 15
40 8 15
40 9 15
40 10 15
40 11 15
40 12 15
40 13 15
40 14 15
40 15 15
40 16 15
40 17 15
40 18 15
40 19 15
40 20 15
40 21 15
40 22 15
40 23 15
40 24 15
40 25 6
40 26 2
40 27 2
40 32 2
40 36 2
40 44 3
40 45 15
40 46 15
40 47 15
40 48 4
41 0 15
41 1 15
41 2 15
41 3 15
41 4 15
41 5 15
41 6 15
41 7 15
41 8 15
41 9 15
41 10 15
41 11 15
41 12 15
41 13 15
41 14 15
41 15 15
41 16 15
41 17 15
41 18 15
41 19 15
41 20 15
41 21 15
41 22 15
41 23 15
41 24 15
41 25 4
41 44 1
41 45 15
41 46 15
41 47 15
41 48 12
42 0 15
42 1 15
42 2 15
42 3 15
42 4 15
42 5 15
42 6 15
42 7 15
42 8 15
42 9 15
42 10 15
42 11 15
42 12 15
42 13 15
42 14 15
42 15 15
42 16 15
42 17 15
42 18 15
42 19 15
42 20 15
42 21 15
42 22 15
42 23 15
42 24 6
42 45 3
42 46 15
42 47 15
42 48 15
42 49 4
43 0 15
43 1 15
43 2 15
43 3 15
43 4 15
43 5 15
43 6 15
43 7 15
43 8 15
43 9 15
43 10 15
43 11 15
43 12 15
43 13 15
43 14 15
43 15 15
43 16 15
43 17 15
43 18 15
43 19 15
43 20 15
43 21 15
43 22 15
43 23 6
43 46 3
43 47 15
43 48 15
43 49 12
44 0 15
44 1 15
44 2 15
44 3 15
44 4 15
44 5 15
44 6 15
44 7 15
44 8 15
44 9 15
44 10 15
44 11 15
44 12 15
44 13 15
44 14 15
44 15 15
44 16 15
44 17 15
44 18 15
44 19 15
44 20 15
44 21 15
44 22 6
44 28 8
44 29 8
44 30 8
44 31 8
44 32 8
44 36 8
44 37 8
44 38 8
44 39 8
44 40 8
44 46 1
44 47 15
44 48 15
44 49 15
44 50 12
45 0 15
45 1 15
45 2 15
45 3 15
45 4 15
45 5 15
45 6 15
45 7 15
45 8 15
45 9 15
45 10 15
45 11 15
45 12 15
45 13 15
45 14 15
45 15 15
45 16 15
45 17 15
45 18 15
45 19 6
45 20 3
45 21 15
45 22 4
45 27 1
45 28 15
45 29 6
45 30 2
45 31 2
45 32 2
45 33 8
45 34 8
45 35 8
45 36 2
45 37 2
45 38 2
45 39 3
45 40 15
45 41 4
45 46 1
45 47 15
45 48 15
45 49 15
45 50 15
45 51 4
46 0 15
46 1 15
46 2 15
46 3 15
46 4 15
46 5 15
46 6 15
46 7 15
46 8 15
46 9 15
46 10 15
46 11 15
46 12 15
46 13 15
46 14 15
46 15 15
46 16 15
46 17 6
46 18 2
46 21 2
46 27 1
46 28 6
46 33 2
46 34 2
46 35 2
46 40 3
46 41 5
46 42 4
46 47 3
46 48 15
46 49 15
46 50 15
46 51 4
47 0 15
47 1 15
47 2 15
47 3 15
47 4 15
47 5 15
47 6 15
47 7 15
47 8 15
47 9 15
47 10 15
47 11 15
47 12 15
47 13 15
47 14 15
47 15 15
47 16 6
47 27 9
47 28 4
47 40 1
47 41 13
47 42 4
47 47 1
47 48 15
47 49 15
47 50 15
47 51 4
48 0 15
48 1 15
48 2 15
48 3 15
48 4 15
48 5 15
48 6 15
48 7 15
48 8 15
48 9 15
48 10 15
48 11 15
48 12 15
48 13 15
48 14 15
48 15 15
48 16 4
48 26 1
48 27 15
48 28 4
48 40 1
48 41 15
48 42 4
48 47 1
48 48 15
48 49 15
48 50 15
48 51 12
48 52 8
48 53 8
49 0 15
49 1 15
49 2 15
49 3 15
49 4 15
49 5 15
49 6 15
49 7 15
49 8 15
49 9 15
49 10 15
49 11 15
49 12 15
49 13 15
49 14 6
49 15 2
49 26 1
49 27 14
49 41 11
49 42 4
49 47 1
49 48 15
49 49 15
49 50 15
49 51 15
49 52 15
49 53 15
49 54 12
50 0 15
50 1 15
50 2 15
50 3 15
50 4 15
50 5 15
50 6 15
50 7 15
50 8 15
50 9 15
50 10 15
50 11 15
50 12 15
50 13 6
50 21 8
50 22 8
50 23 8
50 24 8
50 26 1
50 27 15
50 28 4
50 40 1
50 41 15
50 42 4
50 47 9
50 48 15
50 49 15
50 50 15
50 51 15
50 52 15
50 53 15
50 54 15
50 55 4
50 63 8
51 0 15
51 1 15
51 2 15
51 3 15
51 4 15
51 5 15
51 6 15
51 7 15
51 8 15
51 9 15
51 10 15
51 11 15
51 12 15
51 13 12
51 20 1
51 21 15
51 22 6
51 23 3
51 24 15
51 25 4
51 27 3
51 28 4
51 40 9
51 41 6
51 46 1
51 47 15
51 48 15
51 49 15
51 50 15
51 51 15
51 52 15
51 53 15
51 54 15
51 55 4
51 61 8
51 62 9
51 63 15
52 0 15
52 1 15
52 2 15
52 3 15
52 4 15
52 5 15
52 6 15
52 7 15
52 8 15
52 9 15
52 10 15
52 11 15
52 12 15
52 13 15
52 14 12
52 20 1
52 21 6
52 24 3
52 25 4
52 27 1
52 28 4
52 39 1
52 40 15
52 41 4
52 47 2
52 48 2
52 49 2
52 50 2
52 51 2
52 52 2
52 53 2
52 54 2
52 60 1
52 61 15
52 62 15
52 63 15
53 0 15
53 1 15
53 2 15
53 3 15
53 4 15
53 5 15
53 6 15
53 7 15
53 8 15
53 9 15
53 10 15
53 11 15
53 12 15
53 13 15
53 14 15
53 15 4
53 20 1
53 21 12
53 24 9
53 25 4
53 27 1
53 28 4
53 39 1
53 40 15
53 41 4
53 60 1
53 61 15
53 62 15
53 63 15
54 0 15
54 1 15
54 2 15
54 3 15
54 4 15
54 5 15
54 6 15
54 7 15
54 8 15
54 9 15
54 10 15
54 11 15
54 12 15
54 13 15
54 14 15
54 15 4
54 20 1
54 21 15
54 22 12
54 23 9
54 24 15
54 25 4
54 27 9
54 28 4
54 40 3
54 41 12
54 47 8
54 48 8
54 49 8
54 50 8
54 51 8
54 52 8
54 53 8
54 60 1
54 61 15
54 62 15
54 63 15
55 0 15
55 1 15
55 2 15
55 3 15
55 4 15
55 5 15
55 6 15
55 7 15
55 8 15
55 9 15
55 10 15
55 11 15
55 12 15
55 13 15
55 14 6
55 21 2
55 22 2
55 23 2
55 24 2
55 26 1
55 27 15
55 28 4
55 40 1
55 41 15
55 42 4
55 46 1
55 47 15
55 48 15
55 49 15
55 50 15
55 51 15
55 52 15
55 53 15
55 54 4
55 61 3
55 62 15
55 63 15
56 0 15
56 1 15
56 2 15
56 3 6
56 4 2
56 5 2
56 6 3
56 7 15
56 8 15
56 9 15
56 10 15
56 11 15
56 12 15
56 13 15
56 14 12
56 26 1
56 27 14
56 41 11
56 42 4
56 46 1
56 47 15
56 48 15
56 49 6
56 50 3
56 51 15
56 52 15
56 53 6
56 61 1
56 62 15
56 63 15
57 0 15
57 1 15
57 2 15
57 3 4
57 7 3
57 8 15
57 9 15
57 10 15
57 11 15
57 12 15
57 13 15
57 14 15
57 15 4
57 26 1
57 27 15
57 28 12
57 29 8
57 30 8
57 38 8
57 39 8
57 40 9
57 41 15
57 42 4
57 46 1
57 47 15
57 48 15
57 49 12
57 50 9
57 51 15
57 52 15
57 53 4
57 61 1
57 62 15
57 63 15
58 0 15
58 1 15
58 2 15
58 3 4
58 7 1
58 8 15
58 9 15
58 10 15
58 11 15
58 12 15
58 13 15
58 14 15
58 15 12
58 16 8
58 27 3
58 28 15
58 29 15
58 30 15
58 31 4
58 37 1
58 38 15
58 39 15
58 40 15
58 41 6
58 46 1
58 47 15
58 48 15
58 49 15
58 50 15
58 51 15
58 52 15
58 53 12
58 61 9
58 62 15
58 63 6
59 0 15
59 1 15
59 2 15
59 3 12
59 4 8
59 7 9
59 8 15
59 9 15
59 10 15
59 11 15
59 12 15
59 13 15
59 14 15
59 15 15
59 16 15
59 17 12
59 18 8
59 19 8
59 20 8
59 21 8
59 28 2
59 29 2
59 30 3
59 31 12
59 37 9
59 38 6
59 39 2
59 40 2
59 45 8
59 46 9
59 47 15
59 48 15
59 49 15
59 50 15
59 51 15
59 52 15
59 53 15
59 54 4
59 59 8
59 60 9
59 61 15
59 62 15
59 63 12
60 0 15
60 1 15
60 2 15
60 3 15
60 4 15
60 5 12
60 6 9
60 7 15
60 8 15
60 9 15
60 10 15
60 11 15
60 12 15
60 13 15
60 14 15
60 15 15
60 16 15
60 17 15
60 18 15
60 19 15
60 20 15
60 21 15
60 22 12
60 30 1
60 31 15
60 32 12
60 36 9
60 37 15
60 38 4
60 44 1
60 45 15
60 46 15
60 47 15
60 48 15
60 49 15
60 50 15
60 51 15
60 52 6
60 53 2
60 55 8
60 56 8
60 57 8
60 58 9
60 59 15
60 60 15
60 61 15
60 62 15
60 63 15
61 0 15
61 1 15
61 2 15
61 3 15
61 4 15
61 5 15
61 6 15
61 7 15
61 8 15
61 9 15
61 10 15
61 11 15
61 12 15
61 13 15
61 14 15
61 15 15
61 16 15
61 17 15
61 18 15
61 19 15
61 20 15
61 21 15
61 22 15
61 23 4
61 31 3
61 32 15
61 33 12
61 34 8
61 35 9
61 36 15
61 37 6
61 44 9
61 45 15
61 46 15
61 47 15
61 48 15
61 49 15
61 50 15
61 51 15
61 52 12
61 53 8
61 54 9
61 55 15
61 56 15
61 57 15
61 58 15
61 59 15
61 60 15
61 61 15
61 62 15
61 63 15
62 0 15
62 1 15
62 2 15
62 3 15
62 4 15
62 5 15
62 6 15
62 7 15
62 8 15
62 9 15
62 10 15
62 11 15
62 12 15
62 13 15
62 14 15
62 15 15
62 16 15
62 17 15
62 18 15
62 19 15
62 20 15
62 21 15
62 22 15
62 23 4
62 32 2
62 33 2
62 34 2
62 35 2
62 36 2
62 43 9
62 44 15
62 45 15
62 46 6
62 47 11
62 48 15
62 49 15
62 50 15
62 51 15
62 52 15
62 53 15
62 54 15
62 55 15
62 56 15
62 57 15
62 58 15
62 59 15
62 60 6
62 61 3
62 62 15
62 63 15
63 0 15
63 1 15
63 2 15
63 3 15
63 4 15
63 5 15
63 6 15
63 7 15
63 8 15
63 9 15
63 10 15
63 11 15
63 12 15
63 13 15
63 14 15
63 15 15
63 16 15
63 17 15
63 18 15
63 19 15
63 20 15
63 21 15
63 22 15
63 23 4
63 42 1
63 43 15
63 44 15
63 45 15
63 46 5
63 47 15
63 48 15
63 49 15
63 50 15
63 51 15
63 52 15
63 53 15
63 54 15
63 55 15
63 56 15
63 57 15
63 58 15
63 59 15
63 60 4
63 61 1
63 62 15
63 63 15
