0
0 35 1
0 36 15
0 37 15
0 38 15
0 39 15
0 40 15
0 41 15
0 42 15
0 43 4
0 44 1
0 45 15
0 46 15
0 47 15
0 48 15
0 49 15
0 50 15
0 51 15
0 52 15
0 53 15
0 54 15
0 55 15
0 56 15
0 57 15
0 58 15
0 59 15
0 60 15
0 61 15
0 62 15
0 63 15
1 35 1
1 36 15
1 37 15
1 38 15
1 39 15
1 40 15
1 41 15
1 42 15
1 43 12
1 44 9
1 45 15
1 46 15
1 47 15
1 48 15
1 49 15
1 50 15
1 51 15
1 52 15
1 53 15
1 54 15
1 55 15
1 56 15
1 57 15
1 58 15
1 59 15
1 60 15
1 61 15
1 62 15
1 63 15
2 2 1
2 3 4
2 5 1
2 6 4
2 35 1
2 36 15
2 37 15
2 38 15
2 39 15
2 40 15
2 41 15
2 42 15
2 43 15
2 44 15
2 45 15
2 46 15
2 47 15
2 48 15
2 49 15
2 50 15
2 51 15
2 52 15
2 53 15
2 54 15
2 55 15
2 56 15
2 57 15
2 58 15
2 59 15
2 60 15
2 61 15
2 62 15
2 63 15
3 2 1
3 3 4
3 5 1
3 6 4
3 35 1
3 36 15
3 37 15
3 38 6
3 39 3
3 40 15
3 41 15
3 42 15
3 43 15
3 44 15
3 45 15
3 46 15
3 47 15
3 48 15
3 49 15
3 50 15
3 51 15
3 52 6
3 53 2
3 54 2
3 55 2
3 56 3
3 57 15
3 58 15
3 59 15
3 60 15
3 61 15
3 62 15
3 63 15
4 35 9
4 36 15
4 37 15
4 38 12
4 39 9
4 40 15
4 41 15
4 42 15
4 43 15
4 44 15
4 45 15
4 46 15
4 47 15
4 48 15
4 49 15
4 50 15
4 51 15
4 52 4
4 56 1
4 57 15
4 58 15
4 59 15
4 60 15
4 61 15
4 62 15
4 63 15
5 34 1
5 35 15
5 36 15
5 37 15
5 38 15
5 39 15
5 40 15
5 41 15
5 42 15
5 43 15
5 44 15
5 45 15
5 46 15
5 47 15
5 48 15
5 49 15
5 50 15
5 51 15
5 52 4
5 56 1
5 57 15
5 58 15
5 59 15
5 60 15
5 61 15
5 62 15
5 63 15
6 34 8
6 35 2
6 36 3
6 37 15
6 38 15
6 39 15
6 40 15
6 41 15
6 42 15
6 43 15
6 44 15
6 45 15
6 46 15
6 47 15
6 48 15
6 49 15
6 50 15
6 51 15
6 52 4
6 56 1
6 57 15
6 58 15
6 59 15
6 60 15
6 61 15
6 62 15
6 63 6
7 33 1
7 34 15
7 35 12
7 36 9
7 37 15
7 38 15
7 39 15
7 40 15
7 41 15
7 42 15
7 43 15
7 44 15
7 45 15
7 46 15
7 47 15
7 48 15
7 49 15
7 50 15
7 51 15
7 52 4
7 56 1
7 57 15
7 58 15
7 59 15
7 60 15
7 61 15
7 62 15
7 63 12
8 2 1
8 3 4
8 23 8
8 33 1
8 34 15
8 35 15
8 36 15
8 37 15
8 38 15
8 39 6
8 40 11
8 41 15
8 42 15
8 43 15
8 44 15
8 45 15
8 46 15
8 47 15
8 48 15
8 49 15
8 50 15
8 51 15
8 52 4
8 56 1
8 57 15
8 58 15
8 59 15
8 60 15
8 61 15
8 62 15
8 63 15
9 22 1
9 23 7
9 24 4
9 33 9
9 34 15
9 35 15
9 36 15
9 37 15
9 38 15
9 39 13
9 40 15
9 41 15
9 42 15
9 43 15
9 44 15
9 45 15
9 46 15
9 47 15
9 48 15
9 49 15
9 50 15
9 51 15
9 52 4
9 56 1
9 57 15
9 58 15
9 59 15
9 60 15
9 61 15
9 62 15
9 63 15
10 32 1
10 33 15
10 34 15
10 35 15
10 36 15
10 37 15
10 38 15
10 39 15
10 40 15
10 41 15
10 42 15
10 43 15
10 44 15
10 45 15
10 46 15
10 47 15
10 48 15
10 49 15
10 50 15
10 51 15
10 52 4
10 56 1
10 57 15
10 58 15
10 59 15
10 60 15
10 61 15
10 62 15
10 63 15
11 20 8
11 21 8
11 22 8
11 23 8
11 24 8
11 32 1
11 33 15
11 34 15
11 35 15
11 36 15
11 37 15
11 38 15
11 39 15
11 40 15
11 41 15
11 42 15
11 43 15
11 44 15
11 45 15
11 46 15
11 47 15
11 48 6
11 49 3
11 50 15
11 51 15
11 52 4
11 56 1
11 57 15
11 58 15
11 59 15
11 60 15
11 61 15
11 62 15
11 63 15
12 19 1
12 20 15
12 21 6
12 22 2
12 23 3
12 24 15
12 25 4
12 32 1
12 33 15
12 34 15
12 35 15
12 36 15
12 37 15
12 38 15
12 39 15
12 40 15
12 41 15
12 42 15
12 43 15
12 44 15
12 45 15
12 46 15
12 47 15
12 48 12
12 49 1
12 50 15
12 51 15
12 52 4
12 56 1
12 57 15
12 58 15
12 59 15
12 60 15
12 61 15
12 62 15
12 63 15
13 19 1
13 20 6
13 24 3
13 25 4
13 32 1
13 33 15
13 34 15
13 35 15
13 36 15
13 37 15
13 38 15
13 39 15
13 40 15
13 41 15
13 42 15
13 43 15
13 44 15
13 45 15
13 46 15
13 47 15
13 48 15
13 49 4
13 50 3
13 51 15
13 52 12
13 56 9
13 57 15
13 58 15
13 59 15
13 60 15
13 61 15
13 62 15
13 63 15
14 19 1
14 20 12
14 24 9
14 25 4
14 32 1
14 33 15
14 34 15
14 35 15
14 36 15
14 37 15
14 38 15
14 39 15
14 40 15
14 41 15
14 42 15
14 43 15
14 44 15
14 45 15
14 46 15
14 47 15
14 48 15
14 49 12
14 50 9
14 51 15
14 52 15
14 53 12
14 54 8
14 55 9
14 56 15
14 57 15
14 58 15
14 59 15
14 60 15
14 61 6
14 62 3
14 63 15
15 19 1
15 20 15
15 21 12
15 22 8
15 23 9
15 24 15
15 25 4
15 32 1
15 33 15
15 34 15
15 35 15
15 36 15
15 37 15
15 38 15
15 39 15
15 40 15
15 41 15
15 42 15
15 43 15
15 44 15
15 45 15
15 46 15
15 47 15
15 48 15
15 49 15
15 50 15
15 51 15
15 52 15
15 53 15
15 54 15
15 55 15
15 56 15
15 57 15
15 58 15
15 59 15
15 60 15
15 61 12
15 62 9
15 63 15
16 16 8
16 17 8
16 18 8
16 19 8
16 20 2
16 21 2
16 22 2
16 23 2
16 24 2
16 33 3
16 34 15
16 35 15
16 36 15
16 37 15
16 38 15
16 39 15
16 40 15
16 41 15
16 42 15
16 43 15
16 44 15
16 45 15
16 46 6
16 47 2
16 48 3
16 49 15
16 50 15
16 51 15
16 52 15
16 53 15
16 54 15
16 55 15
16 56 15
16 57 15
16 58 15
16 59 15
16 60 15
16 61 15
16 62 15
16 63 15
17 15 1
17 16 15
17 17 6
17 18 3
17 19 15
17 20 4
17 34 3
17 35 15
17 36 15
17 37 15
17 38 15
17 39 15
17 40 6
17 41 2
17 42 2
17 43 2
17 44 2
17 45 2
17 48 1
17 49 15
17 50 15
17 51 15
17 52 15
17 53 15
17 54 15
17 55 15
17 56 15
17 57 15
17 58 15
17 59 15
17 60 15
17 61 15
17 62 15
17 63 6
18 15 1
18 16 6
18 19 3
18 20 4
18 35 3
18 36 15
18 37 15
18 38 15
18 39 6
18 49 3
18 50 15
18 51 15
18 52 15
18 53 15
18 54 15
18 55 6
18 56 3
18 57 15
18 58 15
18 59 15
18 60 15
18 61 6
18 62 2
19 15 1
19 16 4
19 19 1
19 20 4
19 36 2
19 37 2
19 38 2
19 50 3
19 51 15
19 52 15
19 53 15
19 54 15
19 55 4
19 56 1
19 57 15
19 58 15
19 59 6
19 60 2
20 15 1
20 16 12
20 19 8
20 51 2
20 52 3
20 53 15
20 54 15
20 55 4
20 57 2
20 58 2
21 15 1
21 16 15
21 17 12
21 18 9
21 19 15
21 20 4
21 53 2
21 54 2
22 16 2
22 17 2
22 18 2
22 19 2
26 33 8
26 34 8
26 35 8
26 36 8
26 37 8
27 17 8
27 18 8
27 19 8
27 20 8
27 21 8
27 22 8
27 23 8
27 32 1
27 33 15
27 34 6
27 35 2
27 36 3
27 37 15
27 38 4
28 16 1
28 17 6
28 18 2
28 19 2
28 20 2
28 21 2
28 22 2
28 23 2
28 32 1
28 33 6
28 37 3
28 38 4
29 16 1
29 17 4
29 32 1
29 33 12
29 37 8
30 16 1
30 17 4
30 32 1
30 33 15
30 34 12
30 35 8
30 36 9
30 37 15
30 38 4
31 16 1
31 17 4
31 33 2
31 34 2
31 35 2
31 36 2
31 37 2
32 16 1
32 17 4
33 16 1
33 17 4
34 16 1
34 17 4
35 16 1
35 17 4
35 39 8
35 40 8
35 41 8
35 42 8
35 43 8
35 44 8
36 16 1
36 17 4
36 39 2
36 40 2
36 41 2
36 42 10
36 43 10
36 44 3
36 45 4
37 16 1
37 17 12
37 18 8
37 19 8
37 22 8
37 23 8
37 42 2
37 43 3
37 44 5
37 45 4
38 17 2
38 18 2
38 19 2
38 22 2
38 23 2
38 41 8
38 42 8
38 43 9
38 44 5
38 45 4
39 41 3
39 42 6
39 43 2
39 44 1
39 45 4
40 44 1
40 45 4
41 44 1
41 45 4
42 44 1
42 45 4
43 29 1
43 30 4
43 44 1
43 45 4
44 22 1
44 23 4
44 29 1
44 30 4
44 44 1
44 45 4
45 29 1
45 30 4
45 44 1
45 45 4
46 6 8
46 7 8
46 22 1
46 23 4
46 29 1
46 30 4
46 39 8
46 40 8
46 41 8
46 42 8
46 43 8
46 44 9
46 45 4
47 4 8
47 5 9
47 6 15
47 7 15
47 8 4
47 22 1
47 23 4
47 29 1
47 30 4
47 39 2
47 40 2
47 41 2
47 42 2
47 43 2
47 44 2
48 1 8
48 2 8
48 3 9
48 4 15
48 5 15
48 6 15
48 7 15
48 8 4
48 22 1
48 23 12
48 24 8
48 25 8
48 26 8
48 27 8
48 28 8
48 29 9
48 30 4
49 0 9
49 1 15
49 2 15
49 3 15
49 4 15
49 5 15
49 6 6
49 7 2
49 8 8
49 23 2
49 24 2
49 25 2
49 26 2
49 27 2
49 28 2
49 29 2
50 0 15
50 1 15
50 2 15
50 3 15
50 4 15
50 5 15
50 6 12
50 7 9
50 8 15
50 9 4
51 0 15
51 1 15
51 2 15
51 3 15
51 4 15
51 5 15
51 6 15
51 7 15
51 8 15
51 9 12
52 0 2
52 1 3
52 2 15
52 3 15
52 4 6
52 5 3
52 6 15
52 7 15
52 8 15
52 9 15
52 10 4
53 0 8
53 1 9
53 2 15
53 3 15
53 4 12
53 5 1
53 6 15
53 7 15
53 8 15
53 9 6
54 0 15
54 1 15
54 2 15
54 3 15
54 4 15
54 5 4
54 6 3
54 7 15
54 8 15
54 9 4
55 0 15
55 1 15
55 2 15
55 3 15
55 4 15
55 5 12
55 6 9
55 7 15
55 8 15
55 9 4
56 0 15
56 1 15
56 2 15
56 3 6
56 4 3
56 5 15
56 6 15
56 7 15
56 8 15
56 9 4
57 0 15
57 1 15
57 2 15
57 3 12
57 4 9
57 5 15
57 6 15
57 7 15
57 8 6
58 0 15
58 1 15
58 2 15
58 3 15
58 4 15
58 5 6
58 6 3
58 7 15
58 8 4
59 0 15
59 1 15
59 2 15
59 3 15
59 4 15
59 5 12
59 6 8
59 7 2
60 0 15
60 1 15
60 2 15
60 3 15
60 4 15
60 5 15
60 6 15
60 7 12
61 0 15
61 1 15
61 2 15
61 3 15
61 4 15
61 5 15
61 6 15
61 7 15
61 8 12
62 0 15
62 1 15
62 2 15
62 3 15
62 4 15
62 5 15
62 6 15
62 7 15
62 8 15
62 9 12
63 0 15
63 1 15
63 2 15
63 3 15
63 4 15
63 5 15
63 6 15
63 7 15
63 8 15
63 9 15
63 10 4
