0
0 0 15
0 1 15
0 2 15
0 3 15
0 4 15
0 5 15
0 6 15
0 7 15
0 8 15
0 9 15
0 10 15
0 11 15
0 12 15
0 13 15
0 14 15
0 15 15
0 16 15
0 17 15
0 18 15
0 19 15
0 20 15
0 21 15
0 22 15
0 23 15
0 24 15
0 25 15
0 26 15
0 27 15
0 28 15
0 29 15
0 30 15
0 31 15
0 32 15
0 33 15
0 34 15
0 35 4
0 36 1
0 37 15
0 38 15
0 39 15
0 40 15
0 41 15
0 42 15
0 43 15
0 44 15
0 45 15
0 46 15
0 47 15
0 48 15
0 49 15
0 50 15
0 51 15
0 52 15
0 53 15
0 54 15
0 55 15
0 56 15
0 57 15
0 58 15
0 59 15
0 60 15
0 61 15
0 62 15
0 63 15
1 0 15
1 1 15
1 2 15
1 3 15
1 4 15
1 5 15
1 6 15
1 7 15
1 8 15
1 9 15
1 10 15
1 11 15
1 12 15
1 13 15
1 14 15
1 15 15
1 16 15
1 17 15
1 18 15
1 19 15
1 20 15
1 21 15
1 22 15
1 23 15
1 24 15
1 25 15
1 26 15
1 27 15
1 28 15
1 29 15
1 30 15
1 31 15
1 32 15
1 33 15
1 34 15
1 35 12
1 36 9
1 37 15
1 38 15
1 39 15
1 40 15
1 41 15
1 42 15
1 43 15
1 44 15
1 45 15
1 46 15
1 47 15
1 48 15
1 49 15
1 50 15
1 51 15
1 52 15
1 53 15
1 54 15
1 55 15
1 56 15
1 57 15
1 58 15
1 59 15
1 60 15
1 61 15
1 62 15
1 63 15
2 0 15
2 1 15
2 2 15
2 3 15
2 4 15
2 5 6
2 6 3
2 7 15
2 8 6
2 9 2
2 10 3
2 11 15
2 12 15
2 13 15
2 14 15
2 15 15
2 16 15
2 17 15
2 18 15
2 19 15
2 20 15
2 21 15
2 22 15
2 23 15
2 24 15
2 25 15
2 26 15
2 27 15
2 28 15
2 29 15
2 30 15
2 31 15
2 32 15
2 33 15
2 34 15
2 35 15
2 36 15
2 37 15
2 38 15
2 39 15
2 40 15
2 41 15
2 42 15
2 43 15
2 44 15
2 45 15
2 46 15
2 47 15
2 48 15
2 49 15
2 50 15
2 51 15
2 52 15
2 53 15
2 54 15
2 55 15
2 56 15
2 57 15
2 58 15
2 59 15
2 60 15
2 61 15
2 62 15
2 63 15
3 0 15
3 1 15
3 2 15
3 3 15
3 4 15
3 5 12
3 6 9
3 7 15
3 8 12
3 9 8
3 10 9
3 11 15
3 12 15
3 13 15
3 14 15
3 15 15
3 16 15
3 17 15
3 18 15
3 19 15
3 20 15
3 21 15
3 22 15
3 23 15
3 24 15
3 25 15
3 26 15
3 27 15
3 28 15
3 29 15
3 30 15
3 31 15
3 32 15
3 33 15
3 34 15
3 35 15
3 36 15
3 37 15
3 38 15
3 39 15
3 40 15
3 41 15
3 42 15
3 43 15
3 44 15
3 45 15
3 46 15
3 47 15
3 48 15
3 49 15
3 50 15
3 51 15
3 52 15
3 53 15
3 54 15
3 55 15
3 56 15
3 57 15
3 58 15
3 59 15
3 60 15
3 61 15
3 62 15
3 63 15
4 0 15
4 1 15
4 2 15
4 3 15
4 4 15
4 5 15
4 6 15
4 7 15
4 8 15
4 9 15
4 10 15
4 11 15
4 12 6
4 13 3
4 14 15
4 15 15
4 16 15
4 17 15
4 18 15
4 19 15
4 20 15
4 21 15
4 22 15
4 23 15
4 24 15
4 25 15
4 26 15
4 27 15
4 28 15
4 29 15
4 30 15
4 31 15
4 32 15
4 33 15
4 34 15
4 35 15
4 36 15
4 37 15
4 38 15
4 39 15
4 40 15
4 41 15
4 42 15
4 43 15
4 44 15
4 45 15
4 46 15
4 47 15
4 48 15
4 49 15
4 50 15
4 51 15
4 52 15
4 53 15
4 54 15
4 55 15
4 56 15
4 57 15
4 58 15
4 59 15
4 60 15
4 61 15
4 62 15
4 63 15
5 0 15
5 1 15
5 2 15
5 3 15
5 4 15
5 5 15
5 6 15
5 7 15
5 8 15
5 9 15
5 10 15
5 11 15
5 12 12
5 13 9
5 14 15
5 15 15
5 16 15
5 17 15
5 18 15
5 19 15
5 20 15
5 21 6
5 22 11
5 23 15
5 24 6
5 25 3
5 26 15
5 27 15
5 28 15
5 29 15
5 30 15
5 31 15
5 32 15
5 33 15
5 34 15
5 35 15
5 36 15
5 37 15
5 38 15
5 39 15
5 40 15
5 41 15
5 42 15
5 43 15
5 44 15
5 45 15
5 46 15
5 47 6
5 48 3
5 49 15
5 50 15
5 51 15
5 52 15
5 53 15
5 54 15
5 55 15
5 56 15
5 57 15
5 58 15
5 59 15
5 60 15
5 61 15
5 62 15
5 63 15
6 0 15
6 1 15
6 2 15
6 3 15
6 4 15
6 5 15
6 6 15
6 7 15
6 8 15
6 9 15
6 10 15
6 11 15
6 12 15
6 13 15
6 14 15
6 15 15
6 16 15
6 17 15
6 18 15
6 19 15
6 20 15
6 21 5
6 22 15
6 23 15
6 24 12
6 25 9
6 26 15
6 27 15
6 28 15
6 29 15
6 30 15
6 31 15
6 32 15
6 33 15
6 34 15
6 35 15
6 36 15
6 37 15
6 38 15
6 39 15
6 40 15
6 41 15
6 42 15
6 43 15
6 44 15
6 45 15
6 46 15
6 47 12
6 48 9
6 49 15
6 50 15
6 51 15
6 52 15
6 53 15
6 54 15
6 55 15
6 56 15
6 57 15
6 58 15
6 59 15
6 60 15
6 61 15
6 62 15
6 63 15
7 0 15
7 1 15
7 2 15
7 3 15
7 4 15
7 5 15
7 6 15
7 7 15
7 8 15
7 9 15
7 10 15
7 11 15
7 12 15
7 13 15
7 14 15
7 15 15
7 16 15
7 17 15
7 18 15
7 19 15
7 20 6
7 21 1
7 22 15
7 23 15
7 24 15
7 25 15
7 26 15
7 27 15
7 28 15
7 29 15
7 30 15
7 31 15
7 32 15
7 33 15
7 34 15
7 35 15
7 36 15
7 37 15
7 38 6
7 39 3
7 40 15
7 41 15
7 42 15
7 43 15
7 44 15
7 45 15
7 46 15
7 47 15
7 48 15
7 49 15
7 50 15
7 51 15
7 52 15
7 53 15
7 54 15
7 55 15
7 56 15
7 57 15
7 58 15
7 59 15
7 60 15
7 61 15
7 62 15
7 63 15
8 0 15
8 1 15
8 2 15
8 3 15
8 4 15
8 5 15
8 6 15
8 7 15
8 8 15
8 9 15
8 10 15
8 11 15
8 12 15
8 13 15
8 14 15
8 15 15
8 16 15
8 17 15
8 18 15
8 19 15
8 20 4
8 21 9
8 22 15
8 23 15
8 24 15
8 25 15
8 26 15
8 27 15
8 28 6
8 29 3
8 30 15
8 31 15
8 32 15
8 33 15
8 34 15
8 35 15
8 36 15
8 37 6
8 39 1
8 40 15
8 41 15
8 42 15
8 43 15
8 44 15
8 45 15
8 46 15
8 47 15
8 48 15
8 49 15
8 50 15
8 51 15
8 52 15
8 53 15
8 54 15
8 55 15
8 56 15
8 57 15
8 58 15
8 59 15
8 60 15
8 61 15
8 62 15
8 63 15
9 0 15
9 1 15
9 2 15
9 3 15
9 4 15
9 5 15
9 6 15
9 7 15
9 8 15
9 9 15
9 10 15
9 11 15
9 12 15
9 13 15
9 14 15
9 15 15
9 16 15
9 17 15
9 18 15
9 19 6
9 20 1
9 21 15
9 22 15
9 23 15
9 24 15
9 25 15
9 26 15
9 27 15
9 28 4
9 29 9
9 30 15
9 31 15
9 32 15
9 33 15
9 34 15
9 35 15
9 36 15
9 37 12
9 38 8
9 40 11
9 41 15
9 42 15
9 43 15
9 44 15
9 45 15
9 46 15
9 47 15
9 48 15
9 49 15
9 50 15
9 51 15
9 52 15
9 53 15
9 54 15
9 55 15
9 56 15
9 57 15
9 58 15
9 59 15
9 60 15
9 61 15
9 62 15
9 63 15
10 0 15
10 1 15
10 2 6
10 3 11
10 4 15
10 5 15
10 6 6
10 7 11
10 8 15
10 9 15
10 10 15
10 11 15
10 12 15
10 13 15
10 14 15
10 15 15
10 16 15
10 17 15
10 18 15
10 19 4
10 20 1
10 21 15
10 22 15
10 23 6
10 24 2
10 25 2
10 26 2
10 27 2
10 28 1
10 29 15
10 30 15
10 31 15
10 32 15
10 33 15
10 34 15
10 35 15
10 36 15
10 37 15
10 38 15
10 39 13
10 40 15
10 41 15
10 42 15
10 43 15
10 44 15
10 45 15
10 46 15
10 47 15
10 48 15
10 49 15
10 50 15
10 51 15
10 52 15
10 53 15
10 54 15
10 55 15
10 56 15
10 57 15
10 58 15
10 59 15
10 60 15
10 61 15
10 62 15
10 63 15
11 0 15
11 1 15
11 2 13
11 3 15
11 4 15
11 5 15
11 6 13
11 7 15
11 8 15
11 9 15
11 10 15
11 11 15
11 12 15
11 13 15
11 14 15
11 15 15
11 16 6
11 17 2
11 18 2
11 20 1
11 21 15
11 22 6
11 29 2
11 30 3
11 31 15
11 32 15
11 33 15
11 34 15
11 35 15
11 36 15
11 37 15
11 38 15
11 39 15
11 40 15
11 41 15
11 42 15
11 43 15
11 44 15
11 45 15
11 46 15
11 47 15
11 48 15
11 49 15
11 50 15
11 51 15
11 52 15
11 53 15
11 54 15
11 55 15
11 56 15
11 57 15
11 58 15
11 59 15
11 60 15
11 61 15
11 62 15
11 63 15
12 0 15
12 1 15
12 2 15
12 3 15
12 4 15
12 5 15
12 6 15
12 7 15
12 8 6
12 9 2
12 10 2
12 11 3
12 12 15
12 13 15
12 14 6
12 15 2
12 21 2
12 31 3
12 32 15
12 33 15
12 34 15
12 35 15
12 36 15
12 37 15
12 38 15
12 39 15
12 40 15
12 41 15
12 42 15
12 43 15
12 44 15
12 45 15
12 46 15
12 47 15
12 48 15
12 49 15
12 50 15
12 51 15
12 52 15
12 53 15
12 54 15
12 55 15
12 56 15
12 57 15
12 58 15
12 59 15
12 60 15
12 61 15
12 62 15
12 63 15
13 0 15
13 1 15
13 2 15
13 3 15
13 4 15
13 5 6
13 6 3
13 7 15
13 8 12
13 9 8
13 10 8
13 11 9
13 12 15
13 13 6
13 32 3
13 33 15
13 34 15
13 35 6
13 36 11
13 37 15
13 38 15
13 39 15
13 40 15
13 41 15
13 42 15
13 43 15
13 44 15
13 45 15
13 46 15
13 47 15
13 48 15
13 49 15
13 50 15
13 51 15
13 52 15
13 53 15
13 54 15
13 55 15
13 56 15
13 57 15
13 58 15
13 59 15
13 60 15
13 61 15
13 62 15
13 63 15
14 0 15
14 1 15
14 2 15
14 3 15
14 4 15
14 5 12
14 6 9
14 7 15
14 8 15
14 9 15
14 10 15
14 11 15
14 12 6
14 33 3
14 34 15
14 35 5
14 36 15
14 37 15
14 38 6
14 39 3
14 40 15
14 41 15
14 42 15
14 43 15
14 44 15
14 45 15
14 46 15
14 47 15
14 48 15
14 49 15
14 50 15
14 51 15
14 52 15
14 53 15
14 54 15
14 55 15
14 56 15
14 57 15
14 58 15
14 59 15
14 60 15
14 61 15
14 62 15
14 63 15
15 0 15
15 1 15
15 2 15
15 3 15
15 4 15
15 5 15
15 6 15
15 7 15
15 8 6
15 9 2
15 10 2
15 11 2
15 34 2
15 35 1
15 36 15
15 37 15
15 38 12
15 39 8
15 40 2
15 41 3
15 42 15
15 43 15
15 44 15
15 45 15
15 46 15
15 47 15
15 48 15
15 49 15
15 50 15
15 51 15
15 52 15
15 53 15
15 54 15
15 55 15
15 56 15
15 57 15
15 58 15
15 59 15
15 60 15
15 61 15
15 62 15
15 63 15
16 0 15
16 1 15
16 2 15
16 3 15
16 4 6
16 5 2
16 6 2
16 7 2
16 36 3
16 37 15
16 38 15
16 39 15
16 40 12
16 41 9
16 42 15
16 43 15
16 44 15
16 45 15
16 46 15
16 47 15
16 48 15
16 49 15
16 50 15
16 51 15
16 52 15
16 53 15
16 54 15
16 55 15
16 56 15
16 57 15
16 58 15
16 59 15
16 60 15
16 61 15
16 62 15
16 63 15
17 0 2
17 1 2
17 2 2
17 3 2
17 37 3
17 38 15
17 39 15
17 40 15
17 41 15
17 42 15
17 43 15
17 44 15
17 45 15
17 46 15
17 47 15
17 48 15
17 49 15
17 50 15
17 51 15
17 52 15
17 53 15
17 54 15
17 55 15
17 56 15
17 57 15
17 58 15
17 59 15
17 60 15
17 61 15
17 62 15
17 63 15
18 38 2
18 39 2
18 40 3
18 41 15
18 42 15
18 43 15
18 44 15
18 45 15
18 46 15
18 47 15
18 48 15
18 49 15
18 50 15
18 51 15
18 52 15
18 53 15
18 54 15
18 55 15
18 56 15
18 57 15
18 58 15
18 59 15
18 60 15
18 61 15
18 62 15
18 63 15
19 41 2
19 42 3
19 43 15
19 44 15
19 45 15
19 46 15
19 47 15
19 48 15
19 49 15
19 50 6
19 51 3
19 52 15
19 53 15
19 54 15
19 55 15
19 56 15
19 57 15
19 58 15
19 59 15
19 60 15
19 61 15
19 62 15
19 63 15
20 43 3
20 44 15
20 45 15
20 46 15
20 47 15
20 48 15
20 49 15
20 50 12
20 51 9
20 52 15
20 53 15
20 54 15
20 55 15
20 56 15
20 57 15
20 58 15
20 59 15
20 60 15
20 61 15
20 62 15
20 63 15
21 44 2
21 45 3
21 46 15
21 47 15
21 48 15
21 49 15
21 50 15
21 51 15
21 52 15
21 53 15
21 54 15
21 55 15
21 56 15
21 57 15
21 58 15
21 59 15
21 60 15
21 61 15
21 62 15
21 63 15
22 46 3
22 47 15
22 48 15
22 49 15
22 50 15
22 51 15
22 52 15
22 53 15
22 54 15
22 55 15
22 56 15
22 57 15
22 58 15
22 59 15
22 60 15
22 61 15
22 62 15
22 63 15
23 47 3
23 48 15
23 49 15
23 50 15
23 51 15
23 52 15
23 53 15
23 54 15
23 55 15
23 56 15
23 57 15
23 58 15
23 59 15
23 60 15
23 61 15
23 62 15
23 63 15
24 48 3
24 49 15
24 50 15
24 51 15
24 52 15
24 53 15
24 54 6
24 55 3
24 56 15
24 57 15
24 58 15
24 59 15
24 60 15
24 61 15
24 62 15
24 63 15
25 49 3
25 50 15
25 51 15
25 52 6
25 53 2
25 54 8
25 55 9
25 56 15
25 57 15
25 58 15
25 59 15
25 60 15
25 61 15
25 62 15
25 63 15
26 50 3
26 51 15
26 52 12
26 53 9
26 54 15
26 55 15
26 56 15
26 57 15
26 58 15
26 59 15
26 60 15
26 61 15
26 62 15
26 63 15
27 51 3
27 52 15
27 53 15
27 54 15
27 55 15
27 56 15
27 57 15
27 58 15
27 59 15
27 60 15
27 61 15
27 62 15
27 63 15
28 52 2
28 53 2
28 54 2
28 55 3
28 56 15
28 57 15
28 58 15
28 59 15
28 60 15
28 61 15
28 62 15
28 63 15
29 56 3
29 57 15
29 58 15
29 59 15
29 60 15
29 61 15
29 62 15
29 63 15
30 57 2
30 58 3
30 59 15
30 60 15
30 61 15
30 62 15
30 63 15
31 59 2
31 60 3
31 61 15
31 62 15
31 63 15
32 61 2
32 62 2
32 63 10
33 62 1
33 63 15
34 61 8
34 62 8
34 63 10
35 58 8
35 59 8
35 60 9
35 61 15
35 62 15
35 63 15
36 57 9
36 58 15
36 59 15
36 60 15
36 61 15
36 62 15
36 63 15
37 55 8
37 56 9
37 57 15
37 58 15
37 59 15
37 60 15
37 61 15
37 62 15
37 63 15
38 54 1
38 55 15
38 56 15
38 57 15
38 58 15
38 59 15
38 60 15
38 61 15
38 62 15
38 63 15
39 54 9
39 55 15
39 56 15
39 57 15
39 58 15
39 59 15
39 60 15
39 61 15
39 62 15
39 63 15
40 53 9
40 54 15
40 55 15
40 56 15
40 57 15
40 58 15
40 59 15
40 60 15
40 61 15
40 62 15
40 63 15
41 51 8
41 52 9
41 53 15
41 54 15
41 55 15
41 56 15
41 57 15
41 58 15
41 59 15
41 60 15
41 61 15
41 62 15
41 63 15
42 50 9
42 51 15
42 52 15
42 53 15
42 54 6
42 55 3
42 56 15
42 57 15
42 58 15
42 59 15
42 60 15
42 61 15
42 62 15
42 63 15
43 46 8
43 47 8
43 48 8
43 49 9
43 50 15
43 51 15
43 52 15
43 53 15
43 54 12
43 55 9
43 56 15
43 57 15
43 58 15
43 59 15
43 60 15
43 61 15
43 62 15
43 63 15
44 45 1
44 46 15
44 47 15
44 48 15
44 49 15
44 50 15
44 51 15
44 52 15
44 53 15
44 54 15
44 55 15
44 56 15
44 57 15
44 58 15
44 59 15
44 60 15
44 61 15
44 62 15
44 63 15
45 45 1
45 46 15
45 47 15
45 48 15
45 49 15
45 50 15
45 51 15
45 52 15
45 53 15
45 54 15
45 55 15
45 56 15
45 57 15
45 58 15
45 59 15
45 60 15
45 61 15
45 62 15
45 63 15
46 45 1
46 46 15
46 47 15
46 48 15
46 49 15
46 50 15
46 51 15
46 52 15
46 53 15
46 54 15
46 55 15
46 56 15
46 57 15
46 58 15
46 59 15
46 60 15
46 61 15
46 62 15
46 63 15
47 45 1
47 46 15
47 47 15
47 48 6
47 49 3
47 50 15
47 51 15
47 52 6
47 53 11
47 54 15
47 55 15
47 56 15
47 57 15
47 58 15
47 59 15
47 60 15
47 61 15
47 62 15
47 63 15
48 45 1
48 46 15
48 47 15
48 48 12
48 49 8
48 50 2
48 51 2
48 52 9
48 53 15
48 54 15
48 55 15
48 56 15
48 57 15
48 58 15
48 59 15
48 60 15
48 61 15
48 62 15
48 63 15
49 46 3
49 47 15
49 48 15
49 49 15
49 50 12
49 51 9
49 52 15
49 53 15
49 54 15
49 55 15
49 56 15
49 57 15
49 58 15
49 59 15
49 60 15
49 61 15
49 62 15
49 63 15
50 46 9
50 47 15
50 48 15
50 49 15
50 50 15
50 51 15
50 52 15
50 53 15
50 54 15
50 55 15
50 56 15
50 57 15
50 58 15
50 59 15
50 60 15
50 61 15
50 62 15
50 63 15
51 45 1
51 46 15
51 47 15
51 48 15
51 49 15
51 50 6
51 51 3
51 52 15
51 53 15
51 54 15
51 55 15
51 56 15
51 57 15
51 58 15
51 59 15
51 60 15
51 61 15
51 62 15
51 63 15
52 45 9
52 46 15
52 47 15
52 48 6
52 49 10
52 50 8
52 51 9
52 52 15
52 53 15
52 54 15
52 55 15
52 56 15
52 57 15
52 58 15
52 59 15
52 60 15
52 61 15
52 62 15
52 63 15
53 44 1
53 45 15
53 46 15
53 47 15
53 48 13
53 49 15
53 50 15
53 51 15
53 52 15
53 53 15
53 54 15
53 55 15
53 56 15
53 57 15
53 58 15
53 59 15
53 60 15
53 61 15
53 62 15
53 63 15
54 44 1
54 45 15
54 46 15
54 47 15
54 48 15
54 49 15
54 50 15
54 51 15
54 52 15
54 53 15
54 54 15
54 55 15
54 56 15
54 57 15
54 58 15
54 59 15
54 60 15
54 61 15
54 62 15
54 63 15
55 44 1
55 45 15
55 46 15
55 47 15
55 48 15
55 49 15
55 50 15
55 51 6
55 52 3
55 53 15
55 54 15
55 55 15
55 56 15
55 57 15
55 58 15
55 59 15
55 60 15
55 61 15
55 62 15
55 63 15
56 44 1
56 45 15
56 46 15
56 47 15
56 48 15
56 49 15
56 50 15
56 51 12
56 52 9
56 53 15
56 54 15
56 55 15
56 56 15
56 57 15
56 58 15
56 59 15
56 60 15
56 61 15
56 62 15
56 63 15
57 45 11
57 46 15
57 47 15
57 48 15
57 49 15
57 50 15
57 51 15
57 52 15
57 53 15
57 54 15
57 55 15
57 56 15
57 57 15
57 58 15
57 59 15
57 60 15
57 61 15
57 62 15
57 63 15
58 44 9
58 45 15
58 46 15
58 47 15
58 48 15
58 49 15
58 50 15
58 51 15
58 52 15
58 53 15
58 54 15
58 55 15
58 56 15
58 57 15
58 58 15
58 59 15
58 60 15
58 61 15
58 62 15
58 63 15
59 43 9
59 44 15
59 45 15
59 46 15
59 47 15
59 48 15
59 49 15
59 50 15
59 51 15
59 52 15
59 53 15
59 54 15
59 55 15
59 56 15
59 57 15
59 58 15
59 59 15
59 60 15
59 61 15
59 62 15
59 63 15
60 42 1
60 43 15
60 44 15
60 45 15
60 46 6
60 47 3
60 48 15
60 49 15
60 50 15
60 51 15
60 52 15
60 53 15
60 54 15
60 55 15
60 56 15
60 57 15
60 58 15
60 59 15
60 60 15
60 61 15
60 62 15
60 63 15
61 42 9
61 43 15
61 44 15
61 45 15
61 46 12
61 48 2
61 49 2
61 50 3
61 51 15
61 52 15
61 53 15
61 54 15
61 55 15
61 56 15
61 57 15
61 58 15
61 59 15
61 60 15
61 61 15
61 62 15
61 63 15
62 41 1
62 42 15
62 43 15
62 44 15
62 45 15
62 46 15
62 47 4
62 48 8
62 49 8
62 50 9
62 51 15
62 52 15
62 53 15
62 54 15
62 55 15
62 56 15
62 57 15
62 58 15
62 59 15
62 60 15
62 61 15
62 62 15
62 63 15
63 41 1
63 42 15
63 43 15
63 44 15
63 45 15
63 46 6
63 47 1
63 48 15
63 49 15
63 50 15
63 51 15
63 52 15
63 53 15
63 54 15
63 55 15
63 56 15
63 57 15
63 58 15
63 59 15
63 60 15
63 61 15
63 62 15
63 63 15
