15
0 22 4
0 23 0
0 24 0
0 25 0
0 26 0
0 27 0
0 28 0
0 29 0
0 30 0
0 31 0
0 32 0
0 33 0
0 34 0
0 35 0
0 36 0
0 37 0
0 38 0
0 39 0
0 40 0
0 41 9
1 22 4
1 23 0
1 24 0
1 25 0
1 26 0
1 27 0
1 28 0
1 29 0
1 30 0
1 31 0
1 32 0
1 33 0
1 34 0
1 35 0
1 36 0
1 37 0
1 38 8
1 39 8
1 40 9
2 21 6
2 22 0
2 23 0
2 24 0
2 25 0
2 26 0
2 27 0
2 28 0
2 29 0
2 30 0
2 31 0
2 32 0
2 33 0
2 34 0
2 35 0
2 36 8
2 37 9
3 20 6
3 21 0
3 22 0
3 23 0
3 24 0
3 25 0
3 26 0
3 27 0
3 28 0
3 29 0
3 30 0
3 31 0
3 32 0
3 33 0
3 34 0
3 35 1
4 20 4
4 21 0
4 22 0
4 23 0
4 24 0
4 25 0
4 26 0
4 27 0
4 28 0
4 29 0
4 30 0
4 31 0
4 32 0
4 33 0
4 34 0
4 35 1
5 19 6
5 20 0
5 21 0
5 22 0
5 23 0
5 24 0
5 25 0
5 26 0
5 27 0
5 28 0
5 29 0
5 30 0
5 31 0
5 32 0
5 33 0
5 34 0
5 35 0
5 36 3
6 19 4
6 20 0
6 21 0
6 22 0
6 23 0
6 24 0
6 25 0
6 26 0
6 27 0
6 28 0
6 29 0
6 30 8
6 31 0
6 32 0
6 33 0
6 34 0
6 35 0
6 36 1
7 19 4
7 20 0
7 21 0
7 22 0
7 23 0
7 24 0
7 25 8
7 26 0
7 27 0
7 28 0
7 29 1
7 31 12
7 32 0
7 33 0
7 34 0
7 35 0
7 36 0
7 37 3
8 19 4
8 20 0
8 21 0
8 22 0
8 23 0
8 24 1
8 26 4
8 27 0
8 28 0
8 29 0
8 30 3
8 32 4
8 33 0
8 34 0
8 35 0
8 36 0
8 37 1
9 19 4
9 20 0
9 21 0
9 22 0
9 23 0
9 24 0
9 25 2
9 26 0
9 27 0
9 28 0
9 29 0
9 30 0
9 31 2
9 32 0
9 33 0
9 34 0
9 35 0
9 36 0
9 37 1
10 19 4
10 20 0
10 21 0
10 22 0
10 23 0
10 24 0
10 25 0
10 26 0
10 27 0
10 28 0
10 29 0
10 30 0
10 31 0
10 32 0
10 33 0
10 34 0
10 35 0
10 36 0
10 37 1
11 19 4
11 20 0
11 21 0
11 22 0
11 23 0
11 24 0
11 25 8
11 26 0
11 27 0
11 28 0
11 29 0
11 30 0
11 31 8
11 32 0
11 33 0
11 34 0
11 35 0
11 36 0
11 37 1
12 19 4
12 20 0
12 21 0
12 22 0
12 23 0
12 24 1
12 26 12
12 27 0
12 28 0
12 29 0
12 30 9
12 32 4
12 33 0
12 34 0
12 35 0
12 36 0
12 37 1
13 19 12
13 20 0
13 21 0
13 22 0
13 23 0
13 24 0
13 25 3
13 27 4
13 28 0
13 29 1
13 31 6
13 32 0
13 33 0
13 34 0
13 35 0
13 36 0
13 37 9
14 20 12
14 21 0
14 22 0
14 23 0
14 24 0
14 25 0
14 26 2
14 27 0
14 28 0
14 29 0
14 30 2
14 31 0
14 32 0
14 33 0
14 34 0
14 35 0
14 36 1
15 21 12
15 22 0
15 23 0
15 24 0
15 25 0
15 26 0
15 27 0
15 28 0
15 29 0
15 30 0
15 31 0
15 32 0
15 33 0
15 34 0
15 35 0
15 36 9
16 22 12
16 23 0
16 24 0
16 25 0
16 26 0
16 27 0
16 28 0
16 29 0
16 30 0
16 31 0
16 32 0
16 33 0
16 34 0
16 35 9
17 23 12
17 24 8
17 25 0
17 26 0
17 27 0
17 28 0
17 29 0
17 30 0
17 31 0
17 32 0
17 33 0
17 34 9
18 25 12
18 26 8
18 27 8
18 28 8
18 29 8
18 30 8
18 31 8
18 32 8
18 33 9
48 11 7
49 9 6
49 10 2
49 11 0
49 12 2
49 13 3
50 8 6
50 9 0
50 10 0
50 11 0
50 12 0
50 13 0
50 14 2
50 15 3
51 6 6
51 7 2
51 8 0
51 9 0
51 10 0
51 11 0
51 12 0
51 13 0
51 14 0
51 15 1
52 6 4
52 7 0
52 8 0
52 9 0
52 10 0
52 11 0
52 12 0
52 13 0
52 14 0
52 15 1
53 6 12
53 7 0
53 8 0
53 9 0
53 10 0
53 11 0
53 12 0
53 13 0
53 14 0
53 15 9
54 7 12
54 8 0
54 9 0
54 10 0
54 11 0
54 12 0
54 13 0
54 14 9
55 8 12
55 9 0
55 10 0
55 11 0
55 12 8
55 13 9
56 9 12
56 10 8
56 11 9
