0
0 0 15
0 1 15
0 2 15
0 3 15
0 4 15
0 5 15
0 6 15
0 7 15
0 8 15
0 9 15
0 10 15
0 11 4
1 0 15
1 1 15
1 2 15
1 3 15
1 4 15
1 5 15
1 6 15
1 7 6
1 8 3
1 9 15
1 10 6
2 0 15
2 1 15
2 2 15
2 3 15
2 4 15
2 5 6
2 6 10
2 7 8
2 9 2
3 0 15
3 1 15
3 2 15
3 3 15
3 4 15
3 5 13
3 6 15
3 7 15
3 8 4
4 0 15
4 1 15
4 2 15
4 3 15
4 4 15
4 5 15
4 6 15
4 7 6
5 0 15
5 1 15
5 2 15
5 3 15
5 4 6
5 5 3
5 6 15
5 7 4
6 0 15
6 1 15
6 2 15
6 3 15
6 4 12
6 5 9
6 6 15
6 7 4
7 0 15
7 1 15
7 2 15
7 3 15
7 4 15
7 5 15
7 6 15
7 7 4
8 0 15
8 1 15
8 2 15
8 3 15
8 4 15
8 5 15
8 6 6
8 36 8
9 0 15
9 1 15
9 2 15
9 3 15
9 4 15
9 5 15
9 6 4
9 35 1
9 36 15
9 37 12
10 0 15
10 1 15
10 2 15
10 3 15
10 4 15
10 5 15
10 6 4
10 36 3
10 37 15
10 38 12
11 0 15
11 1 15
11 2 15
11 3 15
11 4 15
11 5 15
11 6 4
11 37 3
11 38 15
11 39 12
12 0 15
12 1 15
12 2 15
12 3 15
12 4 15
12 5 6
12 37 1
12 38 15
12 39 15
12 40 12
12 41 8
12 42 8
12 43 8
12 44 8
12 51 8
13 0 15
13 1 15
13 2 15
13 3 15
13 4 15
13 5 4
13 38 3
13 39 15
13 40 15
13 41 15
13 42 15
13 43 15
13 44 15
13 45 4
13 50 1
13 51 15
13 52 4
14 0 15
14 1 15
14 2 15
14 3 15
14 4 15
14 5 4
14 39 2
14 40 2
14 41 3
14 42 15
14 43 15
14 44 15
14 45 4
14 51 2
14 52 8
15 0 15
15 1 15
15 2 15
15 3 15
15 4 15
15 5 4
15 41 9
15 42 15
15 43 15
15 44 6
15 51 9
15 52 15
15 53 12
16 0 15
16 1 15
16 2 15
16 3 15
16 4 15
16 5 4
16 40 9
16 41 15
16 42 15
16 43 15
16 44 12
16 50 1
16 51 15
16 52 15
16 53 15
16 54 4
17 0 15
17 1 15
17 2 15
17 3 15
17 4 15
17 5 12
17 38 8
17 39 9
17 40 15
17 41 15
17 42 15
17 43 15
17 44 15
17 45 4
17 47 8
17 48 8
17 49 8
17 50 9
17 51 15
17 52 15
17 53 6
18 0 15
18 1 15
18 2 15
18 3 15
18 4 15
18 5 15
18 6 4
18 37 1
18 38 15
18 39 15
18 40 15
18 41 15
18 42 6
18 43 3
18 44 15
18 45 12
18 46 9
18 47 15
18 48 15
18 49 15
18 50 15
18 51 15
18 52 6
19 0 15
19 1 15
19 2 15
19 3 15
19 4 15
19 5 15
19 6 4
19 37 9
19 38 15
19 39 15
19 40 15
19 41 15
19 42 12
19 43 9
19 44 15
19 45 15
19 46 15
19 47 15
19 48 15
19 49 15
19 50 15
19 51 6
20 0 15
20 1 15
20 2 15
20 3 15
20 4 15
20 5 6
20 36 1
20 37 15
20 38 7
20 39 15
20 40 15
20 41 15
20 42 15
20 43 15
20 44 15
20 45 15
20 46 15
20 47 15
20 48 6
20 49 2
20 50 2
21 0 15
21 1 15
21 2 15
21 3 15
21 4 15
21 5 4
21 37 2
21 39 3
21 40 15
21 41 15
21 42 15
21 43 15
21 44 15
21 45 15
21 46 15
21 47 6
22 0 15
22 1 15
22 2 15
22 3 15
22 4 15
22 5 4
22 39 1
22 40 15
22 41 15
22 42 15
22 43 15
22 44 15
22 45 15
22 46 6
23 0 15
23 1 15
23 2 15
23 3 15
23 4 15
23 5 4
23 37 8
23 38 8
23 39 9
23 40 15
23 41 15
23 42 15
23 43 15
23 44 15
23 45 15
23 46 12
23 47 8
24 0 15
24 1 15
24 2 15
24 3 15
24 4 15
24 5 4
24 31 8
24 32 8
24 33 8
24 36 9
24 37 15
24 38 15
24 39 15
24 40 15
24 41 15
24 42 15
24 43 15
24 44 15
24 45 15
24 46 15
24 47 15
24 48 4
25 0 15
25 1 15
25 2 15
25 3 15
25 4 15
25 5 4
25 30 9
25 31 15
25 32 15
25 33 15
25 34 12
25 35 9
25 36 15
25 37 15
25 38 15
25 39 15
25 40 15
25 41 15
25 42 15
25 43 15
25 44 15
25 45 15
25 46 15
25 47 15
25 48 12
25 49 8
25 50 8
26 0 15
26 1 15
26 2 15
26 3 15
26 4 15
26 5 4
26 29 1
26 30 15
26 31 15
26 32 15
26 33 15
26 34 15
26 35 15
26 36 15
26 37 15
26 38 15
26 39 15
26 40 15
26 41 15
26 42 15
26 43 15
26 44 6
26 45 3
26 46 15
26 47 15
26 48 15
26 49 15
26 50 15
26 51 12
27 0 15
27 1 15
27 2 15
27 3 15
27 4 15
27 5 12
27 30 2
27 31 2
27 32 3
27 33 15
27 34 15
27 35 15
27 36 15
27 37 7
27 38 15
27 39 15
27 40 15
27 41 15
27 42 7
27 43 15
27 44 12
27 46 3
27 47 15
27 48 6
27 49 2
27 50 3
27 51 15
27 52 4
27 55 8
28 0 15
28 1 15
28 2 15
28 3 15
28 4 15
28 5 15
28 6 12
28 13 8
28 33 2
28 34 2
28 35 2
28 36 2
28 38 11
28 39 15
28 40 6
28 41 2
28 42 1
28 43 15
28 44 15
28 45 12
28 47 2
28 50 1
28 51 15
28 52 12
28 53 8
28 54 1
28 55 15
28 56 12
29 0 15
29 1 15
29 2 15
29 3 15
29 4 15
29 5 15
29 6 15
29 7 4
29 12 1
29 13 15
29 14 4
29 37 1
29 38 15
29 39 15
29 40 4
29 43 3
29 44 15
29 45 15
29 46 4
29 50 1
29 51 15
29 52 15
29 53 15
29 54 4
29 55 3
29 56 15
29 57 4
30 0 15
30 1 15
30 2 15
30 3 15
30 4 15
30 5 15
30 6 15
30 7 12
30 8 8
30 13 3
30 14 4
30 37 1
30 38 15
30 39 15
30 40 4
30 44 2
30 45 2
30 51 3
30 52 15
30 53 6
30 56 2
31 0 15
31 1 15
31 2 15
31 3 15
31 4 15
31 5 15
31 6 15
31 7 15
31 8 15
31 9 12
31 13 1
31 14 4
31 38 3
31 39 15
31 40 4
31 52 2
32 0 15
32 1 15
32 2 15
32 3 15
32 4 15
32 5 15
32 6 15
32 7 15
32 8 15
32 9 15
32 10 4
32 13 1
32 14 12
32 38 1
32 39 15
32 40 4
33 0 15
33 1 15
33 2 15
33 3 15
33 4 15
33 5 15
33 6 15
33 7 15
33 8 15
33 9 15
33 10 12
33 13 1
33 14 15
33 15 12
33 38 1
33 39 15
33 40 4
34 0 15
34 1 15
34 2 15
34 3 15
34 4 15
34 5 15
34 6 15
34 7 15
34 8 15
34 9 15
34 10 15
34 11 4
34 14 3
34 15 15
34 16 12
34 38 1
34 39 15
34 40 4
35 0 15
35 1 15
35 2 15
35 3 15
35 4 15
35 5 15
35 6 15
35 7 15
35 8 15
35 9 15
35 10 15
35 11 4
35 15 3
35 16 15
35 17 4
35 39 2
36 0 15
36 1 15
36 2 15
36 3 15
36 4 15
36 5 15
36 6 15
36 7 15
36 8 15
36 9 15
36 10 15
36 11 4
36 16 2
36 18 8
36 30 8
36 31 8
36 32 8
37 0 15
37 1 15
37 2 15
37 3 15
37 4 15
37 5 15
37 6 15
37 7 15
37 8 15
37 9 15
37 10 15
37 11 12
37 18 2
37 29 1
37 30 6
37 31 2
37 32 3
37 33 4
38 0 15
38 1 15
38 2 15
38 3 15
38 4 15
38 5 15
38 6 15
38 7 15
38 8 15
38 9 15
38 10 15
38 11 15
38 12 4
38 29 1
38 30 4
38 32 1
38 33 4
39 0 15
39 1 15
39 2 15
39 3 15
39 4 15
39 5 15
39 6 15
39 7 15
39 8 15
39 9 15
39 10 15
39 11 15
39 12 12
39 29 1
39 30 4
39 32 1
39 33 4
40 0 15
40 1 15
40 2 15
40 3 15
40 4 15
40 5 15
40 6 15
40 7 15
40 8 15
40 9 15
40 10 15
40 11 15
40 12 15
40 13 12
40 26 1
40 27 4
41 0 15
41 1 15
41 2 15
41 3 15
41 4 15
41 5 15
41 6 15
41 7 15
41 8 15
41 9 15
41 10 15
41 11 15
41 12 15
41 13 15
41 14 4
41 26 1
41 27 4
42 0 15
42 1 15
42 2 15
42 3 15
42 4 15
42 5 15
42 6 15
42 7 15
42 8 15
42 9 15
42 10 15
42 11 15
42 12 15
42 13 15
42 14 4
42 26 1
42 27 12
43 0 15
43 1 15
43 2 15
43 3 15
43 4 15
43 5 15
43 6 15
43 7 15
43 8 15
43 9 15
43 10 15
43 11 15
43 12 15
43 13 15
43 14 12
43 26 1
43 27 15
43 28 12
43 33 8
44 0 15
44 1 15
44 2 15
44 3 15
44 4 15
44 5 15
44 6 15
44 7 15
44 8 15
44 9 15
44 10 15
44 11 15
44 12 15
44 13 15
44 14 15
44 15 4
44 27 3
44 28 15
44 29 12
44 30 8
44 31 8
44 32 9
44 33 15
44 34 4
45 0 15
45 1 15
45 2 15
45 3 15
45 4 15
45 5 15
45 6 15
45 7 15
45 8 15
45 9 15
45 10 15
45 11 15
45 12 15
45 13 15
45 14 6
45 28 2
45 29 2
45 30 2
45 31 2
45 32 2
45 33 2
46 0 15
46 1 15
46 2 15
46 3 15
46 4 15
46 5 15
46 6 15
46 7 15
46 8 15
46 9 15
46 10 15
46 11 15
46 12 15
46 13 15
46 14 4
47 0 15
47 1 15
47 2 15
47 3 15
47 4 15
47 5 15
47 6 15
47 7 15
47 8 15
47 9 15
47 10 15
47 11 15
47 12 15
47 13 6
47 19 8
47 20 8
47 21 8
48 0 15
48 1 15
48 2 15
48 3 15
48 4 15
48 5 15
48 6 15
48 7 15
48 8 15
48 9 15
48 10 15
48 11 6
48 12 2
48 17 8
48 18 9
48 19 15
48 20 15
48 21 15
48 22 12
49 0 15
49 1 15
49 2 15
49 3 15
49 4 15
49 5 6
49 6 2
49 7 2
49 8 2
49 9 2
49 10 2
49 15 8
49 16 9
49 17 15
49 18 15
49 19 15
49 20 15
49 21 15
49 22 15
49 23 12
49 24 8
50 0 15
50 1 15
50 2 15
50 3 15
50 4 6
50 14 1
50 15 15
50 16 15
50 17 15
50 18 15
50 19 15
50 20 15
50 21 15
50 22 15
50 23 15
50 24 15
50 25 12
50 26 8
50 27 8
51 0 15
51 1 15
51 2 15
51 3 15
51 4 4
51 7 8
51 8 8
51 9 8
51 14 1
51 15 15
51 16 15
51 17 15
51 18 15
51 19 15
51 20 15
51 21 15
51 22 15
51 23 15
51 24 15
51 25 15
51 26 15
51 27 15
51 28 12
52 0 15
52 1 15
52 2 15
52 3 15
52 4 4
52 6 1
52 7 15
52 8 15
52 9 15
52 10 4
52 14 9
52 15 15
52 16 15
52 17 15
52 18 15
52 19 15
52 20 15
52 21 15
52 22 15
52 23 15
52 24 15
52 25 15
52 26 15
52 27 15
52 28 15
52 29 12
52 30 8
53 0 15
53 1 15
53 2 15
53 3 15
53 4 4
53 6 1
53 7 15
53 8 15
53 9 15
53 10 4
53 13 9
53 14 15
53 15 15
53 16 15
53 17 15
53 18 15
53 19 15
53 20 15
53 21 15
53 22 15
53 23 15
53 24 15
53 25 15
53 26 15
53 27 15
53 28 15
53 29 15
53 30 15
53 31 12
53 32 8
54 0 15
54 1 15
54 2 15
54 3 15
54 4 4
54 6 1
54 7 15
54 8 15
54 9 15
54 10 4
54 12 1
54 13 15
54 14 15
54 15 15
54 16 15
54 17 15
54 18 15
54 19 15
54 20 15
54 21 15
54 22 15
54 23 15
54 24 15
54 25 15
54 26 15
54 27 15
54 28 15
54 29 15
54 30 15
54 31 15
54 32 15
54 33 12
54 34 8
55 0 15
55 1 15
55 2 15
55 3 15
55 4 4
55 7 2
55 8 2
55 9 2
55 12 1
55 13 15
55 14 15
55 15 15
55 16 15
55 17 15
55 18 15
55 19 15
55 20 15
55 21 15
55 22 15
55 23 15
55 24 15
55 25 15
55 26 15
55 27 15
55 28 15
55 29 15
55 30 15
55 31 15
55 32 15
55 33 15
55 34 15
55 35 12
55 36 8
55 37 8
55 38 8
55 39 8
56 0 15
56 1 15
56 2 15
56 3 15
56 4 12
56 12 9
56 13 15
56 14 15
56 15 15
56 16 15
56 17 15
56 18 15
56 19 15
56 20 15
56 21 15
56 22 15
56 23 15
56 24 15
56 25 15
56 26 15
56 27 15
56 28 15
56 29 15
56 30 15
56 31 15
56 32 15
56 33 15
56 34 15
56 35 15
56 36 15
56 37 15
56 38 15
56 39 15
56 40 12
57 0 15
57 1 15
57 2 15
57 3 15
57 4 15
57 5 12
57 6 8
57 7 8
57 8 8
57 9 8
57 10 8
57 11 9
57 12 15
57 13 15
57 14 15
57 15 15
57 16 15
57 17 15
57 18 15
57 19 15
57 20 15
57 21 15
57 22 15
57 23 15
57 24 15
57 25 15
57 26 15
57 27 15
57 28 15
57 29 15
57 30 15
57 31 15
57 32 15
57 33 15
57 34 15
57 35 15
57 36 15
57 37 15
57 38 15
57 39 15
57 40 15
57 41 12
57 42 8
58 0 15
58 1 15
58 2 15
58 3 15
58 4 15
58 5 15
58 6 15
58 7 15
58 8 15
58 9 15
58 10 15
58 11 15
58 12 15
58 13 15
58 14 15
58 15 15
58 16 15
58 17 15
58 18 15
58 19 15
58 20 15
58 21 15
58 22 15
58 23 15
58 24 15
58 25 15
58 26 15
58 27 15
58 28 15
58 29 15
58 30 15
58 31 15
58 32 15
58 33 15
58 34 15
58 35 15
58 36 15
58 37 15
58 38 15
58 39 15
58 40 15
58 41 15
58 42 15
58 43 12
59 0 15
59 1 15
59 2 15
59 3 15
59 4 15
59 5 15
59 6 15
59 7 15
59 8 15
59 9 15
59 10 15
59 11 15
59 12 15
59 13 15
59 14 15
59 15 15
59 16 15
59 17 15
59 18 15
59 19 15
59 20 15
59 21 15
59 22 15
59 23 15
59 24 15
59 25 15
59 26 15
59 27 15
59 28 15
59 29 15
59 30 15
59 31 15
59 32 15
59 33 15
59 34 15
59 35 15
59 36 15
59 37 15
59 38 15
59 39 15
59 40 15
59 41 15
59 42 15
59 43 15
59 44 12
60 0 15
60 1 15
60 2 15
60 3 15
60 4 15
60 5 15
60 6 15
60 7 15
60 8 15
60 9 15
60 10 15
60 11 15
60 12 15
60 13 15
60 14 15
60 15 15
60 16 15
60 17 15
60 18 15
60 19 15
60 20 15
60 21 15
60 22 15
60 23 15
60 24 15
60 25 15
60 26 15
60 27 15
60 28 15
60 29 15
60 30 15
60 31 15
60 32 15
60 33 15
60 34 15
60 35 15
60 36 15
60 37 15
60 38 15
60 39 15
60 40 15
60 41 15
60 42 15
60 43 15
60 44 15
60 45 12
60 46 8
60 63 8
61 0 15
61 1 15
61 2 15
61 3 15
61 4 15
61 5 15
61 6 15
61 7 15
61 8 15
61 9 15
61 10 15
61 11 15
61 12 15
61 13 15
61 14 15
61 15 15
61 16 15
61 17 15
61 18 15
61 19 15
61 20 15
61 21 15
61 22 15
61 23 15
61 24 15
61 25 15
61 26 15
61 27 15
61 28 15
61 29 15
61 30 15
61 31 15
61 32 15
61 33 15
61 34 15
61 35 15
61 36 15
61 37 15
61 38 15
61 39 15
61 40 15
61 41 15
61 42 15
61 43 15
61 44 15
61 45 15
61 46 15
61 47 12
61 48 8
61 49 8
61 50 8
61 51 8
61 52 8
61 53 8
61 54 8
61 55 8
61 56 8
61 57 8
61 62 9
61 63 15
62 0 15
62 1 15
62 2 15
62 3 15
62 4 15
62 5 15
62 6 15
62 7 15
62 8 15
62 9 15
62 10 15
62 11 15
62 12 15
62 13 15
62 14 15
62 15 15
62 16 15
62 17 15
62 18 15
62 19 15
62 20 15
62 21 15
62 22 15
62 23 15
62 24 15
62 25 15
62 26 15
62 27 15
62 28 15
62 29 15
62 30 15
62 31 15
62 32 15
62 33 15
62 34 15
62 35 15
62 36 15
62 37 15
62 38 15
62 39 15
62 40 15
62 41 15
62 42 15
62 43 15
62 44 15
62 45 15
62 46 15
62 47 15
62 48 15
62 49 15
62 50 15
62 51 15
62 52 15
62 53 15
62 54 15
62 55 15
62 56 15
62 57 15
62 58 12
62 59 8
62 60 8
62 61 9
62 62 15
62 63 15
63 0 15
63 1 15
63 2 15
63 3 15
63 4 15
63 5 15
63 6 15
63 7 15
63 8 15
63 9 15
63 10 15
63 11 15
63 12 15
63 13 15
63 14 15
63 15 15
63 16 15
63 17 15
63 18 15
63 19 15
63 20 15
63 21 15
63 22 15
63 23 15
63 24 15
63 25 15
63 26 15
63 27 15
63 28 15
63 29 15
63 30 15
63 31 15
63 32 15
63 33 15
63 34 15
63 35 15
63 36 15
63 37 15
63 38 15
63 39 15
63 40 15
63 41 15
63 42 15
63 43 15
63 44 15
63 45 15
63 46 15
63 47 15
63 48 15
63 49 15
63 50 15
63 51 15
63 52 15
63 53 15
63 54 15
63 55 15
63 56 15
63 57 15
63 58 15
63 59 15
63 60 15
63 61 15
63 62 15
63 63 15
