15
0 42 12
0 43 0
0 44 0
0 45 0
0 46 0
0 47 0
0 48 0
0 49 0
0 50 0
0 51 0
0 52 0
0 53 0
0 54 0
0 55 0
0 56 0
0 57 0
0 58 0
0 59 0
0 60 0
0 61 0
0 62 0
0 63 0
1 43 4
1 44 0
1 45 0
1 46 0
1 47 0
1 48 0
1 49 0
1 50 0
1 51 0
1 52 0
1 53 0
1 54 0
1 55 0
1 56 0
1 57 0
1 58 0
1 59 0
1 60 0
1 61 0
1 62 0
1 63 0
2 42 14
2 43 0
2 44 0
2 45 0
2 46 0
2 47 0
2 48 0
2 49 0
2 50 0
2 51 0
2 52 0
2 53 0
2 54 0
2 55 0
2 56 0
2 57 0
2 58 0
2 59 0
2 60 0
2 61 0
2 62 0
2 63 0
3 43 12
3 44 8
3 45 0
3 46 0
3 47 0
3 48 0
3 49 0
3 50 0
3 51 0
3 52 0
3 53 0
3 54 0
3 55 0
3 56 0
3 57 0
3 58 0
3 59 0
3 60 0
3 61 0
3 62 0
3 63 0
4 45 4
4 46 0
4 47 0
4 48 0
4 49 0
4 50 0
4 51 0
4 52 0
4 53 0
4 54 0
4 55 0
4 56 0
4 57 0
4 58 0
4 59 0
4 60 0
4 61 0
4 62 0
4 63 0
5 45 12
5 46 8
5 47 0
5 48 0
5 49 0
5 50 0
5 51 0
5 52 0
5 53 0
5 54 0
5 55 0
5 56 0
5 57 0
5 58 0
5 59 0
5 60 0
5 61 0
5 62 0
5 63 0
6 47 12
6 48 8
6 49 0
6 50 0
6 51 0
6 52 0
6 53 0
6 54 0
6 55 0
6 56 0
6 57 0
6 58 0
6 59 0
6 60 0
6 61 0
6 62 0
6 63 0
7 48 14
7 49 8
7 50 8
7 51 0
7 52 0
7 53 0
7 54 0
7 55 0
7 56 0
7 57 0
7 58 0
7 59 0
7 60 0
7 61 0
7 62 0
7 63 0
8 50 14
8 51 8
8 52 0
8 53 0
8 54 0
8 55 0
8 56 0
8 57 0
8 58 0
8 59 0
8 60 0
8 61 0
8 62 0
8 63 0
9 52 4
9 53 8
9 54 0
9 55 0
9 56 0
9 57 0
9 58 0
9 59 0
9 60 0
9 61 0
9 62 0
9 63 0
10 52 12
10 53 10
10 54 8
10 55 8
10 56 8
10 57 0
10 58 0
10 59 0
10 60 0
10 61 0
10 62 0
10 63 0
11 57 12
11 58 8
11 59 0
11 60 0
11 61 0
11 62 0
11 63 0
12 59 12
12 60 8
12 61 8
12 62 0
12 63 8
13 62 13
