0
0 20 2
0 21 2
0 22 2
0 23 2
0 24 2
0 25 2
0 26 2
0 27 2
0 28 2
0 29 2
0 30 2
1 20 8
1 21 8
1 22 8
1 23 8
1 24 8
1 25 8
1 26 8
1 27 8
1 28 8
1 29 8
1 30 8
2 20 2
2 21 11
2 22 15
2 23 15
2 24 15
2 25 15
2 26 15
2 27 15
2 28 6
2 29 2
2 30 2
3 20 9
3 21 15
3 22 15
3 23 15
3 24 15
3 25 15
3 26 15
3 27 15
3 28 4
4 18 8
4 19 9
4 20 15
4 21 15
4 22 15
4 23 15
4 24 15
4 25 15
4 26 15
4 27 15
4 28 4
5 17 9
5 18 15
5 19 15
5 20 15
5 21 15
5 22 15
5 23 15
5 24 15
5 25 15
5 26 15
5 27 15
5 28 4
6 16 1
6 17 15
6 18 15
6 19 15
6 20 15
6 21 15
6 22 15
6 23 15
6 24 15
6 25 15
6 26 15
6 27 6
7 17 3
7 18 15
7 19 15
7 20 15
7 21 7
7 22 15
7 23 15
7 24 15
7 25 15
7 26 6
8 17 1
8 18 15
8 19 15
8 20 6
8 22 2
8 23 2
8 24 2
8 25 2
9 14 8
9 17 9
9 18 15
9 19 15
9 20 4
10 13 1
10 14 15
10 15 12
10 16 1
10 17 15
10 18 15
10 19 15
10 20 4
11 14 3
11 15 15
11 16 4
11 17 2
11 18 3
11 19 15
11 20 4
12 15 2
12 18 1
12 19 15
12 20 12
12 21 8
13 19 3
13 20 15
13 21 15
13 22 4
14 19 1
14 20 15
14 21 15
14 22 12
15 19 1
15 20 15
15 21 15
15 22 15
15 23 4
16 18 8
16 19 9
16 20 15
16 21 15
16 22 15
16 23 12
17 17 1
17 18 15
17 19 15
17 20 15
17 21 15
17 22 15
17 23 15
17 24 4
18 9 8
18 10 8
18 11 8
18 17 9
18 18 15
18 19 15
18 20 15
18 21 15
18 22 15
18 23 15
18 24 4
19 7 8
19 8 9
19 9 15
19 10 15
19 11 15
19 12 12
19 14 8
19 15 8
19 16 9
19 17 15
19 18 15
19 19 15
19 20 15
19 21 15
19 22 15
19 23 15
19 24 4
20 6 9
20 7 15
20 8 15
20 9 15
20 10 15
20 11 15
20 12 15
20 13 5
20 14 15
20 15 15
20 16 15
20 17 15
20 18 15
20 19 15
20 20 15
20 21 15
20 22 15
20 23 6
21 5 1
21 6 15
21 7 15
21 8 15
21 9 15
21 10 15
21 11 15
21 12 15
21 13 5
21 14 15
21 15 15
21 16 15
21 17 15
21 18 15
21 19 15
21 20 15
21 21 15
21 22 15
21 23 4
22 5 9
22 6 15
22 7 15
22 8 15
22 9 15
22 10 15
22 11 15
22 12 15
22 13 5
22 14 15
22 15 15
22 16 15
22 17 15
22 18 15
22 19 15
22 20 15
22 21 15
22 22 15
22 23 4
22 40 8
23 4 1
23 5 15
23 6 15
23 7 15
23 8 15
23 9 15
23 10 15
23 11 15
23 12 15
23 13 4
23 14 2
23 15 3
23 16 15
23 17 15
23 18 15
23 19 6
23 20 3
23 21 15
23 22 6
23 39 9
23 40 15
23 41 12
24 4 1
24 5 15
24 6 15
24 7 15
24 8 15
24 9 15
24 10 15
24 11 15
24 12 6
24 16 2
24 17 3
24 18 15
24 19 4
24 21 2
24 36 8
24 38 1
24 39 15
24 40 15
24 41 15
24 42 4
25 4 1
25 5 15
25 6 15
25 7 15
25 8 15
25 9 15
25 10 15
25 11 6
25 18 2
25 35 1
25 36 15
25 37 12
25 38 1
25 39 15
25 40 15
25 41 15
25 42 4
26 5 3
26 6 15
26 7 15
26 8 15
26 9 15
26 10 15
26 11 4
26 35 1
26 36 15
26 37 15
26 38 5
26 39 15
26 40 15
26 41 6
27 6 2
27 7 3
27 8 15
27 9 15
27 10 15
27 11 4
27 36 2
27 37 2
27 39 2
27 40 2
28 8 3
28 9 15
28 10 15
28 11 12
29 8 1
29 9 15
29 10 15
29 11 15
29 12 4
30 9 2
30 10 3
30 11 15
30 12 12
31 8 8
31 10 1
31 11 15
31 12 15
31 13 12
31 18 8
32 7 1
32 8 15
32 9 4
32 10 1
32 11 15
32 12 15
32 13 15
32 14 12
32 15 8
32 16 8
32 17 9
32 18 15
32 19 4
32 21 8
33 8 2
33 11 2
33 12 3
33 13 15
33 14 15
33 15 15
33 16 15
33 17 15
33 18 15
33 19 12
33 20 9
33 21 15
33 22 4
34 13 2
34 14 3
34 15 15
34 16 15
34 17 15
34 18 15
34 19 15
34 20 15
34 21 15
34 22 12
35 15 2
35 16 2
35 17 2
35 18 2
35 19 3
35 20 15
35 21 15
35 22 15
35 23 4
36 19 1
36 20 15
36 21 15
36 22 15
36 23 4
37 19 9
37 20 15
37 21 15
37 22 15
37 23 4
38 17 8
38 18 9
38 19 15
38 20 15
38 21 15
38 22 6
39 16 9
39 17 15
39 18 15
39 19 15
39 20 15
39 21 15
39 22 4
40 15 9
40 16 15
40 17 15
40 18 15
40 19 15
40 20 15
40 21 6
40 26 8
40 27 8
40 28 8
40 29 8
40 30 8
41 14 1
41 15 15
41 16 15
41 17 15
41 18 15
41 19 15
41 20 6
41 25 9
41 26 15
41 27 15
41 28 15
41 29 15
41 30 15
41 31 12
42 14 1
42 15 15
42 16 15
42 17 15
42 18 15
42 19 15
42 20 4
42 24 9
42 25 15
42 26 15
42 27 15
42 28 15
42 29 15
42 30 15
42 31 15
42 32 4
43 14 1
43 15 15
43 16 15
43 17 6
43 18 3
43 19 15
43 20 12
43 21 8
43 22 8
43 23 9
43 24 15
43 25 15
43 26 15
43 27 15
43 28 15
43 29 15
43 30 15
43 31 15
43 32 4
44 15 2
44 16 2
44 18 1
44 19 15
44 20 15
44 21 15
44 22 15
44 23 15
44 24 15
44 25 15
44 26 15
44 27 15
44 28 15
44 29 15
44 30 15
44 31 15
44 32 12
45 16 8
45 18 1
45 19 15
45 20 15
45 21 15
45 22 15
45 23 15
45 24 15
45 25 15
45 26 15
45 27 15
45 28 15
45 29 15
45 30 15
45 31 15
45 32 15
45 33 4
46 15 1
46 16 15
46 17 12
46 18 1
46 19 15
46 20 15
46 21 15
46 22 15
46 23 15
46 24 6
46 25 2
46 26 2
46 27 3
46 28 15
46 29 15
46 30 15
46 31 15
46 32 15
46 33 4
47 16 3
47 17 15
47 18 4
47 19 2
47 20 2
47 21 2
47 22 2
47 23 2
47 27 9
47 28 15
47 29 15
47 30 15
47 31 15
47 32 6
48 17 2
48 26 9
48 27 15
48 28 15
48 29 15
48 30 15
48 31 6
49 25 1
49 26 15
49 27 15
49 28 15
49 29 15
49 30 6
50 26 10
50 27 10
50 28 10
50 29 10
51 25 1
51 26 15
51 27 15
51 28 15
51 29 15
51 30 12
52 25 1
52 26 15
52 27 15
52 28 15
52 29 15
52 30 15
52 31 12
53 26 2
53 27 2
53 28 3
53 29 15
53 30 15
53 31 15
53 32 4
54 28 1
54 29 15
54 30 15
54 31 15
54 32 4
55 28 1
55 29 15
55 30 15
55 31 15
55 32 4
56 29 3
56 30 15
56 31 15
56 32 4
57 29 1
57 30 15
57 31 15
57 32 4
58 29 1
58 30 15
58 31 6
59 28 8
59 30 2
60 26 8
60 27 9
60 28 15
60 29 4
61 25 1
61 26 15
61 27 15
61 28 6
62 25 1
62 26 15
62 27 15
62 28 4
63 25 1
63 26 15
63 27 15
63 28 4
