15
15 39 6
15 40 2
15 41 2
15 42 3
15 46 7
16 39 4
16 40 8
16 41 8
16 42 1
16 46 13
16 54 6
16 55 3
17 20 6
17 21 3
17 38 6
17 39 9
17 42 4
17 43 3
17 51 7
17 54 12
17 55 0
17 56 3
18 20 4
18 21 1
18 38 13
18 42 12
18 43 9
18 49 6
18 50 2
18 51 0
18 52 2
18 53 11
18 55 4
18 56 1
19 20 4
19 21 9
19 48 14
19 49 0
19 50 0
19 51 0
19 52 1
19 55 12
19 56 9
20 20 5
20 49 12
20 50 8
20 51 0
20 52 8
20 53 3
21 19 6
21 20 0
21 21 2
21 22 3
21 51 13
21 53 4
21 54 3
22 19 12
22 20 8
22 21 0
22 22 0
22 23 3
22 30 6
22 31 2
22 32 2
22 33 2
22 34 2
22 35 2
22 36 2
22 37 2
22 38 2
22 39 2
22 40 2
22 41 2
22 42 3
22 50 14
22 51 11
22 53 12
22 54 9
23 21 4
23 22 8
23 23 9
23 27 6
23 28 2
23 29 2
23 30 0
23 31 0
23 32 0
23 33 0
23 34 0
23 35 0
23 36 0
23 37 0
23 38 0
23 39 0
23 40 0
23 41 0
23 42 0
23 43 2
23 44 2
23 45 3
24 21 13
24 25 6
24 26 2
24 27 0
24 28 0
24 29 0
24 30 0
24 31 0
24 32 0
24 33 0
24 34 0
24 35 0
24 36 0
24 37 0
24 38 0
24 39 0
24 40 0
24 41 0
24 42 0
24 43 0
24 44 0
24 45 1
25 23 6
25 24 2
25 25 0
25 26 0
25 27 0
25 28 0
25 29 0
25 30 0
25 31 0
25 32 0
25 33 0
25 34 0
25 35 0
25 36 0
25 37 0
25 38 0
25 39 0
25 40 0
25 41 0
25 42 0
25 43 0
25 44 0
25 45 0
25 46 3
26 21 6
26 22 2
26 23 0
26 24 0
26 25 0
26 26 0
26 27 0
26 28 0
26 29 0
26 30 0
26 31 0
26 32 0
26 33 0
26 34 0
26 35 0
26 36 0
26 37 0
26 38 0
26 39 0
26 40 0
26 41 0
26 42 0
26 43 0
26 44 0
26 45 0
26 46 0
26 47 3
27 20 6
27 21 0
27 22 0
27 23 0
27 24 0
27 25 0
27 26 0
27 27 0
27 28 0
27 29 0
27 30 0
27 31 0
27 32 0
27 33 0
27 34 0
27 35 0
27 36 0
27 37 0
27 38 0
27 39 0
27 40 0
27 41 0
27 42 0
27 43 0
27 44 0
27 45 0
27 46 0
27 47 0
27 48 3
28 19 6
28 20 0
28 21 0
28 22 0
28 23 0
28 24 0
28 25 0
28 26 0
28 27 0
28 28 0
28 29 0
28 30 0
28 31 0
28 32 0
28 33 0
28 34 0
28 35 0
28 36 0
28 37 0
28 38 0
28 39 0
28 40 0
28 41 0
28 42 0
28 43 0
28 44 0
28 45 0
28 46 0
28 47 0
28 48 0
28 49 3
29 18 6
29 19 0
29 20 0
29 21 0
29 22 0
29 23 0
29 24 0
29 25 0
29 26 0
29 27 0
29 28 0
29 29 0
29 30 0
29 31 0
29 32 0
29 33 0
29 34 0
29 35 0
29 36 0
29 37 0
29 38 0
29 39 0
29 40 0
29 41 0
29 42 0
29 43 0
29 44 0
29 45 0
29 46 0
29 47 0
29 48 0
29 49 0
29 50 3
30 11 6
30 12 3
30 17 6
30 18 0
30 19 0
30 20 0
30 21 0
30 22 0
30 23 0
30 24 0
30 25 0
30 26 0
30 27 0
30 28 0
30 29 0
30 30 0
30 31 0
30 32 0
30 33 0
30 34 0
30 35 0
30 36 0
30 37 0
30 38 0
30 39 0
30 40 0
30 41 8
30 42 0
30 43 0
30 44 0
30 45 0
30 46 0
30 47 0
30 48 0
30 49 0
30 50 1
31 11 12
31 12 9
31 16 6
31 17 0
31 18 0
31 19 0
31 20 0
31 21 0
31 22 0
31 23 0
31 24 0
31 25 0
31 26 0
31 27 0
31 28 0
31 29 0
31 30 0
31 31 0
31 32 0
31 33 0
31 34 0
31 35 0
31 36 0
31 37 0
31 38 0
31 39 0
31 40 9
31 42 12
31 43 0
31 44 0
31 45 0
31 46 0
31 47 0
31 48 0
31 49 0
31 50 0
31 51 3
31 56 7
32 16 4
32 17 0
32 18 0
32 19 0
32 20 0
32 21 0
32 22 0
32 23 0
32 24 0
32 25 0
32 26 0
32 27 0
32 28 0
32 29 0
32 30 0
32 31 0
32 32 0
32 33 0
32 34 0
32 35 0
32 36 0
32 37 0
32 38 0
32 39 1
32 43 12
32 44 0
32 45 0
32 46 0
32 47 0
32 48 0
32 49 0
32 50 0
32 51 1
32 56 4
32 57 3
33 15 6
33 16 0
33 17 0
33 18 0
33 19 0
33 20 0
33 21 0
33 22 0
33 23 0
33 24 0
33 25 0
33 26 0
33 27 0
33 28 0
33 29 0
33 30 0
33 31 0
33 32 0
33 33 0
33 34 0
33 35 0
33 36 0
33 37 0
33 38 0
33 39 9
33 44 12
33 45 0
33 46 0
33 47 0
33 48 0
33 49 0
33 50 0
33 51 1
33 56 12
33 57 9
34 15 4
34 16 0
34 17 0
34 18 0
34 19 0
34 20 0
34 21 0
34 22 0
34 23 0
34 24 0
34 25 0
34 26 0
34 27 0
34 28 0
34 29 0
34 30 0
34 31 0
34 32 0
34 33 0
34 34 0
34 35 0
34 36 0
34 37 0
34 38 1
34 45 12
34 46 0
34 47 0
34 48 0
34 49 0
34 50 0
34 51 1
34 58 6
34 59 3
35 13 6
35 14 2
35 15 0
35 16 0
35 17 0
35 18 0
35 19 0
35 20 0
35 21 0
35 22 0
35 23 0
35 24 0
35 25 0
35 26 0
35 27 0
35 28 0
35 29 0
35 30 0
35 31 0
35 32 0
35 33 0
35 34 0
35 35 0
35 36 0
35 37 0
35 38 1
35 46 4
35 47 0
35 48 0
35 49 0
35 50 0
35 51 1
35 58 12
35 59 9
36 13 12
36 14 8
36 15 0
36 16 0
36 17 0
36 18 0
36 19 0
36 20 0
36 21 0
36 22 0
36 23 0
36 24 0
36 25 0
36 26 0
36 27 0
36 28 0
36 29 0
36 30 0
36 31 0
36 32 0
36 33 0
36 34 0
36 35 0
36 36 0
36 37 0
36 38 0
36 39 3
36 46 4
36 47 0
36 48 0
36 49 0
36 50 0
36 51 1
37 8 6
37 9 3
37 15 4
37 16 0
37 17 0
37 18 0
37 19 0
37 20 0
37 21 0
37 22 0
37 23 0
37 24 0
37 25 0
37 26 0
37 27 0
37 28 0
37 29 0
37 30 0
37 31 0
37 32 0
37 33 0
37 34 0
37 35 0
37 36 0
37 37 0
37 38 0
37 39 9
37 45 6
37 46 0
37 47 0
37 48 0
37 49 0
37 50 0
37 51 1
38 8 12
38 9 9
38 15 4
38 16 0
38 17 0
38 18 0
38 19 0
38 20 0
38 21 0
38 22 0
38 23 0
38 24 0
38 25 0
38 26 0
38 27 0
38 28 0
38 29 0
38 30 0
38 31 0
38 32 0
38 33 0
38 34 0
38 35 0
38 36 0
38 37 0
38 38 1
38 45 4
38 46 0
38 47 0
38 48 0
38 49 0
38 50 0
38 51 1
39 15 12
39 16 0
39 17 0
39 18 0
39 19 0
39 20 0
39 21 0
39 22 0
39 23 0
39 24 0
39 25 0
39 26 0
39 27 0
39 28 0
39 29 0
39 30 0
39 31 0
39 32 0
39 33 0
39 34 0
39 35 0
39 36 0
39 37 0
39 38 1
39 44 6
39 45 0
39 46 0
39 47 0
39 48 0
39 49 0
39 50 0
39 51 9
40 16 4
40 17 0
40 18 0
40 19 0
40 20 0
40 21 0
40 22 0
40 23 0
40 24 0
40 25 0
40 26 0
40 27 0
40 28 0
40 29 0
40 30 0
40 31 0
40 32 0
40 33 0
40 34 0
40 35 0
40 36 0
40 37 0
40 38 0
40 39 3
40 42 6
40 43 2
40 44 0
40 45 0
40 46 0
40 47 0
40 48 0
40 49 0
40 50 1
41 16 12
41 17 0
41 18 0
41 19 0
41 20 0
41 21 0
41 22 0
41 23 0
41 24 0
41 25 0
41 26 0
41 27 0
41 28 0
41 29 0
41 30 0
41 31 0
41 32 0
41 33 0
41 34 0
41 35 0
41 36 0
41 37 0
41 38 0
41 39 0
41 40 2
41 41 2
41 42 0
41 43 0
41 44 0
41 45 0
41 46 0
41 47 0
41 48 0
41 49 0
41 50 9
42 17 12
42 18 0
42 19 0
42 20 0
42 21 0
42 22 0
42 23 0
42 24 0
42 25 0
42 26 0
42 27 0
42 28 0
42 29 0
42 30 0
42 31 0
42 32 0
42 33 0
42 34 0
42 35 0
42 36 0
42 37 0
42 38 0
42 39 0
42 40 0
42 41 0
42 42 0
42 43 0
42 44 0
42 45 0
42 46 0
42 47 0
42 48 0
42 49 1
43 18 12
43 19 0
43 20 0
43 21 0
43 22 0
43 23 0
43 24 0
43 25 0
43 26 0
43 27 0
43 28 0
43 29 0
43 30 0
43 31 0
43 32 0
43 33 0
43 34 0
43 35 0
43 36 0
43 37 0
43 38 0
43 39 0
43 40 0
43 41 0
43 42 0
43 43 0
43 44 0
43 45 0
43 46 0
43 47 0
43 48 0
43 49 9
44 19 12
44 20 8
44 21 0
44 22 0
44 23 0
44 24 0
44 25 0
44 26 0
44 27 0
44 28 0
44 29 0
44 30 0
44 31 0
44 32 0
44 33 0
44 34 0
44 35 0
44 36 0
44 37 0
44 38 0
44 39 0
44 40 0
44 41 0
44 42 0
44 43 0
44 44 0
44 45 0
44 46 0
44 47 0
44 48 9
44 53 6
44 54 3
45 21 12
45 22 8
45 23 0
45 24 0
45 25 0
45 26 0
45 27 0
45 28 0
45 29 0
45 30 0
45 31 0
45 32 0
45 33 0
45 34 0
45 35 0
45 36 0
45 37 0
45 38 0
45 39 0
45 40 0
45 41 0
45 42 0
45 43 0
45 44 0
45 45 0
45 46 0
45 47 9
45 53 4
45 54 1
46 23 12
46 24 0
46 25 0
46 26 0
46 27 0
46 28 0
46 29 0
46 30 0
46 31 0
46 32 0
46 33 0
46 34 0
46 35 0
46 36 0
46 37 0
46 38 0
46 39 0
46 40 0
46 41 0
46 42 0
46 43 0
46 44 0
46 45 8
46 46 9
46 52 6
46 53 0
46 54 1
47 24 12
47 25 8
47 26 8
47 27 8
47 28 0
47 29 0
47 30 0
47 31 0
47 32 0
47 33 0
47 34 0
47 35 0
47 36 0
47 37 0
47 38 0
47 39 0
47 40 0
47 41 0
47 42 0
47 43 8
47 44 9
47 50 6
47 51 2
47 52 8
47 53 8
47 54 9
48 28 12
48 29 8
48 30 8
48 31 0
48 32 0
48 33 0
48 34 0
48 35 0
48 36 0
48 37 0
48 38 0
48 39 0
48 40 8
48 41 8
48 42 9
48 50 12
48 51 9
49 16 6
49 17 11
49 19 6
49 20 3
49 31 12
49 32 8
49 33 8
49 34 8
49 35 8
49 36 8
49 37 8
49 38 8
49 39 9
50 16 13
50 19 12
50 20 1
50 22 6
50 23 3
51 17 6
51 18 3
51 20 4
51 21 2
51 22 8
51 23 9
51 25 7
52 17 12
52 18 9
52 20 4
52 21 1
52 25 13
52 49 7
53 20 12
53 21 9
53 49 5
54 40 6
54 41 3
54 49 13
55 40 12
55 41 9
57 35 6
57 36 3
58 35 12
58 36 9
