15
33 55 6
33 56 2
33 57 3
34 55 4
34 56 0
34 57 0
34 58 3
35 54 6
35 55 0
35 56 0
35 57 0
35 58 0
35 59 3
36 53 6
36 54 0
36 55 0
36 56 0
36 57 0
36 58 0
36 59 0
36 60 3
37 0 3
37 53 12
37 54 0
37 55 0
37 56 0
37 57 0
37 58 0
37 59 0
37 60 1
38 0 0
38 1 3
38 54 4
38 55 0
38 56 0
38 57 0
38 58 0
38 59 0
38 60 9
39 0 0
39 1 0
39 2 3
39 54 12
39 55 0
39 56 0
39 57 0
39 58 8
39 59 9
40 0 0
40 1 0
40 2 9
40 55 12
40 56 8
40 57 9
41 0 0
41 1 1
42 0 0
42 1 1
43 0 0
43 1 9
44 0 9
46 63 6
47 11 6
47 12 3
47 61 6
47 62 2
47 63 0
48 5 6
48 6 3
48 9 6
48 10 2
48 11 0
48 12 0
48 13 2
48 14 3
48 23 6
48 24 3
48 35 6
48 36 3
48 58 6
48 59 3
48 61 4
48 62 0
48 63 0
49 3 6
49 4 2
49 5 0
49 6 0
49 7 2
49 8 2
49 9 0
49 10 0
49 11 0
49 12 0
49 13 0
49 14 0
49 15 3
49 18 6
49 19 3
49 21 6
49 22 2
49 23 0
49 24 0
49 25 2
49 26 2
49 27 3
49 30 6
49 31 3
49 33 6
49 34 2
49 35 0
49 36 0
49 37 2
49 38 3
49 56 6
49 57 2
49 58 0
49 59 1
49 61 4
49 62 0
49 63 0
50 2 6
50 3 0
50 4 0
50 5 0
50 6 0
50 7 0
50 8 0
50 9 0
50 10 0
50 11 0
50 12 0
50 13 0
50 14 0
50 15 0
50 16 2
50 17 2
50 18 0
50 19 0
50 20 2
50 21 0
50 22 0
50 23 0
50 24 0
50 25 0
50 26 0
50 27 0
50 28 2
50 29 2
50 30 0
50 31 0
50 32 2
50 33 0
50 34 0
50 35 0
50 36 0
50 37 0
50 38 0
50 39 2
50 40 2
50 41 2
50 42 2
50 43 2
50 44 3
50 47 6
50 48 3
50 55 6
50 56 0
50 57 0
50 58 0
50 59 1
50 61 4
50 62 0
50 63 0
51 0 2
51 1 2
51 2 0
51 3 0
51 4 0
51 5 0
51 6 0
51 7 0
51 8 0
51 9 0
51 10 0
51 11 0
51 12 0
51 13 0
51 14 0
51 15 0
51 16 0
51 17 0
51 18 0
51 19 0
51 20 0
51 21 0
51 22 0
51 23 0
51 24 0
51 25 0
51 26 0
51 27 0
51 28 0
51 29 0
51 30 0
51 31 0
51 32 0
51 33 0
51 34 0
51 35 0
51 36 0
51 37 0
51 38 0
51 39 0
51 40 0
51 41 0
51 42 0
51 43 0
51 44 0
51 45 2
51 46 2
51 47 0
51 48 0
51 49 3
51 52 6
51 53 2
51 54 2
51 55 0
51 56 0
51 57 0
51 58 0
51 59 1
51 61 4
51 62 0
51 63 0
52 0 0
52 1 0
52 2 0
52 3 0
52 4 0
52 5 0
52 6 0
52 7 0
52 8 0
52 9 0
52 10 0
52 11 0
52 12 0
52 13 0
52 14 0
52 15 0
52 16 0
52 17 0
52 18 0
52 19 0
52 20 0
52 21 0
52 22 0
52 23 0
52 24 0
52 25 0
52 26 0
52 27 0
52 28 0
52 29 0
52 30 0
52 31 0
52 32 0
52 33 0
52 34 0
52 35 0
52 36 0
52 37 0
52 38 0
52 39 0
52 40 0
52 41 0
52 42 0
52 43 0
52 44 0
52 45 0
52 46 0
52 47 0
52 48 0
52 49 0
52 50 2
52 51 2
52 52 0
52 53 0
52 54 0
52 55 0
52 56 0
52 57 0
52 58 0
52 59 1
52 61 4
52 62 0
52 63 0
53 0 0
53 1 0
53 2 0
53 3 0
53 4 0
53 5 0
53 6 0
53 7 0
53 8 0
53 9 0
53 10 0
53 11 0
53 12 0
53 13 0
53 14 0
53 15 0
53 16 0
53 17 0
53 18 0
53 19 0
53 20 0
53 21 0
53 22 0
53 23 0
53 24 0
53 25 0
53 26 0
53 27 0
53 28 0
53 29 0
53 30 0
53 31 0
53 32 0
53 33 0
53 34 0
53 35 0
53 36 0
53 37 0
53 38 0
53 39 0
53 40 0
53 41 0
53 42 0
53 43 0
53 44 0
53 45 0
53 46 0
53 47 0
53 48 0
53 49 0
53 50 0
53 51 0
53 52 0
53 53 0
53 54 0
53 55 0
53 56 0
53 57 0
53 58 0
53 59 1
53 61 4
53 62 0
53 63 0
54 0 0
54 1 0
54 2 0
54 3 0
54 4 0
54 5 0
54 6 0
54 7 0
54 8 0
54 9 0
54 10 0
54 11 0
54 12 0
54 13 0
54 14 0
54 15 0
54 16 0
54 17 0
54 18 0
54 19 0
54 20 0
54 21 0
54 22 0
54 23 0
54 24 0
54 25 0
54 26 0
54 27 0
54 28 0
54 29 0
54 30 0
54 31 0
54 32 0
54 33 0
54 34 0
54 35 0
54 36 0
54 37 0
54 38 0
54 39 0
54 40 0
54 41 0
54 42 0
54 43 0
54 44 0
54 45 0
54 46 0
54 47 0
54 48 0
54 49 0
54 50 0
54 51 0
54 52 0
54 53 0
54 54 0
54 55 0
54 56 0
54 57 0
54 58 0
54 59 1
54 61 4
54 62 0
54 63 0
55 0 0
55 1 0
55 2 0
55 3 0
55 4 0
55 5 0
55 6 0
55 7 0
55 8 0
55 9 0
55 10 0
55 11 0
55 12 0
55 13 0
55 14 0
55 15 0
55 16 0
55 17 0
55 18 0
55 19 0
55 20 0
55 21 0
55 22 0
55 23 0
55 24 0
55 25 0
55 26 0
55 27 0
55 28 0
55 29 0
55 30 0
55 31 0
55 32 0
55 33 0
55 34 0
55 35 0
55 36 0
55 37 0
55 38 0
55 39 0
55 40 0
55 41 0
55 42 0
55 43 0
55 44 0
55 45 0
55 46 0
55 47 0
55 48 0
55 49 0
55 50 0
55 51 0
55 52 0
55 53 0
55 54 0
55 55 0
55 56 0
55 57 0
55 58 0
55 59 9
55 61 12
55 62 0
55 63 0
56 0 0
56 1 0
56 2 0
56 3 0
56 4 0
56 5 0
56 6 0
56 7 0
56 8 0
56 9 0
56 10 0
56 11 0
56 12 0
56 13 0
56 14 0
56 15 0
56 16 0
56 17 0
56 18 0
56 19 0
56 20 0
56 21 0
56 22 0
56 23 0
56 24 0
56 25 0
56 26 0
56 27 0
56 28 0
56 29 0
56 30 0
56 31 0
56 32 0
56 33 0
56 34 0
56 35 0
56 36 0
56 37 0
56 38 0
56 39 0
56 40 0
56 41 0
56 42 0
56 43 0
56 44 0
56 45 0
56 46 0
56 47 0
56 48 0
56 49 0
56 50 0
56 51 0
56 52 0
56 53 0
56 54 0
56 55 0
56 56 0
56 57 0
56 58 1
56 62 4
56 63 0
57 0 0
57 1 0
57 2 0
57 3 0
57 4 0
57 5 0
57 6 0
57 7 0
57 8 0
57 9 0
57 10 0
57 11 0
57 12 0
57 13 0
57 14 0
57 15 0
57 16 0
57 17 0
57 18 0
57 19 0
57 20 0
57 21 0
57 22 0
57 23 0
57 24 0
57 25 0
57 26 0
57 27 0
57 28 0
57 29 0
57 30 0
57 31 0
57 32 0
57 33 0
57 34 0
57 35 0
57 36 0
57 37 0
57 38 0
57 39 0
57 40 0
57 41 0
57 42 0
57 43 0
57 44 0
57 45 0
57 46 0
57 47 0
57 48 0
57 49 0
57 50 0
57 51 0
57 52 0
57 53 0
57 54 0
57 55 0
57 56 0
57 57 0
57 58 0
57 59 3
57 62 4
57 63 0
58 0 0
58 1 0
58 2 0
58 3 0
58 4 0
58 5 0
58 6 0
58 7 0
58 8 0
58 9 0
58 10 0
58 11 0
58 12 0
58 13 0
58 14 0
58 15 0
58 16 0
58 17 0
58 18 0
58 19 0
58 20 0
58 21 0
58 22 0
58 23 0
58 24 0
58 25 0
58 26 0
58 27 0
58 28 0
58 29 0
58 30 0
58 31 0
58 32 0
58 33 0
58 34 0
58 35 0
58 36 0
58 37 0
58 38 0
58 39 0
58 40 0
58 41 0
58 42 0
58 43 0
58 44 0
58 45 0
58 46 0
58 47 0
58 48 0
58 49 0
58 50 0
58 51 0
58 52 0
58 53 0
58 54 0
58 55 0
58 56 0
58 57 0
58 58 0
58 59 1
58 62 4
58 63 0
59 0 0
59 1 0
59 2 0
59 3 0
59 4 0
59 5 0
59 6 0
59 7 0
59 8 0
59 9 0
59 10 0
59 11 0
59 12 0
59 13 0
59 14 0
59 15 0
59 16 0
59 17 0
59 18 0
59 19 0
59 20 0
59 21 0
59 22 0
59 23 0
59 24 0
59 25 0
59 26 0
59 27 0
59 28 0
59 29 0
59 30 0
59 31 0
59 32 0
59 33 0
59 34 0
59 35 0
59 36 0
59 37 0
59 38 0
59 39 0
59 40 0
59 41 0
59 42 0
59 43 0
59 44 0
59 45 0
59 46 0
59 47 0
59 48 0
59 49 0
59 50 0
59 51 0
59 52 0
59 53 0
59 54 0
59 55 0
59 56 0
59 57 0
59 58 0
59 59 0
59 60 3
59 62 4
59 63 0
60 0 0
60 1 0
60 2 0
60 3 0
60 4 0
60 5 0
60 6 0
60 7 0
60 8 0
60 9 0
60 10 0
60 11 0
60 12 0
60 13 0
60 14 0
60 15 0
60 16 0
60 17 0
60 18 0
60 19 0
60 20 0
60 21 0
60 22 0
60 23 0
60 24 0
60 25 0
60 26 0
60 27 0
60 28 0
60 29 0
60 30 0
60 31 0
60 32 0
60 33 0
60 34 0
60 35 0
60 36 0
60 37 0
60 38 0
60 39 0
60 40 0
60 41 0
60 42 0
60 43 0
60 44 0
60 45 0
60 46 0
60 47 0
60 48 0
60 49 0
60 50 0
60 51 0
60 52 0
60 53 0
60 54 0
60 55 0
60 56 0
60 57 0
60 58 0
60 59 0
60 60 9
60 62 4
60 63 0
61 0 0
61 1 0
61 2 0
61 3 0
61 4 0
61 5 0
61 6 0
61 7 0
61 8 0
61 9 0
61 10 0
61 11 0
61 12 0
61 13 0
61 14 0
61 15 0
61 16 0
61 17 0
61 18 0
61 19 0
61 20 0
61 21 0
61 22 0
61 23 0
61 24 0
61 25 0
61 26 0
61 27 0
61 28 0
61 29 0
61 30 0
61 31 0
61 32 0
61 33 0
61 34 0
61 35 0
61 36 0
61 37 0
61 38 0
61 39 0
61 40 0
61 41 0
61 42 0
61 43 0
61 44 0
61 45 0
61 46 0
61 47 0
61 48 0
61 49 0
61 50 0
61 51 0
61 52 0
61 53 0
61 54 0
61 55 0
61 56 0
61 57 0
61 58 0
61 59 1
61 62 4
61 63 0
62 0 0
62 1 0
62 2 0
62 3 0
62 4 0
62 5 0
62 6 0
62 7 0
62 8 0
62 9 0
62 10 0
62 11 0
62 12 0
62 13 0
62 14 0
62 15 0
62 16 0
62 17 0
62 18 0
62 19 0
62 20 0
62 21 0
62 22 0
62 23 0
62 24 0
62 25 0
62 26 0
62 27 0
62 28 0
62 29 0
62 30 0
62 31 0
62 32 0
62 33 0
62 34 0
62 35 0
62 36 0
62 37 0
62 38 0
62 39 0
62 40 0
62 41 0
62 42 0
62 43 0
62 44 0
62 45 0
62 46 0
62 47 0
62 48 0
62 49 0
62 50 0
62 51 0
62 52 0
62 53 0
62 54 0
62 55 0
62 56 0
62 57 0
62 58 0
62 59 0
62 60 3
62 62 4
62 63 0
63 0 0
63 1 0
63 2 0
63 3 0
63 4 0
63 5 0
63 6 0
63 7 0
63 8 0
63 9 0
63 10 0
63 11 0
63 12 0
63 13 0
63 14 0
63 15 0
63 16 0
63 17 0
63 18 0
63 19 0
63 20 0
63 21 0
63 22 0
63 23 0
63 24 0
63 25 0
63 26 0
63 27 0
63 28 0
63 29 0
63 30 0
63 31 0
63 32 0
63 33 0
63 34 0
63 35 0
63 36 0
63 37 0
63 38 0
63 39 0
63 40 0
63 41 0
63 42 0
63 43 0
63 44 0
63 45 0
63 46 0
63 47 0
63 48 0
63 49 0
63 50 0
63 51 0
63 52 0
63 53 0
63 54 0
63 55 0
63 56 0
63 57 0
63 58 0
63 59 0
63 60 0
63 61 2
63 62 0
63 63 0
