0
9 1 1
9 2 4
10 1 1
10 2 12
11 1 1
11 2 15
11 3 12
11 12 8
12 2 3
12 3 15
12 4 4
12 11 1
12 12 15
12 13 4
13 2 8
13 3 2
13 11 9
13 12 6
14 1 1
14 2 15
14 3 4
14 10 9
14 11 15
14 12 4
15 2 2
15 5 8
15 6 8
15 7 8
15 10 2
15 11 2
16 5 2
16 6 3
16 7 15
16 8 12
16 9 8
16 19 9
16 20 4
17 7 2
17 8 2
17 9 2
17 18 1
17 19 15
17 20 4
18 18 1
18 19 14
19 18 1
19 19 15
19 20 4
20 19 3
20 20 4
24 9 8
24 11 8
24 12 8
24 13 8
24 19 8
25 9 2
25 11 2
25 12 3
25 13 15
25 14 12
25 18 9
25 19 15
25 20 4
26 13 3
26 14 15
26 15 12
26 17 9
26 18 15
26 19 6
26 20 8
27 9 8
27 10 8
27 11 8
27 14 2
27 15 2
27 17 2
27 18 2
27 19 9
27 20 15
27 21 4
27 48 8
27 49 8
27 50 8
27 51 8
28 9 2
28 10 2
28 11 2
28 18 1
28 19 15
28 20 6
28 46 8
28 47 9
28 48 15
28 49 6
28 50 3
28 51 15
28 52 12
28 53 8
28 54 8
29 3 9
29 4 4
29 19 2
29 45 9
29 46 15
29 47 6
29 48 2
29 51 2
29 52 2
29 53 3
29 54 15
29 55 12
30 2 1
30 3 15
30 4 4
30 44 1
30 45 15
30 46 6
30 48 8
30 49 8
30 52 8
30 53 8
30 54 3
30 55 15
30 56 12
31 2 1
31 3 6
31 44 1
31 45 6
31 47 1
31 48 15
31 49 6
31 52 3
31 53 15
31 54 12
31 55 3
31 56 15
31 57 12
32 2 9
32 3 4
32 44 1
32 45 4
32 48 2
32 53 2
32 54 2
32 56 3
32 57 15
32 58 4
33 1 1
33 2 15
33 3 4
33 44 1
33 45 4
33 57 3
33 58 4
34 1 1
34 2 6
34 57 1
34 58 4
35 1 1
35 2 4
35 44 1
35 45 4
35 57 1
35 58 12
36 1 1
36 2 4
36 44 1
36 45 12
36 57 1
36 58 15
36 59 4
37 1 1
37 2 12
37 44 1
37 45 15
37 46 4
37 58 3
37 59 4
38 1 1
38 2 15
38 3 12
38 13 8
38 45 3
38 46 4
39 2 3
39 3 15
39 4 12
39 12 1
39 13 15
39 14 4
39 45 1
39 46 12
40 3 2
40 4 2
40 13 3
40 14 4
40 45 1
40 46 15
40 47 12
40 49 8
41 13 1
41 14 4
41 46 3
41 47 15
41 48 5
41 49 15
41 50 12
41 51 8
41 58 1
41 59 12
42 13 1
42 14 12
42 47 3
42 48 12
42 49 2
42 50 3
42 51 15
42 52 4
42 58 1
42 59 15
42 60 4
43 13 1
43 14 15
43 15 12
43 47 1
43 48 15
43 49 4
43 51 11
43 52 4
43 59 2
44 14 3
44 15 15
44 16 4
44 48 3
44 49 4
44 50 1
44 51 15
44 52 4
45 12 1
45 13 4
45 15 3
45 16 4
45 48 1
45 49 4
45 50 1
45 51 6
46 12 1
46 13 12
46 15 1
46 16 4
46 48 1
46 49 4
46 50 1
46 51 4
47 12 1
47 13 15
47 14 4
48 13 3
48 14 4
49 13 9
49 14 4
49 15 1
49 16 4
50 11 8
50 12 9
50 13 15
50 14 4
50 15 1
50 16 12
50 19 8
50 20 8
51 10 9
51 11 15
51 12 6
51 13 2
51 15 1
51 16 15
51 17 12
51 18 9
51 19 15
51 20 6
52 9 9
52 10 15
52 11 6
52 12 8
52 13 8
52 14 8
52 16 2
52 17 2
52 18 2
52 19 2
53 9 2
53 10 2
53 11 9
53 12 15
53 13 7
53 14 15
53 15 12
53 16 8
54 9 8
54 10 1
54 11 15
54 12 6
54 14 2
54 15 3
54 16 15
54 17 12
54 18 8
54 19 8
55 8 1
55 9 15
55 10 4
55 11 2
55 16 2
55 17 2
55 18 2
55 19 2
56 8 1
56 9 6
57 8 1
57 9 12
58 8 1
58 9 15
58 10 4
59 9 3
59 10 4
60 9 1
60 10 4
61 9 1
61 10 12
62 9 1
62 10 15
62 11 4
63 10 3
63 11 4
