0
0 25 1
0 26 15
0 27 15
0 28 4
1 25 1
1 26 15
1 27 15
1 28 4
2 25 9
2 26 15
2 27 15
2 28 4
3 24 9
3 25 15
3 26 15
3 27 6
4 23 9
4 24 15
4 25 15
4 26 6
5 22 9
5 23 15
5 24 15
5 25 6
6 20 8
6 21 9
6 22 15
6 23 6
6 24 2
7 19 1
7 20 15
7 21 15
7 22 6
8 19 9
8 20 15
8 21 15
8 22 4
9 12 1
9 13 4
9 18 1
9 19 15
9 20 15
9 21 6
10 12 1
10 13 4
10 18 9
10 19 15
10 20 15
10 21 4
11 12 9
11 13 4
11 17 9
11 18 15
11 19 15
11 20 6
12 8 9
12 9 4
12 11 1
12 12 15
12 13 4
12 16 1
12 17 15
12 18 15
12 19 6
13 7 1
13 8 15
13 9 4
13 11 9
13 12 6
13 16 9
13 17 15
13 18 6
14 8 2
14 10 1
14 11 15
14 12 4
14 15 9
14 16 15
14 17 6
15 10 1
15 11 6
15 14 9
15 15 15
15 16 6
16 7 1
16 8 4
16 10 1
16 11 4
16 13 1
16 14 15
16 15 15
16 16 4
17 7 1
17 8 12
17 10 1
17 11 12
17 13 1
17 14 15
17 15 15
17 16 4
18 7 1
18 8 15
18 9 4
18 10 1
18 11 15
18 12 4
18 13 1
18 14 15
18 15 15
18 16 4
19 8 3
19 9 4
19 11 3
19 12 4
19 13 1
19 14 15
19 15 15
19 16 4
20 8 1
20 9 4
20 11 1
20 12 4
20 13 1
20 14 15
20 15 15
20 16 12
20 17 8
21 8 9
21 9 4
21 11 9
21 12 4
21 13 1
21 14 15
21 15 15
21 16 15
21 17 15
21 18 4
22 7 1
22 8 15
22 9 4
22 10 1
22 11 15
22 12 4
22 14 3
22 15 15
22 16 15
22 17 15
22 18 4
23 7 1
23 8 6
23 10 1
23 11 6
23 14 1
23 15 15
23 16 15
23 17 15
23 18 4
24 7 1
24 8 12
24 15 2
24 16 2
24 17 2
25 7 1
25 8 15
25 9 4
26 8 3
26 9 12
27 8 1
27 9 15
27 10 4
28 9 2
28 12 8
29 11 1
29 12 15
29 13 4
29 14 8
30 12 2
30 13 1
30 14 15
30 15 12
30 16 8
30 17 8
31 14 2
31 15 2
31 16 3
31 17 15
31 18 12
31 19 8
31 20 8
32 17 2
32 18 2
32 19 3
32 20 15
32 21 4
33 7 8
33 8 8
33 9 8
33 20 2
34 6 1
34 7 15
34 8 6
34 9 2
35 6 9
35 7 6
36 5 1
36 6 15
36 7 4
36 11 8
36 13 1
36 14 4
37 6 2
37 10 1
37 11 15
37 12 4
37 13 1
37 14 4
38 7 1
38 8 4
38 11 2
38 24 8
39 7 8
39 11 1
39 12 12
39 23 1
39 24 15
39 25 4
40 6 9
40 7 15
40 8 4
40 11 1
40 12 15
40 13 12
40 14 8
40 23 1
40 24 6
41 2 8
41 5 1
41 6 15
41 7 6
41 12 2
41 13 3
41 14 15
41 15 12
41 23 9
41 24 4
42 1 9
42 2 15
42 3 4
42 5 9
42 6 6
42 14 3
42 15 15
42 16 12
42 17 8
42 21 8
42 22 9
42 23 15
42 24 4
43 0 9
43 1 15
43 2 6
43 4 9
43 5 15
43 6 4
43 15 2
43 16 3
43 17 15
43 18 12
43 19 8
43 20 9
43 21 15
43 22 6
43 23 2
44 0 2
44 1 2
44 3 1
44 4 15
44 5 6
44 17 2
44 18 2
44 19 2
44 20 2
44 21 2
45 3 9
45 4 6
46 0 8
46 1 8
46 2 9
46 3 15
46 4 4
47 0 15
47 1 6
47 2 2
47 3 2
48 0 2
