0
14 20 8
14 34 8
14 35 8
14 36 8
14 37 8
15 15 8
15 20 2
15 34 2
15 35 2
15 36 2
15 37 2
16 5 1
16 6 4
16 12 8
16 14 1
16 15 15
16 16 4
17 11 1
17 12 15
17 13 12
17 15 2
17 21 8
17 35 8
18 12 2
18 13 2
18 20 1
18 21 15
18 22 4
18 35 2
19 17 1
19 18 4
19 21 3
19 22 12
19 33 9
19 34 4
19 37 1
19 38 4
20 18 8
20 21 1
20 22 15
20 23 4
20 25 8
20 32 1
20 33 15
20 34 4
21 12 8
21 13 8
21 14 8
21 17 1
21 18 15
21 19 4
21 22 2
21 24 1
21 25 15
21 26 4
21 33 2
21 35 8
22 6 8
22 7 8
22 12 2
22 13 3
22 14 15
22 15 12
22 18 2
22 25 3
22 26 4
22 29 1
22 30 4
22 34 9
22 35 15
22 36 4
23 6 2
23 7 2
23 14 3
23 15 15
23 16 4
23 33 1
23 34 15
23 35 6
24 15 3
24 16 4
24 21 1
24 22 4
24 25 9
24 26 4
24 34 2
25 15 9
25 16 4
25 23 8
25 24 1
25 25 15
25 26 4
25 32 8
25 40 8
26 14 1
26 15 15
26 16 4
26 23 2
26 25 2
26 32 2
26 39 1
26 40 15
26 41 4
27 15 2
27 18 8
27 40 2
27 41 8
28 17 1
28 18 15
28 19 12
28 40 1
28 41 15
28 42 4
29 14 8
29 18 3
29 19 15
29 20 4
29 41 2
30 14 3
30 15 4
30 19 2
31 42 1
31 43 4
32 12 1
32 13 4
32 23 1
32 24 4
33 12 1
33 13 12
33 14 8
33 18 8
33 23 1
33 24 4
33 31 1
33 32 4
33 37 8
33 42 1
33 43 12
34 11 8
34 13 2
34 14 3
34 15 4
34 17 1
34 18 15
34 19 4
34 23 1
34 24 4
34 31 1
34 32 4
34 36 1
34 37 15
34 38 4
34 42 1
34 43 15
34 44 12
35 10 1
35 11 15
35 12 4
35 14 1
35 15 4
35 18 2
35 37 2
35 43 3
35 44 15
35 45 4
36 11 2
36 14 1
36 15 4
36 38 1
36 39 4
36 44 2
37 16 8
37 39 8
37 44 1
37 45 4
38 15 9
38 16 15
38 17 4
38 38 1
38 39 15
38 40 12
38 43 8
39 14 1
39 15 15
39 16 6
39 39 3
39 40 15
39 41 4
39 42 1
39 43 15
39 44 4
40 12 1
40 13 4
40 15 2
40 40 2
40 43 2
41 37 8
41 38 8
41 40 1
41 41 4
42 14 1
42 15 4
42 36 1
42 37 15
42 38 15
42 39 4
43 26 8
43 36 1
43 37 15
43 38 15
43 39 4
44 10 1
44 11 4
44 24 8
44 25 1
44 26 15
44 27 4
44 29 8
44 31 8
44 37 2
44 38 2
44 44 1
44 45 4
45 17 8
45 19 8
45 20 8
45 23 1
45 24 15
45 25 4
45 26 2
45 29 2
45 30 1
45 31 15
45 32 12
45 36 8
45 37 8
45 38 8
46 16 1
46 17 15
46 18 4
46 19 3
46 20 15
46 21 12
46 24 2
46 31 3
46 32 15
46 33 12
46 34 8
46 35 8
46 36 2
46 37 3
46 38 15
46 39 4
46 44 1
46 45 4
47 17 2
47 20 2
47 21 2
47 22 1
47 23 4
47 32 3
47 33 6
47 34 2
47 35 2
47 38 2
47 44 1
47 45 4
48 22 1
48 23 4
48 32 1
48 33 4
48 35 8
49 17 8
49 32 1
49 33 4
49 34 1
49 35 14
49 38 8
50 16 1
50 17 15
50 18 4
50 19 8
50 20 8
50 22 1
50 23 4
50 32 1
50 33 4
50 35 10
50 36 8
50 37 9
50 38 15
50 39 4
51 17 2
51 19 3
51 20 15
51 21 12
51 22 1
51 23 4
51 32 1
51 33 4
51 34 9
51 35 15
51 36 6
51 37 2
51 38 2
52 20 3
52 21 15
52 22 13
52 23 12
52 24 8
52 32 1
52 33 13
52 34 15
52 35 6
53 21 2
53 22 2
53 23 3
53 24 15
53 25 4
53 26 8
53 27 8
53 28 8
53 29 8
53 33 2
53 34 2
54 24 2
54 26 2
54 27 2
54 28 2
54 29 2
60 61 8
60 62 8
60 63 8
61 60 1
61 61 15
61 62 6
61 63 2
62 60 1
62 61 6
63 60 1
63 61 4
