0
17 58 8
17 59 8
17 60 8
17 63 8
18 55 8
18 56 8
18 57 9
18 58 15
18 59 15
18 60 15
18 61 12
18 62 9
18 63 15
19 54 9
19 55 15
19 56 15
19 57 15
19 58 15
19 59 15
19 60 15
19 61 15
19 62 15
19 63 15
20 53 1
20 54 15
20 55 15
20 56 15
20 57 15
20 58 15
20 59 15
20 60 15
20 61 15
20 62 15
20 63 15
21 53 9
21 54 15
21 55 15
21 56 15
21 57 15
21 58 15
21 59 15
21 60 15
21 61 15
21 62 15
21 63 15
22 52 1
22 53 15
22 54 15
22 55 15
22 56 15
22 57 15
22 58 15
22 59 15
22 60 15
22 61 15
22 62 15
22 63 15
23 52 9
23 53 15
23 54 15
23 55 15
23 56 15
23 57 15
23 58 15
23 59 15
23 60 15
23 61 15
23 62 15
23 63 15
24 51 9
24 52 15
24 53 15
24 54 15
24 55 15
24 56 15
24 57 15
24 58 15
24 59 15
24 60 15
24 61 15
24 62 15
24 63 6
25 50 1
25 51 15
25 52 15
25 53 15
25 54 15
25 55 15
25 56 15
25 57 15
25 58 15
25 59 15
25 60 15
25 61 6
25 62 2
26 50 1
26 51 15
26 52 15
26 53 15
26 54 15
26 55 15
26 56 15
26 57 15
26 58 15
26 59 6
26 60 2
27 50 9
27 51 15
27 52 15
27 53 15
27 54 15
27 55 15
27 56 15
27 57 15
27 58 15
27 59 4
28 49 1
28 50 15
28 51 15
28 52 15
28 53 15
28 54 15
28 55 15
28 56 15
28 57 15
28 58 6
29 49 1
29 50 15
29 51 15
29 52 15
29 53 15
29 54 15
29 55 15
29 56 15
29 57 15
29 58 4
30 50 3
30 51 15
30 52 15
30 53 15
30 54 15
30 55 15
30 56 15
30 57 15
30 58 4
31 50 1
31 51 15
31 52 15
31 53 15
31 54 15
31 55 15
31 56 15
31 57 6
32 50 1
32 51 15
32 52 15
32 53 15
32 54 15
32 55 15
32 56 15
32 57 12
33 50 1
33 51 15
33 52 15
33 53 15
33 54 15
33 55 15
33 56 15
33 57 15
33 58 4
34 50 1
34 51 15
34 52 15
34 53 15
34 54 15
34 55 15
34 56 15
34 57 15
34 58 12
35 50 1
35 51 15
35 52 15
35 53 15
35 54 15
35 55 15
35 56 15
35 57 15
35 58 15
35 59 4
36 50 1
36 51 15
36 52 15
36 53 15
36 54 15
36 55 15
36 56 15
36 57 15
36 58 15
36 59 12
37 50 1
37 51 15
37 52 15
37 53 15
37 54 15
37 55 15
37 56 15
37 57 15
37 58 15
37 59 15
37 60 4
38 51 3
38 52 15
38 53 15
38 54 15
38 55 15
38 56 15
38 57 15
38 58 15
38 59 15
38 60 4
39 52 3
39 53 15
39 54 15
39 55 15
39 56 15
39 57 15
39 58 15
39 59 15
39 60 4
40 52 1
40 53 15
40 54 15
40 55 15
40 56 15
40 57 15
40 58 15
40 59 15
40 60 4
41 52 1
41 53 15
41 54 15
41 55 15
41 56 15
41 57 15
41 58 15
41 59 15
41 60 12
42 53 3
42 54 15
42 55 15
42 56 15
42 57 15
42 58 15
42 59 15
42 60 15
42 61 4
43 54 3
43 55 15
43 56 15
43 57 15
43 58 15
43 59 15
43 60 15
43 61 4
44 54 1
44 55 15
44 56 15
44 57 15
44 58 15
44 59 15
44 60 15
44 61 4
45 55 3
45 56 15
45 57 15
45 58 15
45 59 15
45 60 15
45 61 4
46 55 9
46 56 15
46 57 15
46 58 15
46 59 15
46 60 15
46 61 4
47 54 1
47 55 15
47 56 15
47 57 15
47 58 15
47 59 15
47 60 15
47 61 4
48 54 1
48 55 15
48 56 15
48 57 15
48 58 15
48 59 15
48 60 15
48 61 4
49 54 1
49 55 15
49 56 15
49 57 15
49 58 15
49 59 15
49 60 15
49 61 4
50 54 9
50 55 15
50 56 15
50 57 15
50 58 15
50 59 15
50 60 6
51 53 9
51 54 15
51 55 15
51 56 15
51 57 15
51 58 15
51 59 15
51 60 4
52 52 1
52 53 15
52 54 15
52 55 15
52 56 15
52 57 15
52 58 15
52 59 6
53 52 1
53 53 15
53 54 15
53 55 15
53 56 15
53 57 15
53 58 15
53 59 4
54 52 1
54 53 15
54 54 15
54 55 15
54 56 15
54 57 15
54 58 15
54 59 4
55 52 1
55 53 15
55 54 15
55 55 15
55 56 15
55 57 15
55 58 15
55 59 4
56 52 1
56 53 15
56 54 15
56 55 15
56 56 15
56 57 15
56 58 6
57 52 9
57 53 15
57 54 15
57 55 15
57 56 15
57 57 15
57 58 4
58 51 1
58 52 15
58 53 15
58 54 15
58 55 15
58 56 15
58 57 15
58 58 4
59 51 1
59 52 15
59 53 15
59 54 15
59 55 15
59 56 15
59 57 15
59 58 4
60 0 8
60 1 8
60 2 8
60 3 8
60 4 8
60 5 8
60 6 8
60 7 8
60 8 8
60 9 8
60 10 8
60 11 8
60 12 8
60 13 8
60 14 8
60 15 8
60 16 8
60 17 8
60 18 8
60 19 8
60 20 8
60 21 8
60 22 8
60 23 8
60 24 8
60 25 8
60 26 8
60 27 8
60 28 8
60 29 8
60 30 8
60 31 8
60 32 8
60 33 8
60 34 8
60 35 8
60 36 8
60 37 8
60 38 8
60 39 8
60 40 8
60 41 8
60 42 8
60 43 8
60 44 8
60 45 8
60 46 8
60 47 8
60 48 8
60 51 1
60 52 15
60 53 15
60 54 15
60 55 15
60 56 15
60 57 15
60 58 4
61 0 2
61 1 2
61 2 2
61 3 2
61 4 2
61 5 2
61 6 2
61 7 2
61 8 2
61 9 2
61 10 2
61 11 2
61 12 2
61 13 2
61 14 2
61 15 2
61 16 2
61 17 2
61 18 2
61 19 2
61 20 2
61 21 2
61 22 2
61 23 2
61 24 2
61 25 2
61 26 2
61 27 2
61 28 2
61 29 2
61 30 2
61 31 2
61 32 2
61 33 2
61 34 2
61 35 2
61 36 2
61 37 2
61 38 2
61 39 2
61 40 2
61 41 2
61 42 2
61 43 2
61 44 2
61 45 2
61 46 2
61 47 3
61 48 15
61 49 4
61 51 1
61 52 15
61 53 15
61 54 15
61 55 15
61 56 15
61 57 15
61 58 4
62 48 11
62 49 4
62 51 9
62 52 15
62 53 15
62 54 15
62 55 15
62 56 15
62 57 15
62 58 4
63 47 1
63 48 15
63 49 4
63 50 1
63 51 15
63 52 15
63 53 15
63 54 15
63 55 15
63 56 15
63 57 15
63 58 4
