0
0 0 15
0 1 15
0 2 15
0 3 15
0 4 15
0 5 15
0 6 15
0 7 15
0 8 15
0 9 15
0 10 15
0 11 15
0 12 15
0 13 15
0 14 15
0 15 15
0 16 15
0 17 15
0 18 15
0 19 15
0 20 15
0 21 15
0 22 15
0 23 15
0 24 15
0 25 15
0 26 15
0 27 15
0 28 15
0 29 15
0 30 15
0 31 15
0 32 15
0 33 15
0 34 15
0 35 15
0 36 15
0 37 15
0 38 15
0 39 15
0 40 15
0 41 15
0 42 15
0 43 15
0 44 15
0 45 15
0 46 15
0 47 15
0 48 15
0 49 15
0 50 15
0 51 15
0 52 15
0 53 15
0 54 15
0 55 15
0 56 15
0 57 15
0 58 15
0 59 15
0 60 15
0 61 15
0 62 15
0 63 15
1 0 15
1 1 15
1 2 15
1 3 15
1 4 15
1 5 15
1 6 15
1 7 15
1 8 15
1 9 15
1 10 15
1 11 15
1 12 15
1 13 15
1 14 15
1 15 15
1 16 15
1 17 15
1 18 15
1 19 15
1 20 15
1 21 15
1 22 15
1 23 15
1 24 15
1 25 15
1 26 15
1 27 15
1 28 15
1 29 15
1 30 15
1 31 15
1 32 15
1 33 15
1 34 15
1 35 15
1 36 15
1 37 15
1 38 15
1 39 15
1 40 15
1 41 15
1 42 15
1 43 15
1 44 15
1 45 15
1 46 15
1 47 15
1 48 15
1 49 15
1 50 15
1 51 15
1 52 15
1 53 15
1 54 15
1 55 15
1 56 15
1 57 15
1 58 15
1 59 15
1 60 15
1 61 15
1 62 15
1 63 15
2 0 15
2 1 15
2 2 15
2 3 15
2 4 15
2 5 15
2 6 15
2 7 15
2 8 15
2 9 15
2 10 15
2 11 15
2 12 15
2 13 15
2 14 15
2 15 15
2 16 15
2 17 15
2 18 15
2 19 15
2 20 15
2 21 15
2 22 15
2 23 15
2 24 15
2 25 15
2 26 15
2 27 15
2 28 15
2 29 15
2 30 15
2 31 15
2 32 15
2 33 15
2 34 15
2 35 15
2 36 15
2 37 15
2 38 15
2 39 15
2 40 15
2 41 15
2 42 15
2 43 15
2 44 15
2 45 15
2 46 15
2 47 15
2 48 15
2 49 15
2 50 15
2 51 15
2 52 15
2 53 15
2 54 15
2 55 15
2 56 15
2 57 15
2 58 15
2 59 15
2 60 15
2 61 15
2 62 15
2 63 15
3 0 15
3 1 15
3 2 15
3 3 15
3 4 15
3 5 15
3 6 15
3 7 15
3 8 15
3 9 15
3 10 15
3 11 15
3 12 15
3 13 15
3 14 15
3 15 15
3 16 15
3 17 15
3 18 15
3 19 15
3 20 15
3 21 15
3 22 15
3 23 15
3 24 15
3 25 15
3 26 15
3 27 15
3 28 15
3 29 15
3 30 15
3 31 15
3 32 15
3 33 15
3 34 15
3 35 15
3 36 15
3 37 15
3 38 15
3 39 15
3 40 15
3 41 15
3 42 15
3 43 15
3 44 15
3 45 15
3 46 15
3 47 15
3 48 15
3 49 6
3 50 2
3 51 3
3 52 15
3 53 15
3 54 15
3 55 15
3 56 15
3 57 15
3 58 15
3 59 15
3 60 15
3 61 15
3 62 15
3 63 15
4 0 15
4 1 15
4 2 15
4 3 6
4 4 2
4 5 3
4 6 15
4 7 15
4 8 15
4 9 15
4 10 15
4 11 15
4 12 15
4 13 15
4 14 15
4 15 15
4 16 15
4 17 15
4 18 15
4 19 15
4 20 15
4 21 15
4 22 15
4 23 15
4 24 15
4 25 15
4 26 15
4 27 15
4 28 15
4 29 15
4 30 15
4 31 15
4 32 15
4 33 6
4 34 2
4 35 2
4 36 2
4 37 2
4 38 2
4 39 2
4 40 2
4 41 3
4 42 15
4 43 15
4 44 15
4 45 15
4 46 15
4 47 6
4 48 2
4 52 2
4 53 2
4 54 3
4 55 15
4 56 15
4 57 15
4 58 15
4 59 15
4 60 15
4 61 15
4 62 15
4 63 15
5 0 15
5 1 15
5 2 6
5 6 3
5 7 15
5 8 15
5 9 15
5 10 15
5 11 15
5 12 15
5 13 15
5 14 15
5 15 15
5 16 15
5 17 15
5 18 15
5 19 15
5 20 15
5 21 15
5 22 15
5 23 15
5 24 15
5 25 15
5 26 15
5 27 15
5 28 15
5 29 15
5 30 15
5 31 6
5 32 2
5 42 3
5 43 15
5 44 15
5 45 15
5 46 6
5 51 8
5 52 8
5 53 8
5 54 8
5 55 11
5 56 15
5 57 15
5 58 15
5 59 15
5 60 15
5 61 15
5 62 15
5 63 15
6 0 15
6 1 6
6 7 3
6 8 15
6 9 15
6 10 15
6 11 15
6 12 15
6 13 15
6 14 15
6 15 15
6 16 15
6 17 15
6 18 15
6 19 15
6 20 15
6 21 15
6 22 15
6 23 15
6 24 15
6 25 15
6 26 15
6 27 15
6 28 15
6 29 15
6 30 15
6 31 4
6 43 2
6 44 2
6 45 2
6 50 9
6 51 15
6 52 6
6 53 2
6 54 2
6 55 2
6 56 2
6 57 2
6 58 2
6 59 3
6 60 15
6 61 15
6 62 15
6 63 15
7 0 2
7 8 3
7 9 15
7 10 15
7 11 15
7 12 15
7 13 15
7 14 15
7 15 15
7 16 15
7 17 15
7 18 15
7 19 15
7 20 15
7 21 15
7 22 15
7 23 6
7 24 2
7 25 2
7 26 2
7 27 3
7 28 15
7 29 15
7 30 6
7 49 9
7 50 15
7 51 6
7 52 8
7 53 8
7 54 8
7 55 8
7 56 8
7 57 8
7 58 8
7 59 9
7 60 15
7 61 15
7 62 15
7 63 15
8 8 1
8 9 15
8 10 15
8 11 15
8 12 15
8 13 15
8 14 15
8 15 15
8 16 15
8 17 15
8 18 15
8 19 15
8 20 15
8 21 6
8 22 2
8 28 2
8 29 2
8 40 8
8 41 8
8 42 8
8 43 8
8 44 8
8 45 8
8 46 8
8 47 8
8 48 9
8 49 15
8 50 6
8 51 9
8 52 15
8 53 6
8 54 2
8 55 3
8 56 15
8 57 15
8 58 15
8 59 15
8 60 15
8 61 15
8 62 15
8 63 15
9 9 3
9 10 15
9 11 15
9 12 15
9 13 15
9 14 15
9 15 15
9 16 15
9 17 15
9 18 15
9 19 15
9 20 6
9 39 9
9 40 15
9 41 6
9 42 2
9 43 2
9 44 2
9 45 2
9 46 2
9 47 2
9 48 2
9 49 2
9 50 9
9 51 15
9 52 6
9 55 1
9 56 15
9 57 15
9 58 15
9 59 15
9 60 15
9 61 15
9 62 15
9 63 15
10 9 1
10 10 15
10 11 15
10 12 15
10 13 15
10 14 15
10 15 15
10 16 15
10 17 15
10 18 6
10 19 2
10 31 8
10 32 8
10 33 8
10 38 9
10 39 15
10 40 6
10 42 8
10 43 8
10 44 8
10 45 8
10 46 8
10 47 8
10 48 8
10 49 9
10 50 15
10 51 6
10 55 1
10 56 15
10 57 15
10 58 15
10 59 15
10 60 15
10 61 15
10 62 15
10 63 15
11 9 1
11 10 15
11 11 15
11 12 15
11 13 15
11 14 6
11 15 2
11 16 2
11 17 2
11 30 1
11 31 6
11 32 2
11 33 3
11 34 4
11 38 2
11 39 2
11 41 1
11 42 15
11 43 6
11 44 2
11 45 2
11 46 2
11 47 2
11 48 2
11 49 2
11 50 2
11 55 1
11 56 15
11 57 15
11 58 15
11 59 15
11 60 15
11 61 15
11 62 15
11 63 15
12 9 1
12 10 15
12 11 15
12 12 15
12 13 15
12 14 4
12 30 1
12 31 4
12 33 1
12 34 4
12 41 9
12 42 6
12 55 1
12 56 15
12 57 15
12 58 15
12 59 15
12 60 15
12 61 15
12 62 15
12 63 15
13 10 10
13 11 10
13 12 10
13 13 10
13 30 1
13 31 4
13 33 1
13 34 4
13 40 9
13 41 15
13 42 4
13 55 1
13 56 15
13 57 15
13 58 15
13 59 15
13 60 15
13 61 15
13 62 15
13 63 15
14 9 1
14 10 15
14 11 15
14 12 15
14 13 15
14 14 4
14 30 1
14 31 12
14 33 9
14 34 4
14 39 1
14 40 15
14 41 6
14 55 1
14 56 15
14 57 15
14 58 15
14 59 15
14 60 15
14 61 15
14 62 15
14 63 15
15 0 8
15 10 3
15 11 15
15 12 15
15 13 15
15 14 12
15 15 8
15 16 8
15 31 2
15 33 2
15 39 1
15 40 6
15 55 1
15 56 15
15 57 15
15 58 15
15 59 15
15 60 15
15 61 15
15 62 15
15 63 15
16 0 15
16 1 12
16 11 3
16 12 15
16 13 15
16 14 15
16 15 15
16 16 15
16 17 12
16 39 9
16 40 4
16 55 1
16 56 15
16 57 15
16 58 15
16 59 15
16 60 15
16 61 15
16 62 15
16 63 15
17 0 15
17 1 15
17 2 4
17 11 1
17 12 15
17 13 15
17 14 15
17 15 15
17 16 15
17 17 15
17 18 12
17 38 1
17 39 15
17 40 4
17 56 3
17 57 15
17 58 15
17 59 15
17 60 15
17 61 15
17 62 15
17 63 15
18 0 15
18 1 15
18 2 12
18 12 3
18 13 15
18 14 15
18 15 15
18 16 15
18 17 15
18 18 15
18 19 12
18 29 8
18 30 8
18 32 8
18 38 1
18 39 6
18 57 2
18 58 3
18 59 15
18 60 15
18 61 15
18 62 15
18 63 15
19 0 15
19 1 15
19 2 15
19 3 4
19 13 3
19 14 15
19 15 15
19 16 15
19 17 15
19 18 15
19 19 15
19 20 12
19 28 1
19 29 6
19 30 2
19 32 3
19 33 4
19 58 1
19 59 15
19 60 15
19 61 15
19 62 15
19 63 15
20 0 15
20 1 6
20 2 2
20 13 1
20 14 15
20 15 15
20 16 15
20 17 15
20 18 15
20 19 15
20 20 15
20 21 12
20 28 1
20 29 4
20 59 11
20 60 15
20 61 15
20 62 15
20 63 15
21 0 15
21 1 4
21 14 3
21 15 15
21 16 15
21 17 15
21 18 15
21 19 15
21 20 15
21 21 15
21 22 4
21 28 1
21 29 12
21 30 8
21 31 8
21 56 8
21 57 8
21 58 9
21 59 15
21 60 15
21 61 15
21 62 15
21 63 15
22 0 15
22 1 4
22 15 3
22 16 15
22 17 15
22 18 15
22 19 15
22 20 15
22 21 15
22 22 4
22 29 2
22 30 2
22 31 2
22 55 9
22 56 15
22 57 15
22 58 15
22 59 15
22 60 15
22 61 15
22 62 15
22 63 15
23 0 15
23 1 4
23 15 1
23 16 15
23 17 15
23 18 15
23 19 15
23 20 15
23 21 15
23 22 4
23 54 9
23 55 15
23 56 15
23 57 15
23 58 15
23 59 15
23 60 15
23 61 15
23 62 15
23 63 15
24 0 2
24 15 1
24 16 15
24 17 15
24 18 15
24 19 15
24 20 15
24 21 15
24 22 4
24 28 8
24 29 8
24 30 8
24 31 8
24 36 8
24 37 8
24 38 8
24 39 8
24 40 8
24 53 1
24 54 15
24 55 15
24 56 15
24 57 15
24 58 15
24 59 15
24 60 15
24 61 15
24 62 15
24 63 15
25 16 3
25 17 15
25 18 15
25 19 15
25 20 15
25 21 15
25 22 4
25 27 1
25 28 6
25 29 2
25 30 3
25 31 6
25 36 2
25 37 2
25 38 2
25 39 2
25 40 2
25 53 1
25 54 15
25 55 15
25 56 15
25 57 15
25 58 15
25 59 15
25 60 15
25 61 15
25 62 15
25 63 15
26 0 8
26 16 9
26 17 15
26 18 15
26 19 15
26 20 15
26 21 6
26 27 1
26 28 4
26 53 9
26 54 15
26 55 15
26 56 15
26 57 15
26 58 15
26 59 15
26 60 15
26 61 15
26 62 15
26 63 15
27 0 15
27 1 4
27 15 1
27 16 15
27 17 15
27 18 15
27 19 15
27 20 15
27 21 4
27 27 1
27 28 12
27 29 8
27 30 9
27 31 4
27 44 1
27 45 4
27 46 8
27 47 8
27 48 8
27 52 9
27 53 15
27 54 15
27 55 15
27 56 15
27 57 15
27 58 15
27 59 15
27 60 15
27 61 15
27 62 15
27 63 15
28 0 15
28 1 12
28 2 8
28 15 1
28 16 15
28 17 15
28 18 15
28 19 15
28 20 6
28 27 9
28 28 6
28 29 2
28 30 2
28 44 1
28 45 4
28 46 2
28 47 3
28 48 15
28 49 12
28 50 8
28 51 9
28 52 15
28 53 15
28 54 15
28 55 15
28 56 15
28 57 15
28 58 15
28 59 15
28 60 15
28 61 15
28 62 15
28 63 15
29 0 15
29 1 15
29 2 15
29 3 4
29 15 9
29 16 15
29 17 15
29 18 15
29 19 15
29 20 4
29 26 9
29 27 15
29 28 4
29 31 8
29 32 8
29 33 8
29 39 8
29 40 8
29 41 8
29 44 1
29 45 4
29 48 2
29 49 2
29 50 3
29 51 15
29 52 15
29 53 15
29 54 15
29 55 15
29 56 15
29 57 15
29 58 15
29 59 15
29 60 15
29 61 15
29 62 15
29 63 15
30 0 15
30 1 15
30 2 15
30 3 4
30 14 9
30 15 15
30 16 15
30 17 15
30 18 15
30 19 15
30 20 4
30 25 9
30 26 15
30 27 6
30 30 1
30 31 6
30 32 3
30 33 6
30 34 1
30 35 4
30 38 1
30 39 6
30 40 2
30 41 3
30 42 4
30 44 1
30 45 4
30 50 9
30 51 15
30 52 15
30 53 15
30 54 15
30 55 15
30 56 15
30 57 15
30 58 15
30 59 15
30 60 15
30 61 15
30 62 15
30 63 15
31 0 15
31 1 15
31 2 6
31 13 1
31 14 15
31 15 15
31 16 15
31 17 15
31 18 15
31 19 6
31 24 1
31 25 6
31 26 2
31 30 1
31 31 4
31 32 1
31 33 4
31 34 1
31 35 4
31 38 1
31 39 4
31 41 1
31 42 4
31 44 1
31 45 4
31 49 1
31 50 15
31 51 15
31 52 15
31 53 15
31 54 15
31 55 15
31 56 15
31 57 15
31 58 15
31 59 15
31 60 15
31 61 15
31 62 15
31 63 15
32 0 15
32 1 6
32 13 9
32 14 15
32 15 15
32 16 15
32 17 15
32 18 6
32 24 1
32 25 4
32 27 8
32 30 1
32 31 4
32 38 1
32 39 4
32 41 1
32 42 4
32 44 1
32 45 4
32 50 3
32 51 15
32 52 15
32 53 15
32 54 15
32 55 15
32 56 15
32 57 15
32 58 15
32 59 15
32 60 15
32 61 15
32 62 15
32 63 15
33 0 15
33 1 4
33 12 9
33 13 15
33 14 15
33 15 15
33 16 15
33 17 15
33 18 4
33 24 9
33 25 4
33 26 1
33 27 6
33 30 1
33 31 4
33 34 1
33 35 4
33 38 1
33 39 12
33 41 9
33 42 4
33 44 1
33 45 4
33 50 1
33 51 15
33 52 15
33 53 15
33 54 15
33 55 15
33 56 15
33 57 15
33 58 15
33 59 15
33 60 15
33 61 15
33 62 15
33 63 15
34 0 15
34 1 12
34 11 9
34 12 15
34 13 15
34 14 15
34 15 15
34 16 15
34 17 15
34 18 4
34 23 9
34 24 15
34 25 4
34 26 1
34 27 4
34 28 1
34 29 4
34 30 1
34 31 4
34 32 1
34 33 4
34 34 1
34 35 4
34 38 1
34 39 6
34 41 3
34 42 4
34 44 1
34 45 4
34 50 1
34 51 15
34 52 15
34 53 15
34 54 15
34 55 15
34 56 15
34 57 15
34 58 15
34 59 15
34 60 15
34 61 15
34 62 15
34 63 15
35 0 15
35 1 15
35 2 12
35 10 1
35 11 15
35 12 15
35 13 15
35 14 15
35 15 15
35 16 15
35 17 15
35 18 4
35 22 1
35 23 6
35 24 2
35 30 1
35 31 12
35 32 9
35 33 12
35 34 9
35 35 4
35 41 1
35 42 4
35 44 1
35 45 4
35 50 9
35 51 15
35 52 15
35 53 15
35 54 15
35 55 15
35 56 15
35 57 15
35 58 15
35 59 15
35 60 15
35 61 15
35 62 15
35 63 15
36 0 15
36 1 15
36 2 15
36 3 4
36 10 1
36 11 15
36 12 15
36 13 15
36 14 15
36 15 15
36 16 15
36 17 15
36 18 4
36 22 1
36 23 4
36 25 8
36 26 8
36 27 8
36 31 2
36 32 2
36 33 2
36 34 2
36 38 1
36 39 12
36 41 9
36 42 4
36 44 1
36 45 4
36 49 1
36 50 15
36 51 15
36 52 15
36 53 15
36 54 15
36 55 15
36 56 15
36 57 15
36 58 15
36 59 15
36 60 15
36 61 15
36 62 15
36 63 15
37 0 15
37 1 15
37 2 15
37 3 12
37 11 3
37 12 15
37 13 15
37 14 15
37 15 15
37 16 15
37 17 15
37 18 4
37 22 1
37 23 4
37 24 1
37 25 6
37 26 2
37 27 3
37 28 4
37 38 1
37 39 6
37 41 3
37 42 4
37 44 1
37 45 4
37 49 9
37 50 15
37 51 15
37 52 15
37 53 15
37 54 15
37 55 15
37 56 15
37 57 15
37 58 15
37 59 15
37 60 15
37 61 15
37 62 15
37 63 15
38 0 15
38 1 15
38 2 15
38 3 15
38 4 4
38 11 1
38 12 15
38 13 15
38 14 15
38 15 15
38 16 15
38 17 15
38 18 4
38 22 1
38 23 4
38 24 1
38 25 4
38 27 1
38 28 4
38 38 1
38 39 12
38 40 8
38 41 9
38 42 4
38 44 9
38 45 4
38 48 9
38 49 15
38 50 15
38 51 15
38 52 15
38 53 15
38 54 15
38 55 15
38 56 15
38 57 15
38 58 15
38 59 15
38 60 15
38 61 15
38 62 15
38 63 15
39 0 15
39 1 15
39 2 15
39 3 15
39 4 4
39 12 10
39 13 10
39 14 10
39 15 10
39 16 10
39 17 10
39 22 1
39 23 4
39 24 1
39 25 4
39 39 2
39 40 2
39 41 2
39 43 1
39 44 15
39 45 4
39 47 9
39 48 15
39 49 15
39 50 15
39 51 15
39 52 15
39 53 15
39 54 15
39 55 15
39 56 15
39 57 15
39 58 15
39 59 15
39 60 15
39 61 15
39 62 15
39 63 15
40 0 15
40 1 15
40 2 15
40 3 15
40 4 12
40 11 1
40 12 15
40 13 15
40 14 15
40 15 15
40 16 15
40 17 15
40 18 4
40 22 1
40 23 4
40 24 1
40 25 12
40 26 8
40 27 9
40 28 4
40 43 1
40 44 6
40 46 1
40 47 15
40 48 15
40 49 15
40 50 15
40 51 15
40 52 15
40 53 15
40 54 15
40 55 15
40 56 15
40 57 15
40 58 15
40 59 15
40 60 15
40 61 15
40 62 15
40 63 15
41 0 15
41 1 15
41 2 15
41 3 15
41 4 15
41 5 4
41 11 1
41 12 15
41 13 15
41 14 15
41 15 15
41 16 15
41 17 15
41 18 4
41 22 1
41 23 4
41 25 2
41 26 2
41 27 2
41 31 8
41 33 8
41 34 8
41 39 8
41 40 8
41 41 8
41 43 1
41 44 4
41 46 1
41 47 15
41 48 15
41 49 15
41 50 15
41 51 15
41 52 15
41 53 15
41 54 15
41 55 15
41 56 15
41 57 15
41 58 15
41 59 15
41 60 15
41 61 15
41 62 15
41 63 15
42 0 15
42 1 15
42 2 15
42 3 15
42 4 15
42 5 4
42 12 3
42 13 15
42 14 15
42 15 15
42 16 15
42 17 15
42 18 12
42 22 1
42 23 12
42 24 8
42 25 8
42 26 8
42 27 8
42 30 1
42 31 6
42 33 2
42 34 3
42 35 4
42 38 1
42 39 6
42 40 2
42 41 3
42 42 4
42 43 1
42 44 4
42 46 1
42 47 15
42 48 15
42 49 15
42 50 15
42 51 15
42 52 15
42 53 15
42 54 15
42 55 15
42 56 15
42 57 15
42 58 15
42 59 15
42 60 15
42 61 15
42 62 15
42 63 15
43 0 15
43 1 15
43 2 15
43 3 15
43 4 6
43 13 3
43 14 15
43 15 15
43 16 15
43 17 15
43 18 15
43 19 12
43 23 2
43 24 2
43 25 2
43 26 3
43 27 15
43 28 12
43 30 1
43 31 4
43 34 1
43 35 4
43 41 1
43 42 4
43 43 1
43 44 4
43 46 1
43 47 15
43 48 15
43 49 15
43 50 15
43 51 15
43 52 15
43 53 15
43 54 15
43 55 15
43 56 15
43 57 15
43 58 15
43 59 15
43 60 15
43 61 15
43 62 15
43 63 15
44 0 15
44 1 15
44 2 15
44 3 6
44 13 1
44 14 15
44 15 15
44 16 15
44 17 15
44 18 15
44 19 15
44 20 12
44 21 8
44 22 8
44 23 8
44 24 8
44 27 3
44 28 15
44 29 4
44 30 1
44 31 12
44 32 8
44 33 8
44 34 9
44 35 4
44 38 1
44 39 4
44 41 1
44 42 4
44 43 1
44 44 4
44 47 2
44 48 3
44 49 15
44 50 15
44 51 15
44 52 15
44 53 15
44 54 15
44 55 15
44 56 15
44 57 15
44 58 15
44 59 15
44 60 15
44 61 15
44 62 15
44 63 15
45 0 15
45 1 15
45 2 15
45 3 4
45 13 1
45 14 15
45 15 15
45 16 15
45 17 15
45 18 15
45 19 15
45 20 15
45 21 15
45 22 15
45 23 15
45 24 15
45 25 12
45 28 3
45 29 12
45 31 2
45 32 2
45 33 2
45 34 2
45 38 1
45 39 12
45 40 8
45 41 9
45 42 4
45 43 1
45 44 4
45 49 2
45 50 2
45 51 3
45 52 15
45 53 15
45 54 15
45 55 15
45 56 15
45 57 15
45 58 15
45 59 15
45 60 15
45 61 15
45 62 15
45 63 15
46 0 15
46 1 15
46 2 6
46 13 1
46 14 15
46 15 15
46 16 15
46 17 15
46 18 15
46 19 15
46 20 15
46 21 15
46 22 15
46 23 15
46 24 15
46 25 15
46 26 4
46 28 1
46 29 15
46 30 12
46 33 8
46 34 8
46 39 2
46 40 2
46 41 2
46 43 1
46 44 12
46 51 1
46 52 15
46 53 15
46 54 15
46 55 15
46 56 15
46 57 15
46 58 15
46 59 15
46 60 15
46 61 15
46 62 15
46 63 15
47 0 15
47 1 6
47 14 3
47 15 15
47 16 15
47 17 15
47 18 15
47 19 15
47 20 15
47 21 15
47 22 15
47 23 15
47 24 15
47 25 15
47 26 12
47 27 8
47 29 2
47 30 2
47 32 1
47 33 6
47 34 2
47 43 1
47 44 15
47 45 12
47 46 8
47 47 8
47 48 8
47 49 8
47 50 8
47 51 8
47 52 3
47 53 15
47 54 15
47 55 15
47 56 15
47 57 15
47 58 15
47 59 15
47 60 15
47 61 15
47 62 15
47 63 15
48 0 2
48 15 3
48 16 15
48 17 15
48 18 15
48 19 15
48 20 15
48 21 15
48 22 15
48 23 15
48 24 15
48 25 15
48 26 15
48 27 15
48 28 12
48 32 1
48 33 12
48 34 9
48 35 4
48 37 8
48 39 8
48 44 3
48 45 6
48 46 2
48 47 3
48 48 6
48 49 2
48 50 2
48 51 2
48 52 1
48 53 15
48 54 15
48 55 15
48 56 15
48 57 15
48 58 15
48 59 15
48 60 15
48 61 15
48 62 15
48 63 15
49 16 3
49 17 15
49 18 15
49 19 15
49 20 15
49 21 15
49 22 15
49 23 15
49 24 15
49 25 15
49 26 15
49 27 15
49 28 15
49 29 12
49 33 2
49 34 2
49 36 1
49 37 6
49 39 3
49 40 4
49 44 1
49 45 4
49 47 1
49 48 4
49 53 3
49 54 15
49 55 15
49 56 15
49 57 15
49 58 15
49 59 15
49 60 15
49 61 15
49 62 15
49 63 15
50 17 3
50 18 15
50 19 15
50 20 15
50 21 15
50 22 15
50 23 15
50 24 15
50 25 15
50 26 15
50 27 15
50 28 15
50 29 15
50 30 12
50 36 1
50 37 4
50 39 1
50 40 4
50 47 1
50 48 4
50 53 1
50 54 15
50 55 15
50 56 15
50 57 15
50 58 15
50 59 15
50 60 15
50 61 15
50 62 15
50 63 15
51 17 1
51 18 15
51 19 15
51 20 15
51 21 15
51 22 15
51 23 15
51 24 15
51 25 15
51 26 15
51 27 15
51 28 15
51 29 15
51 30 15
51 31 12
51 32 8
51 36 1
51 37 12
51 38 8
51 39 9
51 40 4
51 44 1
51 45 4
51 47 1
51 48 4
51 53 9
51 54 15
51 55 15
51 56 15
51 57 15
51 58 15
51 59 15
51 60 15
51 61 15
51 62 15
51 63 15
52 18 3
52 19 15
52 20 15
52 21 15
52 22 15
52 23 15
52 24 15
52 25 15
52 26 15
52 27 15
52 28 15
52 29 15
52 30 15
52 31 15
52 32 15
52 33 12
52 37 2
52 38 2
52 39 2
52 44 1
52 45 12
52 46 8
52 47 9
52 48 4
52 52 1
52 53 15
52 54 15
52 55 15
52 56 15
52 57 15
52 58 15
52 59 15
52 60 15
52 61 15
52 62 15
52 63 15
53 18 1
53 19 15
53 20 15
53 21 15
53 22 15
53 23 15
53 24 15
53 25 15
53 26 15
53 27 15
53 28 15
53 29 15
53 30 15
53 31 15
53 32 15
53 33 15
53 34 4
53 45 2
53 46 2
53 47 2
53 52 9
53 53 15
53 54 15
53 55 15
53 56 15
53 57 15
53 58 15
53 59 15
53 60 15
53 61 15
53 62 15
53 63 15
54 0 8
54 18 1
54 19 15
54 20 15
54 21 15
54 22 15
54 23 15
54 24 15
54 25 15
54 26 15
54 27 15
54 28 15
54 29 15
54 30 15
54 31 15
54 32 15
54 33 15
54 34 4
54 45 8
54 46 8
54 51 9
54 52 15
54 53 15
54 54 15
54 55 15
54 56 15
54 57 15
54 58 15
54 59 15
54 60 15
54 61 15
54 62 15
54 63 15
55 0 15
55 1 12
55 18 9
55 19 15
55 20 15
55 21 15
55 22 15
55 23 15
55 24 15
55 25 15
55 26 15
55 27 15
55 28 15
55 29 15
55 30 15
55 31 15
55 32 15
55 33 6
55 44 1
55 45 6
55 46 2
55 50 9
55 51 15
55 52 15
55 53 15
55 54 15
55 55 15
55 56 15
55 57 15
55 58 15
55 59 15
55 60 15
55 61 15
55 62 15
55 63 15
56 0 15
56 1 15
56 2 4
56 17 9
56 18 15
56 19 15
56 20 15
56 21 15
56 22 15
56 23 15
56 24 15
56 25 15
56 26 15
56 27 15
56 28 15
56 29 15
56 30 15
56 31 15
56 32 6
56 36 8
56 37 8
56 44 1
56 45 12
56 46 9
56 47 4
56 49 9
56 50 15
56 51 15
56 52 15
56 53 15
56 54 15
56 55 15
56 56 15
56 57 15
56 58 15
56 59 15
56 60 15
56 61 15
56 62 15
56 63 15
57 0 15
57 1 15
57 2 4
57 16 9
57 17 15
57 18 15
57 19 15
57 20 15
57 21 15
57 22 15
57 23 15
57 24 15
57 25 15
57 26 15
57 27 15
57 28 15
57 29 15
57 30 15
57 31 15
57 32 4
57 35 1
57 36 6
57 37 2
57 45 2
57 46 2
57 48 1
57 49 15
57 50 15
57 51 15
57 52 15
57 53 15
57 54 15
57 55 15
57 56 15
57 57 15
57 58 15
57 59 15
57 60 15
57 61 15
57 62 15
57 63 15
58 0 15
58 1 15
58 2 4
58 15 9
58 16 15
58 17 15
58 18 15
58 19 15
58 20 15
58 21 15
58 22 15
58 23 15
58 24 15
58 25 15
58 26 15
58 27 15
58 28 15
58 29 15
58 30 15
58 31 15
58 32 4
58 35 1
58 36 12
58 37 9
58 38 4
58 48 1
58 49 15
58 50 15
58 51 15
58 52 15
58 53 15
58 54 15
58 55 15
58 56 15
58 57 15
58 58 15
58 59 15
58 60 15
58 61 15
58 62 15
58 63 15
59 0 15
59 1 15
59 2 4
59 14 1
59 15 15
59 16 15
59 17 15
59 18 15
59 19 15
59 20 15
59 21 15
59 22 15
59 23 15
59 24 15
59 25 15
59 26 15
59 27 15
59 28 15
59 29 15
59 30 15
59 31 15
59 32 12
59 33 8
59 34 8
59 36 2
59 37 2
59 45 8
59 46 8
59 47 8
59 48 9
59 49 15
59 50 15
59 51 15
59 52 15
59 53 15
59 54 15
59 55 15
59 56 15
59 57 15
59 58 15
59 59 15
59 60 15
59 61 15
59 62 15
59 63 15
60 0 15
60 1 15
60 2 12
60 3 8
60 14 9
60 15 15
60 16 15
60 17 15
60 18 15
60 19 15
60 20 15
60 21 15
60 22 15
60 23 15
60 24 15
60 25 15
60 26 15
60 27 15
60 28 15
60 29 15
60 30 15
60 31 15
60 32 15
60 33 15
60 34 15
60 35 12
60 44 9
60 45 15
60 46 15
60 47 15
60 48 15
60 49 15
60 50 15
60 51 15
60 52 15
60 53 15
60 54 15
60 55 15
60 56 15
60 57 15
60 58 15
60 59 15
60 60 15
60 61 15
60 62 15
60 63 15
61 0 15
61 1 15
61 2 15
61 3 15
61 4 12
61 12 8
61 13 9
61 14 15
61 15 15
61 16 15
61 17 15
61 18 15
61 19 15
61 20 15
61 21 15
61 22 15
61 23 15
61 24 15
61 25 15
61 26 15
61 27 15
61 28 15
61 29 15
61 30 15
61 31 15
61 32 15
61 33 15
61 34 15
61 35 15
61 36 12
61 43 9
61 44 15
61 45 15
61 46 15
61 47 15
61 48 15
61 49 15
61 50 15
61 51 15
61 52 15
61 53 15
61 54 15
61 55 15
61 56 15
61 57 15
61 58 15
61 59 15
61 60 15
61 61 15
61 62 15
61 63 15
62 0 15
62 1 15
62 2 15
62 3 15
62 4 15
62 5 4
62 11 9
62 12 15
62 13 15
62 14 15
62 15 15
62 16 15
62 17 15
62 18 15
62 19 15
62 20 15
62 21 15
62 22 15
62 23 15
62 24 15
62 25 15
62 26 15
62 27 15
62 28 15
62 29 15
62 30 15
62 31 15
62 32 15
62 33 15
62 34 15
62 35 15
62 36 15
62 37 12
62 38 8
62 39 8
62 40 8
62 41 8
62 42 9
62 43 15
62 44 15
62 45 15
62 46 15
62 47 15
62 48 15
62 49 15
62 50 15
62 51 15
62 52 15
62 53 15
62 54 15
62 55 15
62 56 15
62 57 15
62 58 15
62 59 15
62 60 15
62 61 15
62 62 15
62 63 15
63 0 15
63 1 15
63 2 15
63 3 15
63 4 15
63 5 4
63 10 1
63 11 15
63 12 15
63 13 15
63 14 15
63 15 15
63 16 15
63 17 15
63 18 15
63 19 15
63 20 15
63 21 15
63 22 15
63 23 15
63 24 15
63 25 15
63 26 15
63 27 15
63 28 15
63 29 15
63 30 15
63 31 15
63 32 15
63 33 15
63 34 15
63 35 15
63 36 15
63 37 15
63 38 15
63 39 15
63 40 15
63 41 15
63 42 15
63 43 15
63 44 15
63 45 15
63 46 15
63 47 15
63 48 15
63 49 15
63 50 15
63 51 15
63 52 15
63 53 15
63 54 15
63 55 15
63 56 15
63 57 15
63 58 15
63 59 15
63 60 15
63 61 15
63 62 15
63 63 15
