0
46 0 8
47 0 15
47 1 4
48 0 15
48 1 12
49 0 15
49 1 15
49 2 12
50 0 15
50 1 15
50 2 15
50 3 4
51 0 15
51 1 15
51 2 15
51 3 12
52 0 15
52 1 15
52 2 15
52 3 15
52 4 12
53 0 15
53 1 15
53 2 15
53 3 15
53 4 15
53 5 12
54 0 15
54 1 15
54 2 15
54 3 15
54 4 15
54 5 15
54 6 12
55 0 15
55 1 15
55 2 15
55 3 15
55 4 15
55 5 15
55 6 15
55 7 12
56 0 15
56 1 15
56 2 15
56 3 15
56 4 15
56 5 15
56 6 15
56 7 15
56 8 4
57 0 15
57 1 15
57 2 15
57 3 15
57 4 15
57 5 15
57 6 15
57 7 15
57 8 12
58 0 15
58 1 15
58 2 15
58 3 15
58 4 15
58 5 15
58 6 15
58 7 15
58 8 15
58 9 4
59 0 15
59 1 15
59 2 15
59 3 15
59 4 15
59 5 15
59 6 15
59 7 15
59 8 15
59 9 12
60 0 15
60 1 15
60 2 15
60 3 15
60 4 15
60 5 15
60 6 15
60 7 15
60 8 15
60 9 15
60 10 12
60 47 8
60 48 8
60 49 8
60 50 8
60 51 8
60 52 8
61 0 15
61 1 15
61 2 15
61 3 15
61 4 15
61 5 15
61 6 15
61 7 15
61 8 15
61 9 15
61 10 15
61 11 4
61 47 2
61 48 2
61 49 2
61 50 2
61 51 2
61 52 2
62 0 15
62 1 15
62 2 15
62 3 15
62 4 15
62 5 15
62 6 15
62 7 15
62 8 15
62 9 15
62 10 15
62 11 12
62 28 8
62 29 8
62 30 8
62 31 8
62 32 8
62 33 8
62 34 8
62 35 8
62 36 8
62 37 8
62 38 8
62 39 8
62 40 8
62 41 8
62 42 8
62 43 8
62 56 8
62 57 8
62 58 8
62 59 8
63 0 15
63 1 15
63 2 15
63 3 15
63 4 15
63 5 15
63 6 15
63 7 15
63 8 15
63 9 15
63 10 15
63 11 15
63 12 4
63 28 2
63 29 2
63 30 2
63 31 2
63 32 2
63 33 2
63 34 2
63 35 2
63 36 2
63 37 2
63 38 2
63 39 2
63 40 2
63 41 2
63 42 2
63 43 2
63 56 2
63 57 2
63 58 2
63 59 2
