0
0 31 8
1 31 2
2 16 8
2 17 8
2 18 8
2 19 8
3 16 2
3 17 2
3 18 2
3 19 2
4 16 8
4 17 8
4 18 8
4 19 8
4 20 8
4 21 8
4 22 8
4 23 8
5 16 2
5 17 2
5 18 2
5 19 2
5 20 2
5 21 2
5 22 2
5 23 2
6 0 8
6 1 8
6 2 8
6 3 8
6 4 8
6 5 8
6 6 8
6 7 8
7 0 2
7 1 2
7 2 2
7 3 2
7 4 2
7 5 2
7 6 2
7 7 2
8 4 8
8 5 8
8 6 8
9 2 8
9 3 9
9 4 15
9 5 15
9 6 15
9 7 12
10 0 8
10 1 9
10 2 15
10 3 15
10 4 15
10 5 15
10 6 15
10 7 15
10 8 12
11 0 15
11 1 15
11 2 15
11 3 15
11 4 6
11 5 3
11 6 15
11 7 15
11 8 15
11 9 12
12 0 15
12 1 15
12 2 15
12 3 6
12 6 3
12 7 15
12 8 15
12 9 15
12 10 12
13 0 15
13 1 15
13 2 6
13 7 2
13 8 3
13 9 15
13 10 15
13 11 12
13 39 8
13 40 8
13 41 8
13 42 8
14 0 2
14 1 2
14 9 3
14 10 15
14 11 15
14 12 12
14 37 8
14 38 9
14 39 15
14 40 15
14 41 15
14 42 15
14 43 12
15 9 1
15 10 15
15 11 15
15 12 15
15 13 12
15 20 8
15 35 8
15 36 9
15 37 15
15 38 15
15 39 15
15 40 15
15 41 15
15 42 15
15 43 15
15 44 4
16 10 2
16 11 3
16 12 15
16 13 15
16 14 12
16 20 2
16 28 1
16 29 4
16 32 8
16 33 8
16 34 9
16 35 15
16 36 15
16 37 15
16 38 15
16 39 15
16 40 15
16 41 15
16 42 15
16 43 15
16 44 12
17 12 3
17 13 15
17 14 15
17 15 12
17 25 8
17 26 9
17 27 4
17 28 1
17 29 12
17 31 9
17 32 15
17 33 15
17 34 15
17 35 15
17 36 15
17 37 15
17 38 15
17 39 15
17 40 15
17 41 15
17 42 15
17 43 15
17 44 15
17 45 12
17 46 8
17 47 8
17 48 1
17 49 4
18 13 3
18 14 15
18 15 15
18 16 12
18 24 9
18 25 15
18 26 15
18 27 4
18 28 1
18 29 15
18 30 13
18 31 15
18 32 15
18 33 15
18 34 15
18 35 15
18 36 15
18 37 15
18 38 15
18 39 15
18 40 15
18 41 15
18 42 15
18 43 15
18 44 15
18 45 15
18 46 15
18 47 15
18 48 13
18 49 4
19 14 3
19 15 15
19 16 15
19 17 12
19 18 8
19 22 8
19 23 9
19 24 15
19 25 15
19 26 15
19 27 4
19 28 1
19 29 15
19 30 15
19 31 15
19 32 15
19 33 15
19 34 15
19 35 15
19 36 15
19 37 15
19 38 15
19 39 15
19 40 15
19 41 15
19 42 15
19 43 15
19 44 15
19 45 15
19 46 15
19 47 15
19 48 15
19 49 4
20 15 3
20 16 15
20 17 15
20 18 15
20 19 12
20 20 8
20 21 9
20 22 15
20 23 15
20 24 15
20 25 15
20 26 15
20 27 4
20 28 1
20 29 7
20 30 15
20 31 15
20 32 15
20 33 15
20 34 15
20 35 15
20 36 15
20 37 15
20 38 15
20 39 15
20 40 15
20 41 15
20 42 15
20 43 15
20 44 15
20 45 15
20 46 15
20 47 15
20 48 15
20 49 4
21 16 3
21 17 15
21 18 15
21 19 15
21 20 15
21 21 15
21 22 15
21 23 15
21 24 15
21 25 6
21 26 3
21 27 4
21 28 1
21 29 4
21 30 2
21 31 3
21 32 15
21 33 15
21 34 15
21 35 15
21 36 15
21 37 15
21 38 15
21 39 15
21 40 15
21 41 15
21 42 15
21 43 15
21 44 15
21 45 15
21 46 15
21 47 15
21 48 15
21 49 4
22 17 3
22 18 15
22 19 15
22 20 15
22 21 15
22 22 15
22 23 15
22 24 6
22 32 3
22 33 15
22 34 15
22 35 15
22 36 15
22 37 15
22 38 15
22 39 15
22 40 15
22 41 15
22 42 15
22 43 15
22 44 15
22 45 15
22 46 15
22 47 15
22 48 15
22 49 4
23 18 3
23 19 15
23 20 15
23 21 15
23 22 6
23 23 2
23 33 3
23 34 15
23 35 15
23 36 15
23 37 15
23 38 15
23 39 15
23 40 15
23 41 15
23 42 15
23 43 15
23 44 15
23 45 15
23 46 15
23 47 15
23 48 6
24 19 2
24 20 2
24 21 2
24 34 3
24 35 15
24 36 15
24 37 15
24 38 15
24 39 15
24 40 15
24 41 15
24 42 15
24 43 15
24 44 15
24 45 15
24 46 15
24 47 15
24 48 4
25 34 1
25 35 15
25 36 15
25 37 15
25 38 15
25 39 15
25 40 15
25 41 15
25 42 15
25 43 15
25 44 15
25 45 15
25 46 15
25 47 15
25 48 4
26 35 2
26 36 3
26 37 15
26 38 15
26 39 15
26 40 15
26 41 15
26 42 15
26 43 15
26 44 15
26 45 15
26 46 15
26 47 6
27 37 3
27 38 15
27 39 15
27 40 15
27 41 15
27 42 15
27 43 15
27 44 15
27 45 15
27 46 6
28 38 2
28 39 3
28 40 15
28 41 15
28 42 15
28 43 15
28 44 15
28 45 15
28 46 4
29 40 2
29 41 3
29 42 15
29 43 15
29 44 15
29 45 14
30 42 3
30 43 15
30 44 15
30 45 15
30 46 12
30 47 8
30 48 8
31 42 1
31 43 15
31 44 15
31 45 15
31 46 15
31 47 15
31 48 15
31 49 12
32 43 3
32 44 15
32 45 15
32 46 15
32 47 15
32 48 15
32 49 15
32 50 12
33 44 3
33 45 15
33 46 15
33 47 15
33 48 15
33 49 15
33 50 15
33 51 12
34 44 1
34 45 15
34 46 15
34 47 15
34 48 15
34 49 15
34 50 15
34 51 15
34 52 4
35 44 9
35 45 15
35 46 15
35 47 15
35 48 15
35 49 15
35 50 15
35 51 15
35 52 4
36 43 1
36 44 15
36 45 15
36 46 15
36 47 15
36 48 15
36 49 15
36 50 15
36 51 15
36 52 4
37 43 1
37 44 7
37 45 15
37 46 15
37 47 15
37 48 15
37 49 15
37 50 15
37 51 6
38 44 1
38 45 15
38 46 15
38 47 15
38 48 15
38 49 15
38 50 6
39 45 2
39 46 2
39 47 2
39 48 2
39 49 2
