0
0 60 1
0 61 4
1 60 1
1 61 4
2 60 1
2 61 4
3 60 1
3 61 4
4 60 1
4 61 4
5 60 1
5 61 4
6 60 1
6 61 4
7 60 1
7 61 4
8 60 1
8 61 4
9 60 1
9 61 4
10 60 1
10 61 4
11 60 1
11 61 4
12 60 1
12 61 4
13 60 1
13 61 4
14 60 1
14 61 4
15 60 1
15 61 4
16 60 1
16 61 4
17 60 1
17 61 4
18 60 1
18 61 4
19 60 1
19 61 4
20 60 1
20 61 4
21 60 1
21 61 4
22 60 1
22 61 4
23 60 1
23 61 4
24 60 1
24 61 4
25 60 1
25 61 4
26 60 1
26 61 4
27 60 1
27 61 4
28 60 1
28 61 4
29 60 1
29 61 4
30 60 1
30 61 4
31 60 1
31 61 4
32 60 1
32 61 4
33 60 1
33 61 4
34 60 1
34 61 4
35 60 1
35 61 4
36 60 1
36 61 4
37 60 1
37 61 4
38 60 1
38 61 4
39 60 1
39 61 4
40 60 1
40 61 4
41 60 1
41 61 4
42 60 1
42 61 4
43 60 1
43 61 4
44 60 1
44 61 4
45 60 1
45 61 4
46 60 1
46 61 4
47 60 1
47 61 4
48 60 1
48 61 12
49 60 1
49 61 15
49 62 12
50 61 3
50 62 15
50 63 12
51 62 3
51 63 15
52 63 2
