15
0 6 4
0 7 1
0 17 4
0 18 0
0 19 0
0 20 1
0 29 4
0 30 0
0 31 0
0 32 0
0 33 0
0 34 0
0 35 0
0 36 0
0 37 0
0 38 0
0 39 0
0 40 0
0 41 0
0 42 1
1 5 6
1 6 0
1 7 1
1 17 4
1 18 0
1 19 0
1 20 9
1 28 6
1 29 0
1 30 0
1 31 0
1 32 0
1 33 0
1 34 0
1 35 0
1 36 0
1 37 0
1 38 0
1 39 0
1 40 0
1 41 0
1 42 1
2 5 4
2 6 0
2 7 1
2 17 4
2 18 0
2 19 9
2 28 4
2 29 0
2 30 0
2 31 0
2 32 0
2 33 0
2 34 0
2 35 0
2 36 0
2 37 0
2 38 0
2 39 0
2 40 0
2 41 0
2 42 1
2 51 6
2 52 2
2 53 2
2 54 2
2 55 2
2 56 3
3 3 6
3 4 2
3 5 0
3 6 0
3 7 1
3 17 4
3 18 1
3 28 4
3 29 0
3 30 0
3 31 0
3 32 0
3 33 0
3 34 0
3 35 0
3 36 0
3 37 0
3 38 0
3 39 0
3 40 0
3 41 8
3 42 9
3 49 6
3 50 2
3 51 0
3 52 0
3 53 0
3 54 0
3 55 0
3 56 0
3 57 3
4 3 4
4 4 0
4 5 0
4 6 0
4 7 1
4 17 4
4 18 1
4 28 4
4 29 0
4 30 0
4 31 0
4 32 0
4 33 0
4 34 0
4 35 0
4 36 0
4 37 0
4 38 0
4 39 0
4 40 1
4 48 6
4 49 0
4 50 0
4 51 0
4 52 0
4 53 0
4 54 0
4 55 0
4 56 0
4 57 1
5 2 14
5 3 0
5 4 0
5 5 0
5 6 0
5 7 1
5 17 4
5 18 1
5 28 12
5 29 8
5 30 0
5 31 0
5 32 0
5 33 0
5 34 0
5 35 0
5 36 0
5 37 0
5 38 0
5 39 0
5 40 9
5 47 6
5 48 0
5 49 0
5 50 0
5 51 0
5 52 0
5 53 0
5 54 0
5 55 0
5 56 0
5 57 0
5 58 3
6 3 4
6 4 0
6 5 0
6 6 0
6 7 1
6 16 6
6 17 0
6 18 1
6 30 12
6 31 0
6 32 0
6 33 0
6 34 1
6 35 4
6 36 1
6 37 12
6 38 8
6 39 9
6 46 6
6 47 0
6 48 0
6 49 0
6 50 0
6 51 0
6 52 0
6 53 0
6 54 0
6 55 0
6 56 0
6 57 0
6 58 1
7 3 12
7 4 0
7 5 0
7 6 0
7 7 1
7 16 4
7 17 0
7 18 1
7 31 12
7 32 8
7 33 8
7 34 9
7 35 4
7 36 1
7 46 4
7 47 0
7 48 0
7 49 0
7 50 0
7 51 0
7 52 0
7 53 0
7 54 0
7 55 0
7 56 0
7 57 0
7 58 9
8 4 4
8 5 0
8 6 0
8 7 1
8 16 4
8 17 0
8 18 0
8 19 3
8 35 4
8 36 1
8 46 12
8 47 8
8 48 0
8 49 0
8 50 0
8 51 0
8 52 0
8 53 0
8 54 0
8 55 0
8 56 0
8 57 9
8 63 6
9 4 12
9 5 0
9 6 0
9 7 1
9 16 4
9 17 0
9 18 0
9 19 0
9 20 3
9 35 4
9 36 1
9 48 12
9 49 0
9 50 0
9 51 0
9 52 0
9 53 0
9 54 0
9 55 0
9 56 1
9 63 4
10 5 4
10 6 0
10 7 0
10 8 3
10 16 4
10 17 0
10 18 0
10 19 0
10 20 1
10 35 4
10 36 1
10 40 6
10 41 2
10 42 2
10 43 3
10 49 12
10 50 8
10 51 0
10 52 0
10 53 0
10 54 0
10 55 0
10 56 0
10 57 10
10 58 10
10 59 10
10 60 10
10 61 10
10 62 10
10 63 0
11 5 4
11 6 0
11 7 0
11 8 9
11 16 4
11 17 0
11 18 0
11 19 0
11 20 1
11 35 4
11 36 1
11 40 4
11 41 0
11 42 0
11 43 1
11 51 12
11 52 8
11 53 0
11 54 0
11 55 0
11 56 1
11 63 12
12 5 4
12 6 0
12 7 1
12 16 4
12 17 0
12 18 0
12 19 0
12 20 0
12 21 3
12 35 4
12 36 1
12 39 6
12 40 0
12 41 0
12 42 0
12 43 1
12 53 12
12 54 0
12 55 0
12 56 1
13 5 4
13 6 0
13 7 1
13 16 12
13 17 0
13 18 0
13 19 0
13 20 0
13 21 1
13 33 6
13 34 3
13 35 4
13 36 1
13 37 6
13 38 2
13 39 0
13 40 0
13 41 0
13 42 0
13 43 0
13 44 3
13 54 12
13 55 8
13 56 9
14 5 4
14 6 0
14 7 0
14 8 3
14 17 4
14 18 0
14 19 0
14 20 0
14 21 1
14 33 4
14 34 0
14 35 0
14 36 0
14 37 0
14 38 0
14 39 0
14 40 0
14 41 0
14 42 0
14 43 0
14 44 0
14 45 3
15 5 4
15 6 0
15 7 0
15 8 1
15 17 4
15 18 0
15 19 0
15 20 0
15 21 1
15 32 6
15 33 0
15 34 0
15 35 0
15 36 0
15 37 0
15 38 0
15 39 0
15 40 0
15 41 0
15 42 0
15 43 0
15 44 0
15 45 0
15 46 3
16 4 6
16 5 0
16 6 0
16 7 0
16 8 1
16 17 12
16 18 0
16 19 0
16 20 0
16 21 0
16 22 3
16 31 6
16 32 0
16 33 0
16 34 0
16 35 0
16 36 0
16 37 0
16 38 0
16 39 0
16 40 0
16 41 0
16 42 0
16 43 0
16 44 0
16 45 0
16 46 0
16 47 3
17 3 6
17 4 0
17 5 0
17 6 0
17 7 0
17 8 1
17 18 4
17 19 0
17 20 0
17 21 0
17 22 1
17 30 6
17 31 0
17 32 0
17 33 0
17 34 0
17 35 0
17 36 0
17 37 0
17 38 0
17 39 0
17 40 0
17 41 0
17 42 0
17 43 0
17 44 0
17 45 0
17 46 0
17 47 1
18 2 6
18 3 0
18 4 0
18 5 0
18 6 0
18 7 0
18 8 1
18 18 4
18 19 0
18 20 0
18 21 0
18 22 0
18 23 3
18 30 4
18 31 0
18 32 0
18 33 0
18 34 0
18 35 0
18 36 0
18 37 0
18 38 0
18 39 0
18 40 0
18 41 8
18 42 8
18 43 8
18 44 8
18 45 0
18 46 0
18 47 0
18 48 2
18 49 3
19 2 4
19 3 0
19 4 0
19 5 0
19 6 0
19 7 0
19 8 1
19 18 4
19 19 0
19 20 0
19 21 0
19 22 0
19 23 1
19 30 12
19 31 0
19 32 0
19 33 0
19 34 0
19 35 0
19 36 0
19 37 0
19 38 0
19 39 8
19 40 9
19 45 12
19 46 0
19 47 0
19 48 0
19 49 0
19 50 3
20 2 4
20 3 0
20 4 0
20 5 0
20 6 0
20 7 0
20 8 0
20 9 3
20 18 12
20 19 0
20 20 0
20 21 0
20 22 0
20 23 0
20 24 11
20 31 12
20 32 0
20 33 0
20 34 0
20 35 0
20 36 0
20 37 0
20 38 9
20 46 12
20 47 0
20 48 0
20 49 0
20 50 0
20 51 2
20 52 2
20 53 3
21 2 4
21 3 0
21 4 0
21 5 0
21 6 0
21 7 0
21 8 0
21 9 1
21 19 4
21 20 0
21 21 0
21 22 0
21 23 1
21 32 4
21 33 0
21 34 0
21 35 0
21 36 0
21 37 1
21 47 12
21 48 0
21 49 0
21 50 0
21 51 0
21 52 0
21 53 0
21 54 2
21 55 2
21 56 3
22 2 4
22 3 0
22 4 0
22 5 0
22 6 0
22 7 8
22 8 8
22 9 9
22 19 4
22 20 0
22 21 0
22 22 8
22 23 9
22 32 4
22 33 0
22 34 0
22 35 0
22 36 0
22 37 1
22 48 4
22 49 0
22 50 0
22 51 0
22 52 0
22 53 0
22 54 0
22 55 0
22 56 1
23 2 12
23 3 8
23 4 8
23 5 8
23 6 9
23 19 4
23 20 0
23 21 9
23 32 4
23 33 0
23 34 0
23 35 0
23 36 0
23 37 1
23 48 4
23 49 0
23 50 0
23 51 0
23 52 0
23 53 0
23 54 0
23 55 0
23 56 1
24 19 4
24 20 1
24 32 4
24 33 0
24 34 0
24 35 0
24 36 0
24 37 0
24 38 3
24 48 4
24 49 0
24 50 0
24 51 0
24 52 0
24 53 0
24 54 0
24 55 0
24 56 1
25 19 4
25 20 9
25 31 6
25 32 0
25 33 0
25 34 0
25 35 0
25 36 0
25 37 0
25 38 0
25 39 2
25 40 3
25 48 12
25 49 0
25 50 0
25 51 0
25 52 0
25 53 0
25 54 0
25 55 0
25 56 0
25 57 3
26 8 6
26 9 3
26 19 13
26 30 6
26 31 0
26 32 0
26 33 0
26 34 0
26 35 0
26 36 0
26 37 0
26 38 0
26 39 0
26 40 0
26 41 3
26 49 12
26 50 8
26 51 0
26 52 0
26 53 0
26 54 0
26 55 0
26 56 0
26 57 0
26 58 2
26 59 3
27 6 6
27 7 2
27 8 0
27 9 9
27 30 4
27 31 0
27 32 0
27 33 0
27 34 0
27 35 0
27 36 0
27 37 0
27 38 0
27 39 0
27 40 0
27 41 0
27 42 3
27 51 4
27 52 0
27 53 0
27 54 0
27 55 0
27 56 0
27 57 0
27 58 0
27 59 1
28 5 6
28 6 0
28 7 0
28 8 1
28 30 4
28 31 0
28 32 0
28 33 0
28 34 0
28 35 0
28 36 0
28 37 0
28 38 0
28 39 0
28 40 8
28 41 8
28 42 1
28 51 4
28 52 0
28 53 0
28 54 0
28 55 0
28 56 0
28 57 0
28 58 0
28 59 0
28 60 11
29 4 6
29 5 0
29 6 0
29 7 0
29 8 1
29 28 6
29 29 2
29 30 0
29 31 0
29 32 0
29 33 0
29 34 0
29 35 0
29 36 0
29 37 0
29 38 8
29 39 9
29 42 4
29 43 2
29 44 3
29 51 12
29 52 0
29 53 0
29 54 0
29 55 0
29 56 0
29 57 0
29 58 0
29 59 1
30 4 4
30 5 0
30 6 0
30 7 0
30 8 1
30 12 7
30 28 4
30 29 0
30 30 0
30 31 0
30 32 0
30 33 0
30 34 0
30 35 0
30 36 0
30 37 1
30 42 4
30 43 0
30 44 1
30 52 4
30 53 0
30 54 0
30 55 0
30 56 0
30 57 0
30 58 8
30 59 9
31 4 4
31 5 0
31 6 0
31 7 0
31 8 9
31 11 6
31 12 1
31 28 12
31 29 8
31 30 0
31 31 0
31 32 0
31 33 0
31 34 0
31 35 0
31 36 0
31 37 9
31 39 6
31 40 2
31 41 2
31 42 0
31 43 0
31 44 0
31 45 3
31 52 4
31 53 0
31 54 0
31 55 0
31 56 0
31 57 9
32 3 6
32 4 0
32 5 0
32 6 0
32 7 1
32 11 4
32 12 0
32 13 3
32 30 12
32 31 0
32 32 0
32 33 0
32 34 0
32 35 0
32 36 9
32 39 4
32 40 0
32 41 0
32 42 0
32 43 0
32 44 0
32 45 1
32 52 4
32 53 0
32 54 0
32 55 0
32 56 1
33 3 4
33 4 0
33 5 0
33 6 0
33 7 1
33 11 4
33 12 0
33 13 9
33 31 4
33 32 0
33 33 0
33 34 0
33 35 1
33 39 4
33 40 0
33 41 0
33 42 0
33 43 0
33 44 0
33 45 0
33 46 3
33 52 4
33 53 0
33 54 0
33 55 0
33 56 1
34 3 4
34 4 0
34 5 0
34 6 0
34 7 1
34 11 12
34 12 9
34 18 6
34 19 2
34 20 3
34 31 12
34 32 8
34 33 8
34 34 8
34 35 9
34 38 6
34 39 0
34 40 0
34 41 0
34 42 0
34 43 0
34 44 0
34 45 8
34 46 9
34 52 4
34 53 0
34 54 0
34 55 0
34 56 0
34 57 3
35 3 4
35 4 0
35 5 0
35 6 0
35 7 0
35 8 3
35 18 4
35 19 0
35 20 0
35 21 3
35 37 6
35 38 0
35 39 0
35 40 0
35 41 0
35 42 0
35 43 0
35 44 9
35 52 12
35 53 0
35 54 0
35 55 0
35 56 0
35 57 0
35 58 3
36 3 12
36 4 0
36 5 0
36 6 0
36 7 0
36 8 1
36 18 4
36 19 0
36 20 0
36 21 0
36 22 3
36 32 6
36 33 2
36 34 2
36 35 2
36 36 2
36 37 0
36 38 0
36 39 0
36 40 0
36 41 0
36 42 0
36 43 1
36 53 4
36 54 0
36 55 0
36 56 0
36 57 0
36 58 0
36 59 3
37 4 12
37 5 0
37 6 0
37 7 0
37 8 1
37 18 4
37 19 0
37 20 0
37 21 0
37 22 0
37 23 3
37 31 6
37 32 0
37 33 0
37 34 0
37 35 0
37 36 0
37 37 0
37 38 0
37 39 0
37 40 0
37 41 0
37 42 0
37 43 1
37 53 12
37 54 0
37 55 0
37 56 0
37 57 0
37 58 0
37 59 0
37 60 3
38 5 4
38 6 0
38 7 0
38 8 0
38 9 3
38 17 6
38 18 0
38 19 0
38 20 0
38 21 0
38 22 0
38 23 0
38 24 3
38 31 4
38 32 0
38 33 0
38 34 0
38 35 0
38 36 0
38 37 0
38 38 0
38 39 0
38 40 0
38 41 0
38 42 0
38 43 0
38 44 2
38 45 2
38 46 3
38 54 12
38 55 0
38 56 0
38 57 0
38 58 0
38 59 0
38 60 1
39 5 4
39 6 0
39 7 0
39 8 0
39 9 1
39 16 6
39 17 0
39 18 0
39 19 0
39 20 0
39 21 0
39 22 0
39 23 0
39 24 0
39 25 3
39 31 4
39 32 0
39 33 0
39 34 0
39 35 0
39 36 0
39 37 0
39 38 0
39 39 0
39 40 0
39 41 0
39 42 0
39 43 0
39 44 0
39 45 0
39 46 0
39 47 2
39 48 2
39 49 3
39 55 4
39 56 0
39 57 0
39 58 0
39 59 0
39 60 1
40 5 12
40 6 0
40 7 0
40 8 0
40 9 1
40 15 6
40 16 0
40 17 0
40 18 0
40 19 0
40 20 0
40 21 0
40 22 0
40 23 0
40 24 0
40 25 1
40 31 12
40 32 0
40 33 0
40 34 0
40 35 0
40 36 0
40 37 0
40 38 0
40 39 0
40 40 0
40 41 0
40 42 0
40 43 0
40 44 0
40 45 0
40 46 0
40 47 0
40 48 0
40 49 1
40 55 12
40 56 0
40 57 0
40 58 0
40 59 8
40 60 9
41 6 12
41 7 8
41 8 0
41 9 0
41 10 2
41 11 2
41 12 2
41 13 2
41 14 2
41 15 0
41 16 0
41 17 0
41 18 0
41 19 0
41 20 0
41 21 0
41 22 0
41 23 0
41 24 0
41 25 1
41 32 12
41 33 8
41 34 8
41 35 8
41 36 0
41 37 0
41 38 0
41 39 0
41 40 0
41 41 0
41 42 0
41 43 0
41 44 0
41 45 0
41 46 0
41 47 0
41 48 0
41 49 1
41 56 4
41 57 0
41 58 1
42 8 12
42 9 8
42 10 8
42 11 8
42 12 8
42 13 0
42 14 0
42 15 0
42 16 0
42 17 0
42 18 0
42 19 0
42 20 0
42 21 0
42 22 0
42 23 0
42 24 0
42 25 1
42 36 12
42 37 0
42 38 0
42 39 0
42 40 0
42 41 0
42 42 0
42 43 0
42 44 0
42 45 0
42 46 0
42 47 0
42 48 0
42 49 1
42 56 4
42 57 0
42 58 1
43 13 4
43 14 0
43 15 0
43 16 0
43 17 0
43 18 0
43 19 0
43 20 0
43 21 0
43 22 0
43 23 0
43 24 0
43 25 1
43 37 4
43 38 0
43 39 0
43 40 0
43 41 0
43 42 0
43 43 0
43 44 0
43 45 0
43 46 0
43 47 0
43 48 0
43 49 1
43 56 4
43 57 0
43 58 0
43 59 3
44 13 4
44 14 0
44 15 0
44 16 0
44 17 0
44 18 0
44 19 0
44 20 0
44 21 0
44 22 0
44 23 0
44 24 0
44 25 1
44 36 6
44 37 0
44 38 0
44 39 0
44 40 0
44 41 0
44 42 0
44 43 0
44 44 0
44 45 0
44 46 0
44 47 0
44 48 0
44 49 0
44 50 3
44 56 4
44 57 0
44 58 0
44 59 0
44 60 3
45 8 6
45 9 2
45 10 2
45 11 2
45 12 2
45 13 0
45 14 0
45 15 0
45 16 0
45 17 0
45 18 0
45 19 0
45 20 0
45 21 0
45 22 0
45 23 0
45 24 0
45 25 9
45 35 6
45 36 0
45 37 0
45 38 0
45 39 0
45 40 0
45 41 0
45 42 0
45 43 0
45 44 0
45 45 8
45 46 8
45 47 0
45 48 0
45 49 0
45 50 0
45 51 2
45 52 3
45 55 6
45 56 0
45 57 0
45 58 0
45 59 0
45 60 1
46 8 4
46 9 0
46 10 0
46 11 0
46 12 0
46 13 0
46 14 0
46 15 0
46 16 0
46 17 0
46 18 0
46 19 0
46 20 0
46 21 0
46 22 0
46 23 0
46 24 9
46 33 6
46 34 2
46 35 0
46 36 0
46 37 0
46 38 0
46 39 0
46 40 0
46 41 0
46 42 0
46 43 0
46 44 9
46 47 12
46 48 0
46 49 0
46 50 0
46 51 0
46 52 0
46 53 2
46 54 2
46 55 0
46 56 0
46 57 0
46 58 0
46 59 0
46 60 1
47 7 6
47 8 0
47 9 0
47 10 0
47 11 0
47 12 0
47 13 0
47 14 0
47 15 0
47 16 0
47 17 0
47 18 0
47 19 0
47 20 0
47 21 0
47 22 0
47 23 9
47 31 6
47 32 2
47 33 0
47 34 0
47 35 0
47 36 0
47 37 0
47 38 0
47 39 0
47 40 0
47 41 0
47 42 0
47 43 1
47 48 4
47 49 0
47 50 0
47 51 0
47 52 0
47 53 0
47 54 0
47 55 0
47 56 0
47 57 0
47 58 0
47 59 0
47 60 1
48 7 4
48 8 0
48 9 0
48 10 0
48 11 0
48 12 0
48 13 0
48 14 0
48 15 0
48 16 0
48 17 0
48 18 0
48 19 0
48 20 0
48 21 0
48 22 9
48 30 6
48 31 0
48 32 0
48 33 0
48 34 0
48 35 0
48 36 0
48 37 0
48 38 0
48 39 0
48 40 0
48 41 0
48 42 0
48 43 1
48 47 6
48 48 0
48 49 0
48 50 0
48 51 0
48 52 0
48 53 0
48 54 0
48 55 0
48 56 0
48 57 0
48 58 0
48 59 0
48 60 1
49 7 4
49 8 0
49 9 0
49 10 0
49 11 0
49 12 0
49 13 0
49 14 0
49 15 0
49 16 0
49 17 0
49 18 0
49 19 0
49 20 8
49 21 9
49 30 4
49 31 0
49 32 0
49 33 0
49 34 0
49 35 0
49 36 0
49 37 0
49 38 0
49 39 0
49 40 0
49 41 0
49 42 0
49 43 0
49 44 3
49 46 6
49 47 0
49 48 0
49 49 0
49 50 0
49 51 0
49 52 0
49 53 0
49 54 0
49 55 0
49 56 0
49 57 0
49 58 0
49 59 0
49 60 9
50 7 4
50 8 0
50 9 0
50 10 0
50 11 0
50 12 0
50 13 0
50 14 0
50 15 0
50 16 0
50 17 0
50 18 0
50 19 1
50 30 4
50 31 0
50 32 0
50 33 0
50 34 0
50 35 0
50 36 0
50 37 0
50 38 0
50 39 0
50 40 0
50 41 0
50 42 0
50 43 0
50 44 1
50 46 4
50 47 0
50 48 0
50 49 0
50 50 0
50 51 0
50 52 0
50 53 0
50 54 0
50 55 0
50 56 0
50 57 0
50 58 8
50 59 9
51 7 12
51 8 0
51 9 0
51 10 0
51 11 0
51 12 0
51 13 0
51 14 0
51 15 0
51 16 0
51 17 0
51 18 0
51 19 9
51 30 12
51 31 0
51 32 0
51 33 0
51 34 0
51 35 0
51 36 0
51 37 0
51 38 0
51 39 0
51 40 0
51 41 0
51 42 8
51 43 8
51 44 9
51 46 12
51 47 0
51 48 0
51 49 0
51 50 0
51 51 0
51 52 0
51 53 0
51 54 0
51 55 0
51 56 0
51 57 0
51 58 2
51 59 2
51 60 2
51 61 2
51 62 2
51 63 2
52 8 12
52 9 8
52 10 8
52 11 8
52 12 8
52 13 8
52 14 8
52 15 8
52 16 8
52 17 8
52 18 9
52 31 4
52 32 0
52 33 0
52 34 0
52 35 0
52 36 0
52 37 0
52 38 0
52 39 0
52 40 0
52 41 9
52 47 12
52 48 0
52 49 0
52 50 0
52 51 0
52 52 0
52 53 0
52 54 0
52 55 0
52 56 0
52 57 0
52 58 8
52 59 8
52 60 8
52 61 8
52 62 8
52 63 8
53 31 12
53 32 0
53 33 0
53 34 0
53 35 0
53 36 0
53 37 0
53 38 0
53 39 0
53 40 9
53 48 4
53 49 0
53 50 0
53 51 0
53 52 0
53 53 8
53 54 8
53 55 0
53 56 0
53 57 0
53 58 3
54 32 12
54 33 0
54 34 0
54 35 0
54 36 0
54 37 0
54 38 0
54 39 9
54 48 12
54 49 8
54 50 0
54 51 0
54 52 9
54 55 12
54 56 0
54 57 0
54 58 9
55 33 12
55 34 0
55 35 0
55 36 0
55 37 0
55 38 1
55 50 12
55 51 9
55 56 12
55 57 9
56 34 12
56 35 8
56 36 0
56 37 8
56 38 9
57 36 13
