15
0 4 4
0 5 0
0 6 0
0 7 0
0 8 0
0 9 0
0 10 0
0 11 1
1 2 6
1 3 2
1 4 0
1 5 0
1 6 0
1 7 0
1 8 0
1 9 0
1 10 0
1 11 1
2 1 6
2 2 0
2 3 0
2 4 0
2 5 0
2 6 0
2 7 0
2 8 0
2 9 0
2 10 0
2 11 0
2 12 11
2 35 6
2 36 2
2 37 2
2 38 2
2 39 2
2 40 2
2 41 3
3 1 4
3 2 0
3 3 0
3 4 0
3 5 0
3 6 0
3 7 0
3 8 0
3 9 0
3 10 0
3 11 9
3 35 4
3 36 0
3 37 0
3 38 0
3 39 0
3 40 0
3 41 0
3 42 3
4 1 4
4 2 0
4 3 0
4 4 0
4 5 0
4 6 0
4 7 0
4 8 0
4 9 0
4 10 1
4 34 6
4 35 0
4 36 0
4 37 0
4 38 0
4 39 0
4 40 0
4 41 0
4 42 0
4 43 3
5 1 4
5 2 0
5 3 0
5 4 0
5 5 0
5 6 0
5 7 0
5 8 0
5 9 0
5 10 1
5 34 4
5 35 0
5 36 0
5 37 0
5 38 0
5 39 0
5 40 0
5 41 0
5 42 0
5 43 0
5 44 2
5 45 2
5 46 3
6 1 4
6 2 0
6 3 0
6 4 0
6 5 0
6 6 0
6 7 0
6 8 0
6 9 0
6 10 0
6 11 3
6 33 6
6 34 0
6 35 0
6 36 0
6 37 0
6 38 0
6 39 0
6 40 0
6 41 0
6 42 0
6 43 0
6 44 0
6 45 0
6 46 0
6 47 3
7 1 4
7 2 0
7 3 0
7 4 0
7 5 0
7 6 0
7 7 0
7 8 0
7 9 0
7 10 0
7 11 0
7 12 3
7 33 4
7 34 0
7 35 0
7 36 0
7 37 0
7 38 0
7 39 0
7 40 0
7 41 0
7 42 0
7 43 0
7 44 0
7 45 0
7 46 0
7 47 0
7 48 3
8 0 2
8 1 0
8 2 0
8 3 0
8 4 0
8 5 0
8 6 0
8 7 0
8 8 0
8 9 0
8 10 0
8 11 0
8 12 1
8 33 12
8 34 0
8 35 0
8 36 0
8 37 0
8 38 0
8 39 0
8 40 0
8 41 0
8 42 0
8 43 0
8 44 0
8 45 0
8 46 0
8 47 0
8 48 0
8 49 3
9 0 0
9 1 0
9 2 0
9 3 0
9 4 0
9 5 0
9 6 0
9 7 0
9 8 0
9 9 0
9 10 0
9 11 0
9 12 1
9 34 12
9 35 0
9 36 0
9 37 0
9 38 0
9 39 0
9 40 0
9 41 0
9 42 0
9 43 0
9 44 0
9 45 0
9 46 0
9 47 0
9 48 0
9 49 0
9 50 2
9 51 3
10 0 0
10 1 0
10 2 0
10 3 0
10 4 0
10 5 0
10 6 0
10 7 0
10 8 0
10 9 0
10 10 0
10 11 8
10 12 9
10 35 4
10 36 0
10 37 0
10 38 0
10 39 0
10 40 0
10 41 0
10 42 0
10 43 0
10 44 0
10 45 0
10 46 0
10 47 0
10 48 0
10 49 0
10 50 0
10 51 1
11 0 8
11 1 8
11 2 8
11 3 0
11 4 8
11 5 0
11 6 0
11 7 0
11 8 0
11 9 0
11 10 9
11 35 4
11 36 0
11 37 0
11 38 0
11 39 0
11 40 0
11 41 0
11 42 0
11 43 0
11 44 0
11 45 0
11 46 0
11 47 0
11 48 0
11 49 0
11 50 0
11 51 0
11 52 3
12 3 13
12 5 12
12 6 8
12 7 0
12 8 8
12 9 9
12 34 6
12 35 0
12 36 0
12 37 0
12 38 0
12 39 0
12 40 0
12 41 0
12 42 0
12 43 0
12 44 0
12 45 0
12 46 0
12 47 0
12 48 0
12 49 0
12 50 0
12 51 0
12 52 0
12 53 3
13 7 13
13 33 6
13 34 0
13 35 0
13 36 0
13 37 0
13 38 0
13 39 0
13 40 0
13 41 0
13 42 0
13 43 0
13 44 0
13 45 0
13 46 0
13 47 0
13 48 0
13 49 0
13 50 0
13 51 0
13 52 0
13 53 9
14 30 6
14 31 2
14 32 2
14 33 0
14 34 0
14 35 0
14 36 0
14 37 0
14 38 0
14 39 0
14 40 0
14 41 0
14 42 0
14 43 0
14 44 0
14 45 0
14 46 0
14 47 0
14 48 0
14 49 0
14 50 0
14 51 0
14 52 1
15 28 6
15 29 2
15 30 0
15 31 0
15 32 0
15 33 0
15 34 0
15 35 0
15 36 0
15 37 0
15 38 0
15 39 0
15 40 0
15 41 0
15 42 0
15 43 0
15 44 0
15 45 0
15 46 0
15 47 0
15 48 0
15 49 0
15 50 0
15 51 0
15 52 1
16 27 6
16 28 0
16 29 0
16 30 0
16 31 0
16 32 0
16 33 0
16 34 0
16 35 0
16 36 0
16 37 0
16 38 0
16 39 0
16 40 0
16 41 0
16 42 0
16 43 0
16 44 0
16 45 0
16 46 0
16 47 0
16 48 0
16 49 0
16 50 0
16 51 0
16 52 9
17 26 6
17 27 0
17 28 0
17 29 0
17 30 0
17 31 0
17 32 0
17 33 8
17 34 8
17 35 8
17 36 8
17 37 8
17 38 0
17 39 0
17 40 0
17 41 0
17 42 0
17 43 0
17 44 8
17 45 8
17 46 8
17 47 8
17 48 8
17 49 0
17 50 0
17 51 9
18 25 6
18 26 0
18 27 0
18 28 0
18 29 0
18 30 0
18 31 0
18 32 1
18 34 6
18 35 2
18 36 3
18 38 4
18 39 0
18 40 0
18 41 0
18 42 0
18 43 1
18 45 6
18 46 2
18 47 3
18 49 4
18 50 9
19 23 6
19 24 2
19 25 0
19 26 0
19 27 0
19 28 0
19 29 0
19 30 0
19 31 8
19 32 9
19 33 6
19 34 0
19 35 0
19 36 0
19 37 3
19 38 12
19 39 8
19 40 0
19 41 0
19 42 8
19 43 9
19 44 6
19 45 0
19 46 0
19 47 0
19 48 3
19 49 5
20 22 6
20 23 0
20 24 0
20 25 0
20 26 0
20 27 0
20 28 0
20 29 0
20 30 1
20 32 7
20 33 4
20 34 0
20 35 0
20 36 0
20 37 1
20 38 6
20 39 2
20 40 0
20 41 0
20 42 2
20 43 3
20 44 4
20 45 0
20 46 0
20 47 0
20 48 1
20 49 4
20 50 3
21 22 4
21 23 0
21 24 0
21 25 0
21 26 0
21 27 0
21 28 0
21 29 0
21 30 1
21 31 6
21 32 1
21 33 12
21 34 0
21 35 0
21 36 0
21 37 9
21 38 4
21 39 0
21 40 0
21 41 0
21 42 0
21 43 1
21 44 12
21 45 0
21 46 0
21 47 0
21 48 9
21 49 4
21 50 0
21 51 3
22 22 4
22 23 0
22 24 0
22 25 0
22 26 0
22 27 0
22 28 0
22 29 0
22 30 1
22 31 4
22 32 1
22 34 12
22 35 0
22 36 9
22 38 4
22 39 0
22 40 0
22 41 0
22 42 0
22 43 1
22 45 12
22 46 0
22 47 9
22 49 4
22 50 0
22 51 1
23 22 4
23 23 0
23 24 0
23 25 0
23 26 0
23 27 0
23 28 0
23 29 0
23 30 1
23 31 4
23 32 0
23 33 2
23 34 2
23 35 0
23 36 2
23 37 2
23 38 0
23 39 0
23 40 0
23 41 8
23 42 8
23 43 8
23 44 10
23 45 10
23 46 0
23 47 3
23 48 6
23 49 0
23 50 0
23 51 1
24 22 4
24 23 0
24 24 0
24 25 0
24 26 0
24 27 0
24 28 0
24 29 0
24 30 1
24 31 4
24 32 0
24 33 8
24 34 8
24 35 8
24 36 8
24 37 0
24 38 0
24 39 0
24 40 1
24 42 6
24 43 2
24 44 3
24 46 4
24 47 1
24 48 4
24 49 0
24 50 0
24 51 0
24 52 3
25 21 6
25 22 0
25 23 0
25 24 0
25 25 0
25 26 0
25 27 0
25 28 0
25 29 0
25 30 1
25 31 4
25 32 1
25 34 6
25 35 3
25 37 4
25 38 0
25 39 0
25 40 0
25 41 2
25 42 0
25 43 0
25 44 0
25 45 3
25 46 4
25 47 1
25 48 4
25 49 0
25 50 0
25 51 0
25 52 1
26 20 6
26 21 0
26 22 0
26 23 0
26 24 0
26 25 0
26 26 0
26 27 0
26 28 0
26 29 0
26 30 1
26 31 4
26 32 1
26 33 6
26 34 0
26 35 0
26 36 3
26 37 4
26 38 0
26 39 0
26 40 9
26 41 4
26 42 0
26 43 0
26 44 0
26 45 9
26 46 4
26 47 1
26 48 4
26 49 0
26 50 0
26 51 0
26 52 0
26 53 11
27 19 6
27 20 0
27 21 0
27 22 0
27 23 0
27 24 0
27 25 0
27 26 0
27 27 0
27 28 0
27 29 0
27 30 1
27 31 4
27 32 1
27 33 4
27 34 0
27 35 0
27 36 0
27 37 0
27 38 0
27 39 1
27 41 4
27 42 0
27 43 0
27 44 9
27 46 4
27 47 1
27 48 4
27 49 0
27 50 0
27 51 0
27 52 1
28 19 4
28 20 0
28 21 0
28 22 0
28 23 0
28 24 0
28 25 0
28 26 0
28 27 0
28 28 0
28 29 0
28 30 1
28 31 4
28 32 1
28 33 4
28 34 0
28 35 0
28 36 1
28 37 4
28 38 0
28 39 1
28 40 6
28 41 0
28 42 0
28 43 1
28 45 6
28 46 0
28 47 1
28 48 4
28 49 0
28 50 0
28 51 0
28 52 1
29 19 4
29 20 0
29 21 0
29 22 0
29 23 0
29 24 0
29 25 0
29 26 0
29 27 0
29 28 0
29 29 0
29 30 1
29 31 4
29 32 1
29 33 4
29 34 0
29 35 0
29 36 1
29 37 4
29 38 0
29 39 1
29 40 4
29 41 0
29 42 0
29 43 1
29 44 6
29 45 0
29 46 0
29 47 9
29 48 4
29 49 0
29 50 0
29 51 0
29 52 0
29 53 3
30 19 4
30 20 0
30 21 0
30 22 0
30 23 0
30 24 0
30 25 0
30 26 0
30 27 0
30 28 0
30 29 0
30 30 1
30 31 4
30 32 1
30 33 4
30 34 0
30 35 0
30 36 1
30 37 4
30 38 0
30 39 1
30 40 12
30 41 0
30 42 0
30 43 1
30 44 4
30 45 0
30 46 1
30 48 4
30 49 0
30 50 0
30 51 0
30 52 0
30 53 1
31 18 6
31 19 0
31 20 0
31 21 0
31 22 0
31 23 0
31 24 0
31 25 0
31 26 0
31 27 0
31 28 0
31 29 0
31 30 1
31 31 4
31 32 1
31 33 12
31 34 0
31 35 0
31 36 9
31 37 4
31 38 0
31 39 1
31 41 4
31 42 0
31 43 1
31 44 4
31 45 0
31 46 1
31 47 6
31 48 0
31 49 0
31 50 0
31 51 0
31 52 0
31 53 1
32 17 6
32 18 0
32 19 0
32 20 0
32 21 0
32 22 0
32 23 0
32 24 0
32 25 0
32 26 0
32 27 0
32 28 0
32 29 0
32 30 1
32 31 4
32 32 1
32 34 12
32 35 9
32 37 4
32 38 0
32 39 0
32 40 3
32 41 4
32 42 0
32 43 1
32 44 4
32 45 0
32 46 1
32 47 4
32 48 0
32 49 0
32 50 0
32 51 0
32 52 0
32 53 0
32 54 3
33 17 4
33 18 0
33 19 0
33 20 0
33 21 8
33 22 8
33 23 8
33 24 8
33 25 8
33 26 8
33 27 8
33 28 8
33 29 8
33 30 9
33 31 4
33 32 0
33 33 2
33 34 2
33 35 2
33 36 2
33 37 0
33 38 0
33 39 0
33 40 1
33 41 12
33 42 0
33 43 9
33 44 4
33 45 0
33 46 1
33 47 4
33 48 0
33 49 0
33 50 0
33 51 0
33 52 0
33 53 0
33 54 0
33 55 3
34 16 6
34 17 0
34 18 0
34 19 0
34 20 1
34 22 6
34 23 2
34 24 2
34 25 2
34 26 2
34 27 2
34 28 2
34 29 2
34 30 2
34 31 0
34 32 0
34 33 0
34 34 0
34 35 0
34 36 0
34 37 0
34 38 0
34 39 0
34 40 1
34 42 13
34 44 4
34 45 0
34 46 1
34 47 4
34 48 0
34 49 0
34 50 0
34 51 0
34 52 0
34 53 0
34 54 0
34 55 0
34 56 2
34 57 2
34 58 2
34 59 2
34 60 3
35 15 6
35 16 0
35 17 0
35 18 0
35 19 0
35 20 1
35 21 6
35 22 0
35 23 8
35 24 8
35 25 8
35 26 8
35 27 8
35 28 8
35 29 0
35 30 0
35 31 0
35 32 0
35 33 8
35 34 8
35 35 8
35 36 8
35 37 8
35 38 8
35 39 8
35 40 0
35 41 2
35 42 2
35 43 2
35 44 0
35 45 0
35 46 1
35 47 4
35 48 0
35 49 0
35 50 0
35 51 0
35 52 0
35 53 0
35 54 0
35 55 0
35 56 0
35 57 0
35 58 0
35 59 0
35 60 1
36 14 6
36 15 0
36 16 0
36 17 0
36 18 0
36 19 0
36 20 1
36 21 4
36 22 1
36 24 6
36 25 2
36 26 2
36 27 3
36 29 12
36 30 0
36 31 0
36 32 1
36 34 6
36 35 2
36 36 2
36 37 2
36 38 3
36 40 4
36 41 0
36 42 0
36 43 0
36 44 0
36 45 0
36 46 1
36 47 4
36 48 0
36 49 0
36 50 0
36 51 0
36 52 0
36 53 0
36 54 0
36 55 0
36 56 0
36 57 0
36 58 0
36 59 0
36 60 1
37 13 6
37 14 0
37 15 0
37 16 8
37 17 8
37 18 8
37 19 8
37 20 9
37 21 4
37 22 1
37 23 6
37 24 0
37 25 0
37 26 0
37 27 0
37 28 3
37 30 4
37 31 0
37 32 1
37 33 6
37 34 0
37 35 0
37 36 0
37 37 0
37 38 0
37 39 3
37 40 4
37 41 0
37 42 0
37 43 0
37 44 0
37 45 0
37 46 9
37 47 4
37 48 0
37 49 0
37 50 0
37 51 0
37 52 0
37 53 0
37 54 0
37 55 0
37 56 8
37 57 0
37 58 0
37 59 8
37 60 9
38 10 6
38 11 2
38 12 2
38 13 0
38 14 0
38 15 1
38 17 6
38 18 2
38 19 2
38 20 2
38 21 0
38 22 1
38 23 4
38 24 0
38 25 0
38 26 0
38 27 0
38 28 0
38 29 3
38 30 4
38 31 0
38 32 1
38 33 4
38 34 0
38 35 0
38 36 0
38 37 0
38 38 0
38 39 1
38 40 4
38 41 0
38 42 0
38 43 8
38 44 8
38 45 9
38 47 4
38 48 0
38 49 0
38 50 0
38 51 0
38 52 0
38 53 0
38 54 0
38 55 1
38 57 4
38 58 1
39 10 4
39 11 0
39 12 0
39 13 0
39 14 8
39 15 9
39 16 14
39 17 8
39 18 8
39 19 0
39 20 0
39 21 0
39 22 9
39 23 4
39 24 0
39 25 0
39 26 0
39 27 0
39 28 0
39 29 0
39 30 0
39 31 0
39 32 0
39 33 0
39 34 0
39 35 0
39 36 0
39 37 0
39 38 0
39 39 1
39 40 4
39 41 0
39 42 1
39 43 6
39 44 2
39 45 2
39 46 2
39 47 0
39 48 0
39 49 0
39 50 0
39 51 0
39 52 0
39 53 0
39 54 0
39 55 9
39 57 4
39 58 1
40 10 4
40 11 0
40 12 0
40 13 1
40 15 6
40 16 2
40 17 3
40 19 4
40 20 0
40 21 1
40 23 4
40 24 0
40 25 0
40 26 0
40 27 0
40 28 0
40 29 9
40 30 4
40 31 0
40 32 1
40 33 4
40 34 0
40 35 0
40 36 0
40 37 0
40 38 0
40 39 1
40 40 4
40 41 0
40 42 1
40 43 4
40 44 0
40 45 0
40 46 0
40 47 0
40 48 0
40 49 0
40 50 0
40 51 0
40 52 0
40 53 0
40 54 1
40 57 4
40 58 1
41 10 4
41 11 0
41 12 0
41 13 1
41 14 6
41 15 0
41 16 0
41 17 0
41 18 3
41 19 4
41 20 0
41 21 1
41 22 6
41 23 0
41 24 0
41 25 0
41 26 0
41 27 0
41 28 9
41 30 4
41 31 0
41 32 1
41 33 12
41 34 0
41 35 0
41 36 0
41 37 0
41 38 0
41 39 9
41 40 4
41 41 0
41 42 1
41 43 4
41 44 0
41 45 0
41 46 0
41 47 0
41 48 0
41 49 0
41 50 0
41 51 0
41 52 0
41 53 0
41 54 9
41 57 4
41 58 1
42 9 6
42 10 0
42 11 0
42 12 0
42 13 1
42 14 4
42 15 0
42 16 0
42 17 0
42 18 0
42 19 0
42 20 0
42 21 1
42 22 12
42 23 8
42 24 8
42 25 8
42 26 8
42 27 9
42 29 6
42 30 0
42 31 0
42 32 1
42 34 12
42 35 8
42 36 8
42 37 8
42 38 9
42 40 4
42 41 0
42 42 1
42 43 4
42 44 0
42 45 0
42 46 0
42 47 0
42 48 0
42 49 0
42 50 0
42 51 0
42 52 0
42 53 9
42 57 4
42 58 1
43 9 4
43 10 0
43 11 0
43 12 0
43 13 1
43 14 12
43 15 0
43 16 0
43 17 0
43 18 9
43 19 4
43 20 0
43 21 0
43 22 2
43 23 2
43 24 2
43 25 2
43 26 2
43 27 2
43 28 2
43 29 0
43 30 0
43 31 0
43 32 0
43 33 2
43 34 2
43 35 2
43 36 2
43 37 2
43 38 2
43 39 2
43 40 0
43 41 0
43 42 1
43 43 4
43 44 0
43 45 0
43 46 0
43 47 0
43 48 0
43 49 0
43 50 0
43 51 0
43 52 1
43 57 4
43 58 1
44 9 4
44 10 0
44 11 0
44 12 0
44 13 1
44 15 12
44 16 8
44 17 9
44 19 4
44 20 0
44 21 0
44 22 0
44 23 0
44 24 0
44 25 0
44 26 0
44 27 0
44 28 0
44 29 0
44 30 0
44 31 0
44 32 0
44 33 0
44 34 0
44 35 0
44 36 0
44 37 0
44 38 0
44 39 0
44 40 0
44 41 0
44 42 0
44 43 0
44 44 0
44 45 0
44 46 0
44 47 0
44 48 0
44 49 0
44 50 0
44 51 0
44 52 1
44 57 4
44 58 1
45 8 6
45 9 0
45 10 0
45 11 0
45 12 0
45 13 0
45 14 2
45 15 3
45 16 6
45 17 2
45 18 2
45 19 0
45 20 0
45 21 0
45 22 0
45 23 0
45 24 0
45 25 0
45 26 0
45 27 0
45 28 0
45 29 0
45 30 8
45 31 0
45 32 8
45 33 8
45 34 0
45 35 0
45 36 8
45 37 0
45 38 8
45 39 0
45 40 0
45 41 0
45 42 0
45 43 0
45 44 0
45 45 0
45 46 0
45 47 0
45 48 0
45 49 0
45 50 8
45 51 8
45 52 9
45 57 4
45 58 1
46 7 6
46 8 0
46 9 0
46 10 0
46 11 0
46 12 0
46 13 0
46 14 0
46 15 1
46 16 4
46 17 0
46 18 0
46 19 0
46 20 0
46 21 0
46 22 8
46 23 0
46 24 8
46 25 8
46 26 0
46 27 0
46 28 0
46 29 1
46 31 4
46 32 3
46 34 4
46 35 1
46 37 5
46 39 12
46 40 8
46 41 0
46 42 1
46 43 4
46 44 0
46 45 0
46 46 0
46 47 0
46 48 0
46 49 9
46 57 4
46 58 1
47 6 6
47 7 0
47 8 0
47 9 0
47 10 0
47 11 0
47 12 0
47 13 0
47 14 0
47 15 0
47 16 0
47 17 0
47 18 0
47 19 0
47 20 0
47 21 9
47 23 4
47 24 3
47 26 12
47 27 8
47 28 0
47 29 1
47 30 6
47 31 0
47 32 0
47 33 3
47 34 4
47 35 1
47 36 6
47 37 0
47 38 2
47 39 3
47 41 4
47 42 1
47 43 4
47 44 0
47 45 0
47 46 0
47 47 0
47 48 9
47 57 4
47 58 1
48 2 6
48 3 2
48 4 2
48 5 2
48 6 0
48 7 0
48 8 0
48 9 0
48 10 0
48 11 0
48 12 0
48 13 0
48 14 0
48 15 0
48 16 0
48 17 0
48 18 0
48 19 0
48 20 1
48 22 6
48 23 0
48 24 0
48 25 2
48 26 3
48 28 4
48 29 1
48 30 4
48 31 0
48 32 0
48 33 1
48 34 4
48 35 1
48 36 4
48 37 0
48 38 0
48 39 0
48 40 3
48 41 4
48 42 1
48 43 4
48 44 0
48 45 0
48 46 0
48 47 1
48 57 4
48 58 1
49 2 4
49 3 0
49 4 0
49 5 0
49 6 0
49 7 0
49 8 0
49 9 0
49 10 0
49 11 0
49 12 0
49 13 0
49 14 0
49 15 1
49 16 4
49 17 0
49 18 0
49 19 0
49 20 1
49 21 6
49 22 0
49 23 0
49 24 0
49 25 0
49 26 0
49 27 3
49 28 4
49 29 1
49 30 4
49 31 0
49 32 0
49 33 1
49 34 4
49 35 1
49 36 4
49 37 0
49 38 0
49 39 0
49 40 9
49 41 4
49 42 1
49 43 4
49 44 0
49 45 0
49 46 0
49 47 1
49 57 4
49 58 1
50 2 12
50 3 0
50 4 0
50 5 0
50 6 0
50 7 0
50 8 0
50 9 0
50 10 0
50 11 0
50 12 0
50 13 0
50 14 8
50 15 9
50 16 12
50 17 8
50 18 8
50 19 0
50 20 1
50 21 12
50 22 0
50 23 0
50 24 0
50 25 0
50 26 0
50 27 9
50 28 4
50 29 1
50 30 12
50 31 0
50 32 0
50 33 9
50 34 4
50 35 1
50 36 12
50 37 0
50 38 8
50 39 9
50 41 4
50 42 1
50 43 4
50 44 0
50 45 0
50 46 0
50 47 0
50 48 2
50 49 3
50 57 4
50 58 1
51 0 2
51 1 2
51 2 2
51 3 0
51 4 0
51 5 0
51 6 0
51 7 0
51 8 0
51 9 0
51 10 0
51 11 0
51 12 0
51 13 1
51 15 6
51 16 2
51 17 3
51 19 4
51 20 1
51 22 12
51 23 8
51 24 8
51 25 8
51 26 9
51 28 4
51 29 1
51 31 12
51 32 9
51 34 4
51 35 1
51 37 13
51 39 6
51 40 2
51 41 0
51 42 1
51 43 4
51 44 0
51 45 0
51 46 0
51 47 0
51 48 0
51 49 1
51 57 4
51 58 1
52 0 8
52 1 8
52 2 8
52 3 0
52 4 0
52 5 0
52 6 0
52 7 0
52 8 0
52 9 0
52 10 0
52 11 0
52 12 0
52 13 1
52 14 6
52 15 0
52 16 0
52 17 0
52 18 3
52 19 4
52 20 0
52 21 2
52 22 2
52 23 2
52 24 2
52 25 2
52 26 2
52 27 2
52 28 0
52 29 0
52 30 2
52 31 2
52 32 2
52 33 2
52 34 0
52 35 0
52 36 2
52 37 2
52 38 2
52 39 0
52 40 0
52 41 0
52 42 9
52 43 4
52 44 0
52 45 0
52 46 0
52 47 0
52 48 0
52 49 1
52 57 4
52 58 1
53 1 14
53 2 2
53 3 0
53 4 0
53 5 0
53 6 0
53 7 0
53 8 8
53 9 8
53 10 8
53 11 0
53 12 0
53 13 1
53 14 4
53 15 0
53 16 0
53 17 0
53 18 0
53 19 0
53 20 0
53 21 0
53 22 0
53 23 0
53 24 0
53 25 0
53 26 0
53 27 0
53 28 0
53 29 0
53 30 0
53 31 0
53 32 0
53 33 0
53 34 0
53 35 0
53 36 0
53 37 0
53 38 0
53 39 0
53 40 0
53 41 9
53 43 4
53 44 0
53 45 0
53 46 0
53 47 0
53 48 0
53 49 1
53 57 4
53 58 1
54 2 4
54 3 0
54 4 0
54 5 0
54 6 0
54 7 1
54 11 12
54 12 0
54 13 1
54 14 12
54 15 0
54 16 0
54 17 0
54 18 9
54 19 12
54 20 8
54 21 8
54 22 8
54 23 8
54 24 8
54 25 8
54 26 8
54 27 8
54 28 8
54 29 8
54 30 8
54 31 8
54 32 8
54 33 8
54 34 8
54 35 8
54 36 8
54 37 8
54 38 8
54 39 8
54 40 9
54 42 6
54 43 0
54 44 0
54 45 0
54 46 0
54 47 0
54 48 0
54 49 1
54 57 4
54 58 1
55 1 6
55 2 0
55 3 0
55 4 0
55 5 0
55 6 0
55 7 9
55 12 4
55 13 1
55 15 12
55 16 8
55 17 9
55 19 6
55 20 2
55 21 2
55 22 2
55 23 2
55 24 2
55 25 2
55 26 2
55 27 2
55 28 2
55 29 2
55 30 2
55 31 2
55 32 2
55 33 2
55 34 2
55 35 2
55 36 2
55 37 2
55 38 2
55 39 2
55 40 2
55 41 2
55 42 0
55 43 0
55 44 0
55 45 0
55 46 0
55 47 0
55 48 8
55 49 9
55 57 12
55 58 9
56 1 4
56 2 0
56 3 0
56 4 0
56 5 8
56 6 9
56 11 6
56 12 0
56 13 0
56 14 2
56 15 2
56 16 2
56 17 2
56 18 2
56 19 0
56 20 0
56 21 0
56 22 0
56 23 0
56 24 0
56 25 0
56 26 0
56 27 0
56 28 0
56 29 0
56 30 0
56 31 0
56 32 0
56 33 0
56 34 0
56 35 0
56 36 0
56 37 0
56 38 0
56 39 0
56 40 0
56 41 0
56 42 0
56 43 0
56 44 0
56 45 0
56 46 0
56 47 1
57 1 12
57 2 0
57 3 8
57 4 9
57 11 4
57 12 0
57 13 0
57 14 0
57 15 0
57 16 8
57 17 8
57 18 8
57 19 8
57 20 8
57 21 8
57 22 8
57 23 8
57 24 8
57 25 8
57 26 8
57 27 0
57 28 0
57 29 0
57 30 0
57 31 0
57 32 0
57 33 0
57 34 0
57 35 0
57 36 0
57 37 0
57 38 0
57 39 0
57 40 0
57 41 0
57 42 0
57 43 0
57 44 0
57 45 0
57 46 0
57 47 9
58 2 13
58 11 4
58 12 0
58 13 0
58 14 0
58 15 1
58 27 12
58 28 8
58 29 8
58 30 8
58 31 0
58 32 0
58 33 0
58 34 0
58 35 0
58 36 8
58 37 8
58 38 8
58 39 8
58 40 8
58 41 8
58 42 8
58 43 8
58 44 0
58 45 0
58 46 1
59 11 12
59 12 8
59 13 8
59 14 8
59 15 9
59 31 12
59 32 0
59 33 0
59 34 0
59 35 9
59 44 12
59 45 0
59 46 1
60 32 12
60 33 8
60 34 9
60 45 12
60 46 9
