15
0 0 0
0 1 0
0 2 0
0 3 0
0 4 0
0 5 0
0 6 0
0 7 0
0 8 0
0 9 0
0 10 0
0 11 0
0 12 0
0 13 0
0 14 0
0 15 0
0 16 0
0 17 0
0 18 0
0 19 0
0 20 0
0 21 0
0 22 0
0 23 0
0 24 0
0 25 0
0 26 0
0 27 0
0 28 0
0 29 0
0 30 0
0 31 0
0 32 0
0 33 0
0 34 0
0 35 0
0 36 0
0 37 0
0 38 0
0 39 0
0 40 0
0 41 0
0 42 0
0 43 0
0 44 0
0 45 0
0 46 0
0 47 0
0 48 0
0 49 0
0 50 0
0 51 0
0 52 0
0 53 0
0 54 0
0 55 0
0 56 0
0 57 0
0 58 0
0 59 0
0 60 9
1 0 0
1 1 0
1 2 0
1 3 0
1 4 0
1 5 0
1 6 0
1 7 0
1 8 0
1 9 0
1 10 0
1 11 0
1 12 0
1 13 0
1 14 0
1 15 0
1 16 0
1 17 0
1 18 0
1 19 0
1 20 0
1 21 0
1 22 0
1 23 0
1 24 0
1 25 0
1 26 0
1 27 0
1 28 0
1 29 0
1 30 0
1 31 0
1 32 0
1 33 0
1 34 0
1 35 0
1 36 0
1 37 0
1 38 0
1 39 0
1 40 0
1 41 0
1 42 0
1 43 0
1 44 0
1 45 0
1 46 0
1 47 0
1 48 0
1 49 0
1 50 0
1 51 0
1 52 0
1 53 8
1 54 8
1 55 8
1 56 8
1 57 0
1 58 8
1 59 9
2 0 0
2 1 0
2 2 0
2 3 0
2 4 0
2 5 0
2 6 0
2 7 0
2 8 0
2 9 0
2 10 0
2 11 0
2 12 0
2 13 0
2 14 0
2 15 0
2 16 0
2 17 0
2 18 0
2 19 0
2 20 0
2 21 0
2 22 0
2 23 0
2 24 0
2 25 0
2 26 0
2 27 0
2 28 0
2 29 0
2 30 0
2 31 0
2 32 0
2 33 0
2 34 0
2 35 0
2 36 0
2 37 0
2 38 0
2 39 0
2 40 0
2 41 0
2 42 0
2 43 0
2 44 0
2 45 0
2 46 0
2 47 0
2 48 0
2 49 0
2 50 0
2 51 0
2 52 9
2 57 13
3 0 0
3 1 0
3 2 0
3 3 0
3 4 0
3 5 0
3 6 0
3 7 0
3 8 0
3 9 0
3 10 0
3 11 0
3 12 0
3 13 0
3 14 0
3 15 0
3 16 0
3 17 0
3 18 0
3 19 0
3 20 0
3 21 0
3 22 0
3 23 0
3 24 0
3 25 0
3 26 0
3 27 0
3 28 0
3 29 0
3 30 0
3 31 0
3 32 0
3 33 0
3 34 0
3 35 0
3 36 0
3 37 0
3 38 0
3 39 0
3 40 0
3 41 0
3 42 0
3 43 0
3 44 0
3 45 0
3 46 0
3 47 0
3 48 0
3 49 0
3 50 0
3 51 1
4 0 0
4 1 0
4 2 0
4 3 0
4 4 0
4 5 0
4 6 0
4 7 0
4 8 0
4 9 0
4 10 1
4 11 4
4 12 0
4 13 0
4 14 0
4 15 0
4 16 0
4 17 0
4 18 0
4 19 0
4 20 0
4 21 0
4 22 0
4 23 0
4 24 0
4 25 0
4 26 0
4 27 0
4 28 0
4 29 0
4 30 0
4 31 0
4 32 0
4 33 0
4 34 0
4 35 0
4 36 0
4 37 0
4 38 0
4 39 0
4 40 0
4 41 0
4 42 0
4 43 0
4 44 0
4 45 0
4 46 8
4 47 8
4 48 8
4 49 0
4 50 8
4 51 9
5 0 0
5 1 0
5 2 0
5 3 0
5 4 0
5 5 0
5 6 0
5 7 0
5 8 0
5 9 0
5 10 1
5 11 4
5 12 0
5 13 0
5 14 0
5 15 0
5 16 0
5 17 0
5 18 0
5 19 0
5 20 0
5 21 0
5 22 0
5 23 0
5 24 0
5 25 0
5 26 0
5 27 0
5 28 0
5 29 0
5 30 0
5 31 0
5 32 0
5 33 0
5 34 0
5 35 0
5 36 0
5 37 0
5 38 0
5 39 0
5 40 0
5 41 0
5 42 0
5 43 0
5 44 0
5 45 9
5 49 13
6 0 0
6 1 0
6 2 0
6 3 0
6 4 0
6 5 0
6 6 0
6 7 0
6 8 0
6 9 0
6 10 1
6 11 4
6 12 0
6 13 0
6 14 0
6 15 0
6 16 0
6 17 0
6 18 0
6 19 0
6 20 0
6 21 0
6 22 0
6 23 0
6 24 0
6 25 0
6 26 0
6 27 0
6 28 0
6 29 0
6 30 0
6 31 0
6 32 0
6 33 0
6 34 0
6 35 0
6 36 0
6 37 0
6 38 0
6 39 0
6 40 0
6 41 0
6 42 0
6 43 8
6 44 9
7 0 0
7 1 0
7 2 0
7 3 0
7 4 0
7 5 0
7 6 0
7 7 0
7 8 0
7 9 0
7 10 1
7 11 4
7 12 0
7 13 0
7 14 0
7 15 0
7 16 0
7 17 0
7 18 0
7 19 8
7 20 8
7 21 8
7 22 8
7 23 0
7 24 0
7 25 0
7 26 0
7 27 0
7 28 0
7 29 0
7 30 0
7 31 0
7 32 0
7 33 0
7 34 0
7 35 0
7 36 0
7 37 0
7 38 0
7 39 0
7 40 0
7 41 0
7 42 9
7 57 6
7 58 2
7 59 2
7 60 2
7 61 3
8 0 0
8 1 0
8 2 0
8 3 0
8 4 0
8 5 0
8 6 0
8 7 0
8 8 0
8 9 0
8 10 0
8 11 0
8 12 0
8 13 0
8 14 0
8 15 0
8 16 0
8 17 8
8 18 9
8 23 4
8 24 0
8 25 0
8 26 0
8 27 0
8 28 0
8 29 0
8 30 0
8 31 0
8 32 0
8 33 0
8 34 0
8 35 0
8 36 0
8 37 0
8 38 0
8 39 0
8 40 0
8 41 9
8 54 6
8 55 2
8 56 2
8 57 0
8 58 0
8 59 0
8 60 0
8 61 0
8 62 2
8 63 2
9 0 0
9 1 0
9 2 0
9 3 0
9 4 0
9 5 0
9 6 0
9 7 0
9 8 0
9 9 0
9 10 0
9 11 0
9 12 0
9 13 0
9 14 0
9 15 0
9 16 9
9 23 12
9 24 0
9 25 0
9 26 0
9 27 0
9 28 0
9 29 0
9 30 0
9 31 0
9 32 0
9 33 0
9 34 0
9 35 0
9 36 0
9 37 0
9 38 0
9 39 0
9 40 9
9 54 4
9 55 0
9 56 0
9 57 0
9 58 0
9 59 0
9 60 0
9 61 0
9 62 0
9 63 0
10 0 0
10 1 0
10 2 0
10 3 0
10 4 0
10 5 0
10 6 0
10 7 0
10 8 0
10 9 0
10 10 0
10 11 0
10 12 0
10 13 0
10 14 0
10 15 9
10 24 12
10 25 8
10 26 0
10 27 0
10 28 0
10 29 0
10 30 0
10 31 0
10 32 0
10 33 0
10 34 0
10 35 0
10 36 0
10 37 0
10 38 8
10 39 9
10 53 14
10 54 0
10 55 0
10 56 0
10 57 0
10 58 0
10 59 0
10 60 0
10 61 0
10 62 0
10 63 0
11 0 0
11 1 0
11 2 0
11 3 0
11 4 0
11 5 0
11 6 0
11 7 0
11 8 0
11 9 0
11 10 0
11 11 0
11 12 0
11 13 0
11 14 1
11 26 4
11 27 0
11 28 0
11 29 0
11 30 0
11 31 0
11 32 0
11 33 0
11 34 0
11 35 0
11 36 0
11 37 9
11 54 4
11 55 0
11 56 0
11 57 0
11 58 0
11 59 0
11 60 0
11 61 0
11 62 0
11 63 0
12 0 0
12 1 0
12 2 0
12 3 0
12 4 0
12 5 0
12 6 0
12 7 0
12 8 0
12 9 0
12 10 0
12 11 0
12 12 0
12 13 0
12 14 9
12 26 12
12 27 0
12 28 0
12 29 0
12 30 0
12 31 0
12 32 8
12 33 8
12 34 8
12 35 8
12 36 9
12 54 4
12 55 0
12 56 0
12 57 0
12 58 0
12 59 0
12 60 0
12 61 0
12 62 0
12 63 0
13 0 0
13 1 0
13 2 0
13 3 0
13 4 0
13 5 0
13 6 0
13 7 0
13 8 0
13 9 0
13 10 0
13 11 0
13 12 0
13 13 9
13 27 12
13 28 8
13 29 0
13 30 8
13 31 9
13 54 4
13 55 0
13 56 0
13 57 0
13 58 0
13 59 0
13 60 0
13 61 0
13 62 0
13 63 0
14 0 0
14 1 0
14 2 0
14 3 0
14 4 0
14 5 0
14 6 0
14 7 0
14 8 0
14 9 0
14 10 0
14 11 0
14 12 1
14 29 13
14 54 4
14 55 0
14 56 0
14 57 0
14 58 0
14 59 0
14 60 0
14 61 0
14 62 0
14 63 0
15 0 0
15 1 0
15 2 0
15 3 0
15 4 0
15 5 0
15 6 0
15 7 0
15 8 0
15 9 0
15 10 0
15 11 0
15 12 1
15 54 4
15 55 0
15 56 0
15 57 0
15 58 0
15 59 0
15 60 0
15 61 0
15 62 0
15 63 0
16 0 0
16 1 0
16 2 0
16 3 0
16 4 0
16 5 0
16 6 0
16 7 0
16 8 0
16 9 0
16 10 0
16 11 0
16 12 1
16 54 4
16 55 0
16 56 0
16 57 0
16 58 0
16 59 0
16 60 0
16 61 0
16 62 0
16 63 0
17 0 0
17 1 0
17 2 0
17 3 0
17 4 0
17 5 0
17 6 0
17 7 0
17 8 0
17 9 0
17 10 0
17 11 0
17 12 0
17 13 3
17 53 6
17 54 0
17 55 0
17 56 0
17 57 0
17 58 0
17 59 0
17 60 0
17 61 0
17 62 0
17 63 0
18 0 0
18 1 0
18 2 0
18 3 0
18 4 0
18 5 0
18 6 0
18 7 0
18 8 0
18 9 0
18 10 0
18 11 0
18 12 0
18 13 0
18 14 3
18 52 6
18 53 0
18 54 0
18 55 0
18 56 0
18 57 0
18 58 0
18 59 0
18 60 0
18 61 0
18 62 0
18 63 0
19 0 0
19 1 0
19 2 0
19 3 0
19 4 0
19 5 0
19 6 0
19 7 0
19 8 0
19 9 0
19 10 0
19 11 0
19 12 0
19 13 0
19 14 1
19 52 4
19 53 0
19 54 0
19 55 0
19 56 0
19 57 0
19 58 0
19 59 0
19 60 0
19 61 0
19 62 0
19 63 0
20 0 0
20 1 0
20 2 0
20 3 0
20 4 0
20 5 0
20 6 0
20 7 0
20 8 0
20 9 0
20 10 0
20 11 0
20 12 0
20 13 0
20 14 0
20 15 3
20 51 6
20 52 0
20 53 0
20 54 0
20 55 0
20 56 0
20 57 0
20 58 0
20 59 0
20 60 1
20 61 4
20 62 0
20 63 0
21 0 0
21 1 0
21 2 0
21 3 0
21 4 0
21 5 0
21 6 0
21 7 0
21 8 0
21 9 0
21 10 0
21 11 0
21 12 0
21 13 0
21 14 0
21 15 1
21 49 6
21 50 2
21 51 0
21 52 0
21 53 0
21 54 0
21 55 0
21 56 0
21 57 0
21 58 0
21 59 0
21 60 1
21 61 4
21 62 0
21 63 0
22 0 0
22 1 0
22 2 0
22 3 0
22 4 0
22 5 0
22 6 0
22 7 0
22 8 0
22 9 0
22 10 0
22 11 0
22 12 0
22 13 0
22 14 0
22 15 0
22 16 2
22 17 3
22 48 6
22 49 0
22 50 0
22 51 0
22 52 0
22 53 0
22 54 0
22 55 0
22 56 0
22 57 0
22 58 0
22 59 0
22 60 1
22 61 4
22 62 0
22 63 0
23 0 0
23 1 0
23 2 0
23 3 0
23 4 0
23 5 0
23 6 0
23 7 0
23 8 0
23 9 0
23 10 0
23 11 0
23 12 0
23 13 0
23 14 0
23 15 0
23 16 0
23 17 0
23 18 3
23 47 6
23 48 0
23 49 0
23 50 0
23 51 0
23 52 0
23 53 0
23 54 0
23 55 0
23 56 0
23 57 0
23 58 0
23 59 0
23 60 1
23 61 4
23 62 0
23 63 0
24 0 0
24 1 0
24 2 0
24 3 0
24 4 0
24 5 0
24 6 0
24 7 0
24 8 0
24 9 0
24 10 0
24 11 0
24 12 0
24 13 0
24 14 0
24 15 0
24 16 0
24 17 0
24 18 1
24 47 4
24 48 0
24 49 0
24 50 0
24 51 0
24 52 0
24 53 0
24 54 0
24 55 0
24 56 0
24 57 0
24 58 0
24 59 0
24 60 0
24 61 0
24 62 0
24 63 0
25 0 0
25 1 0
25 2 0
25 3 0
25 4 0
25 5 0
25 6 0
25 7 0
25 8 0
25 9 0
25 10 0
25 11 0
25 12 0
25 13 0
25 14 0
25 15 0
25 16 0
25 17 0
25 18 9
25 47 12
25 48 0
25 49 0
25 50 0
25 51 0
25 52 0
25 53 0
25 54 0
25 55 0
25 56 0
25 57 0
25 58 0
25 59 0
25 60 0
25 61 0
25 62 0
25 63 0
26 0 0
26 1 0
26 2 0
26 3 0
26 4 0
26 5 0
26 6 0
26 7 0
26 8 0
26 9 0
26 10 0
26 11 0
26 12 0
26 13 0
26 14 0
26 15 0
26 16 8
26 17 9
26 48 4
26 49 0
26 50 0
26 51 0
26 52 0
26 53 0
26 54 0
26 55 0
26 56 0
26 57 0
26 58 0
26 59 0
26 60 0
26 61 0
26 62 0
26 63 0
27 0 0
27 1 0
27 2 0
27 3 0
27 4 0
27 5 0
27 6 0
27 7 0
27 8 0
27 9 0
27 10 0
27 11 0
27 12 0
27 13 0
27 14 0
27 15 1
27 48 12
27 49 0
27 50 0
27 51 0
27 52 0
27 53 0
27 54 0
27 55 0
27 56 0
27 57 0
27 58 0
27 59 0
27 60 0
27 61 0
27 62 0
27 63 0
28 0 0
28 1 0
28 2 0
28 3 0
28 4 0
28 5 0
28 6 0
28 7 0
28 8 0
28 9 0
28 10 0
28 11 0
28 12 0
28 13 0
28 14 0
28 15 9
28 49 12
28 50 8
28 51 0
28 52 0
28 53 0
28 54 0
28 55 0
28 56 0
28 57 0
28 58 0
28 59 0
28 60 0
28 61 0
28 62 0
28 63 0
29 0 0
29 1 0
29 2 0
29 3 0
29 4 0
29 5 0
29 6 0
29 7 0
29 8 0
29 9 0
29 10 0
29 11 0
29 12 0
29 13 0
29 14 1
29 51 12
29 52 0
29 53 0
29 54 0
29 55 0
29 56 0
29 57 0
29 58 0
29 59 0
29 60 0
29 61 0
29 62 0
29 63 0
30 0 0
30 1 0
30 2 0
30 3 0
30 4 0
30 5 0
30 6 0
30 7 0
30 8 0
30 9 0
30 10 0
30 11 0
30 12 0
30 13 0
30 14 9
30 52 12
30 53 0
30 54 0
30 55 0
30 56 0
30 57 0
30 58 0
30 59 0
30 60 0
30 61 0
30 62 0
30 63 0
31 0 0
31 1 0
31 2 0
31 3 0
31 4 0
31 5 0
31 6 0
31 7 0
31 8 0
31 9 0
31 10 0
31 11 0
31 12 0
31 13 9
31 53 4
31 54 0
31 55 0
31 56 0
31 57 0
31 58 0
31 59 0
31 60 0
31 61 0
31 62 0
31 63 0
32 0 0
32 1 0
32 2 0
32 3 0
32 4 0
32 5 0
32 6 0
32 7 0
32 8 0
32 9 0
32 10 0
32 11 0
32 12 1
32 41 7
32 53 4
32 54 0
32 55 0
32 56 0
32 57 0
32 58 0
32 59 0
32 60 0
32 61 0
32 62 0
32 63 0
33 0 0
33 1 0
33 2 0
33 3 0
33 4 0
33 5 0
33 6 8
33 7 8
33 8 8
33 9 8
33 10 8
33 11 8
33 12 9
33 40 6
33 41 0
33 42 2
33 43 2
33 44 3
33 52 6
33 53 0
33 54 0
33 55 0
33 56 0
33 57 0
33 58 0
33 59 0
33 60 0
33 61 0
33 62 0
33 63 0
34 0 0
34 1 8
34 2 8
34 3 8
34 4 8
34 5 9
34 38 6
34 39 2
34 40 0
34 41 0
34 42 0
34 43 0
34 44 0
34 45 2
34 46 2
34 47 2
34 48 2
34 49 2
34 50 2
34 51 2
34 52 0
34 53 0
34 54 0
34 55 0
34 56 0
34 57 0
34 58 0
34 59 0
34 60 0
34 61 0
34 62 0
34 63 0
35 0 9
35 38 4
35 39 0
35 40 0
35 41 0
35 42 0
35 43 0
35 44 0
35 45 0
35 46 0
35 47 0
35 48 0
35 49 0
35 50 0
35 51 0
35 52 0
35 53 0
35 54 0
35 55 0
35 56 0
35 57 0
35 58 0
35 59 0
35 60 0
35 61 0
35 62 0
35 63 0
36 37 6
36 38 0
36 39 0
36 40 0
36 41 0
36 42 0
36 43 0
36 44 0
36 45 0
36 46 0
36 47 0
36 48 0
36 49 0
36 50 0
36 51 0
36 52 0
36 53 0
36 54 0
36 55 0
36 56 0
36 57 0
36 58 0
36 59 0
36 60 0
36 61 0
36 62 0
36 63 0
37 37 4
37 38 0
37 39 0
37 40 0
37 41 0
37 42 0
37 43 0
37 44 0
37 45 0
37 46 0
37 47 0
37 48 0
37 49 0
37 50 0
37 51 0
37 52 0
37 53 0
37 54 0
37 55 0
37 56 0
37 57 0
37 58 0
37 59 0
37 60 0
37 61 0
37 62 0
37 63 0
38 37 4
38 38 0
38 39 0
38 40 0
38 41 0
38 42 0
38 43 0
38 44 0
38 45 0
38 46 0
38 47 0
38 48 0
38 49 0
38 50 0
38 51 0
38 52 0
38 53 0
38 54 0
38 55 0
38 56 0
38 57 0
38 58 0
38 59 0
38 60 0
38 61 0
38 62 0
38 63 0
39 36 6
39 37 0
39 38 0
39 39 0
39 40 0
39 41 0
39 42 0
39 43 0
39 44 0
39 45 0
39 46 0
39 47 0
39 48 0
39 49 0
39 50 0
39 51 0
39 52 0
39 53 0
39 54 0
39 55 0
39 56 0
39 57 0
39 58 0
39 59 0
39 60 0
39 61 0
39 62 0
39 63 0
40 36 4
40 37 0
40 38 0
40 39 0
40 40 8
40 41 8
40 42 8
40 43 8
40 44 8
40 45 8
40 46 8
40 47 8
40 48 0
40 49 0
40 50 0
40 51 0
40 52 0
40 53 8
40 54 8
40 55 8
40 56 8
40 57 8
40 58 8
40 59 8
40 60 0
40 61 9
40 62 4
40 63 0
41 36 4
41 37 0
41 38 0
41 39 0
41 40 2
41 41 2
41 42 2
41 43 2
41 44 2
41 45 2
41 46 2
41 47 2
41 48 0
41 49 0
41 50 0
41 51 0
41 52 0
41 53 2
41 54 2
41 55 2
41 56 2
41 57 2
41 58 2
41 59 2
41 60 1
41 62 4
41 63 0
42 35 6
42 36 0
42 37 0
42 38 1
42 39 4
42 40 0
42 41 0
42 42 0
42 43 0
42 44 0
42 45 0
42 46 0
42 47 0
42 48 0
42 49 1
42 50 4
42 51 1
42 52 4
42 53 0
42 54 0
42 55 0
42 56 0
42 57 0
42 58 0
42 59 0
42 60 0
42 61 3
42 62 4
42 63 0
43 35 4
43 36 0
43 37 0
43 38 1
43 39 4
43 40 0
43 41 0
43 42 0
43 43 0
43 44 0
43 45 0
43 46 0
43 47 0
43 48 0
43 49 1
43 50 4
43 51 1
43 52 4
43 53 0
43 54 0
43 55 0
43 56 0
43 57 0
43 58 0
43 59 0
43 60 0
43 61 1
43 62 4
43 63 0
44 34 6
44 35 0
44 36 0
44 37 0
44 38 1
44 39 4
44 40 0
44 41 0
44 42 0
44 43 0
44 44 0
44 45 0
44 46 0
44 47 0
44 48 0
44 49 1
44 50 4
44 51 0
44 52 0
44 53 0
44 54 0
44 55 0
44 56 0
44 57 0
44 58 0
44 59 0
44 60 0
44 61 0
44 62 0
44 63 0
45 34 4
45 35 0
45 36 0
45 37 0
45 38 1
45 39 4
45 40 0
45 41 0
45 42 0
45 43 0
45 44 0
45 45 0
45 46 0
45 47 0
45 48 0
45 49 1
45 50 4
45 51 1
45 52 4
45 53 0
45 54 0
45 55 0
45 56 0
45 57 0
45 58 0
45 59 0
45 60 0
45 61 0
45 62 0
45 63 0
46 34 4
46 35 0
46 36 0
46 37 0
46 38 1
46 39 4
46 40 0
46 41 0
46 42 0
46 43 0
46 44 0
46 45 0
46 46 0
46 47 0
46 48 0
46 49 1
46 50 4
46 51 1
46 52 4
46 53 0
46 54 0
46 55 0
46 56 0
46 57 0
46 58 0
46 59 0
46 60 0
46 61 0
46 62 0
46 63 0
47 34 4
47 35 0
47 36 0
47 37 0
47 38 1
47 39 4
47 40 0
47 41 0
47 42 0
47 43 0
47 44 0
47 45 0
47 46 0
47 47 0
47 48 0
47 49 1
47 50 4
47 51 1
47 52 4
47 53 0
47 54 0
47 55 0
47 56 0
47 57 0
47 58 0
47 59 0
47 60 0
47 61 0
47 62 1
47 63 4
48 34 12
48 35 8
48 36 0
48 37 0
48 38 1
48 39 4
48 40 0
48 41 0
48 42 0
48 43 0
48 44 0
48 45 0
48 46 0
48 47 0
48 48 0
48 49 1
48 50 4
48 51 1
48 52 4
48 53 0
48 54 0
48 55 0
48 56 0
48 57 0
48 58 0
48 59 0
48 60 0
48 61 0
48 62 1
48 63 4
49 36 12
49 37 0
49 38 1
49 39 4
49 40 0
49 41 0
49 42 0
49 43 0
49 44 0
49 45 0
49 46 0
49 47 0
49 48 0
49 49 1
49 50 4
49 51 1
49 52 4
49 53 0
49 54 0
49 55 0
49 56 0
49 57 0
49 58 0
49 59 0
49 60 0
49 61 0
49 62 1
49 63 4
50 37 12
50 38 1
50 39 4
50 40 0
50 41 0
50 42 0
50 43 0
50 44 0
50 45 0
50 46 0
50 47 0
50 48 0
50 49 1
50 50 4
50 51 1
50 52 4
50 53 0
50 54 0
50 55 0
50 56 0
50 57 0
50 58 0
50 59 0
50 60 0
50 61 0
50 62 1
50 63 4
51 38 5
51 39 4
51 40 0
51 41 0
51 42 0
51 43 0
51 44 0
51 45 0
51 46 0
51 47 0
51 48 0
51 49 1
51 50 4
51 51 1
51 52 4
51 53 0
51 54 0
51 55 0
51 56 0
51 57 0
51 58 0
51 59 0
51 60 0
51 61 0
51 62 1
51 63 4
52 38 5
52 39 4
52 40 0
52 41 0
52 42 0
52 43 0
52 44 0
52 45 0
52 46 0
52 47 0
52 48 0
52 49 1
52 50 4
52 51 1
52 52 4
52 53 0
52 54 0
52 55 0
52 56 0
52 57 0
52 58 0
52 59 0
52 60 0
52 61 0
52 62 1
52 63 4
53 38 5
53 39 4
53 40 0
53 41 0
53 42 0
53 43 0
53 44 0
53 45 0
53 46 0
53 47 0
53 48 0
53 49 1
53 50 4
53 51 1
53 52 4
53 53 0
53 54 0
53 55 0
53 56 0
53 57 0
53 58 0
53 59 0
53 60 0
53 61 0
53 62 1
53 63 4
54 37 6
54 38 1
54 39 4
54 40 0
54 41 0
54 42 0
54 43 0
54 44 0
54 45 0
54 46 0
54 47 0
54 48 0
54 49 1
54 50 4
54 51 1
54 52 4
54 53 0
54 54 0
54 55 0
54 56 0
54 57 0
54 58 0
54 59 0
54 60 0
54 61 0
54 62 1
54 63 4
55 36 6
55 37 0
55 38 1
55 39 4
55 40 0
55 41 0
55 42 0
55 43 0
55 44 0
55 45 0
55 46 0
55 47 0
55 48 0
55 49 1
55 50 4
55 51 1
55 52 4
55 53 0
55 54 0
55 55 0
55 56 0
55 57 0
55 58 0
55 59 0
55 60 0
55 61 0
55 62 1
55 63 4
56 35 6
56 36 0
56 37 0
56 38 1
56 39 4
56 40 0
56 41 0
56 42 0
56 43 0
56 44 0
56 45 0
56 46 0
56 47 0
56 48 0
56 49 1
56 50 4
56 51 1
56 52 4
56 53 0
56 54 0
56 55 0
56 56 0
56 57 0
56 58 0
56 59 0
56 60 0
56 61 0
56 62 0
56 63 0
57 34 6
57 35 0
57 36 0
57 37 0
57 38 1
57 39 4
57 40 0
57 41 0
57 42 0
57 43 0
57 44 0
57 45 0
57 46 0
57 47 0
57 48 0
57 49 1
57 50 4
57 51 1
57 52 4
57 53 0
57 54 0
57 55 0
57 56 0
57 57 0
57 58 0
57 59 0
57 60 0
57 61 0
57 62 0
57 63 0
58 34 4
58 35 0
58 36 0
58 37 0
58 38 1
58 39 4
58 40 0
58 41 0
58 42 0
58 43 0
58 44 0
58 45 0
58 46 0
58 47 0
58 48 0
58 49 1
58 50 4
58 51 1
58 52 4
58 53 0
58 54 0
58 55 0
58 56 0
58 57 0
58 58 0
58 59 0
58 60 0
58 61 0
58 62 0
58 63 0
59 34 4
59 35 0
59 36 0
59 37 0
59 38 1
59 39 4
59 40 0
59 41 8
59 42 0
59 43 0
59 44 0
59 45 0
59 46 8
59 47 0
59 48 0
59 49 1
59 50 4
59 51 1
59 52 12
59 53 8
59 54 8
59 55 8
59 56 0
59 57 0
59 58 0
59 59 8
59 60 8
59 61 0
59 62 0
59 63 0
60 34 12
60 35 8
60 36 0
60 37 0
60 38 0
60 39 0
60 40 0
60 41 2
60 42 0
60 43 0
60 44 0
60 45 0
60 46 2
60 47 0
60 48 0
60 49 0
60 50 0
60 51 0
60 52 2
60 53 2
60 54 2
60 55 2
60 56 0
60 57 0
60 58 0
60 59 2
60 60 2
60 61 0
60 62 0
60 63 0
61 36 4
61 37 0
61 38 0
61 39 0
61 40 0
61 41 0
61 42 0
61 43 0
61 44 0
61 45 0
61 46 0
61 47 0
61 48 0
61 49 0
61 50 0
61 51 0
61 52 0
61 53 0
61 54 0
61 55 0
61 56 0
61 57 0
61 58 0
61 59 0
61 60 0
61 61 0
61 62 0
61 63 0
62 36 12
62 37 0
62 38 0
62 39 0
62 40 0
62 41 0
62 42 0
62 43 0
62 44 0
62 45 0
62 46 0
62 47 0
62 48 0
62 49 0
62 50 0
62 51 0
62 52 0
62 53 0
62 54 0
62 55 0
62 56 0
62 57 0
62 58 0
62 59 0
62 60 0
62 61 0
62 62 0
62 63 0
63 37 4
63 38 0
63 39 0
63 40 0
63 41 0
63 42 0
63 43 0
63 44 0
63 45 0
63 46 0
63 47 0
63 48 0
63 49 0
63 50 0
63 51 0
63 52 0
63 53 0
63 54 0
63 55 0
63 56 0
63 57 0
63 58 0
63 59 0
63 60 0
63 61 0
63 62 0
63 63 0
