0
24 16 8
24 17 8
24 18 8
25 15 1
25 16 6
25 17 2
25 18 2
25 20 1
25 21 4
26 15 1
26 16 4
26 20 1
26 21 4
27 15 1
27 16 12
27 17 8
27 18 8
27 19 8
27 20 9
27 21 4
28 16 2
28 17 2
28 18 2
28 19 2
28 20 2
31 19 8
31 20 8
31 21 8
31 22 8
31 25 8
31 26 8
31 27 8
31 28 8
31 31 8
31 32 8
31 33 8
31 34 8
31 38 8
31 39 8
31 40 8
31 41 8
31 42 8
31 43 8
32 18 1
32 19 6
32 20 2
32 21 2
32 22 3
32 23 4
32 24 1
32 25 6
32 26 2
32 27 2
32 28 3
32 29 4
32 30 1
32 31 6
32 32 2
32 33 2
32 34 3
32 35 4
32 37 1
32 38 6
32 39 2
32 40 2
32 41 2
32 42 2
32 43 3
32 44 4
33 18 1
33 19 4
33 22 1
33 23 4
33 24 1
33 25 4
33 28 1
33 29 4
33 30 1
33 31 4
33 34 1
33 35 4
33 37 1
33 38 4
33 43 1
33 44 4
34 19 8
34 22 9
34 23 4
34 24 1
34 25 12
34 28 1
34 29 4
34 30 1
34 31 4
34 33 8
34 34 9
34 35 4
34 37 1
34 38 4
34 40 8
34 43 1
34 44 4
35 19 2
35 22 2
35 25 2
35 33 2
35 34 2
35 39 1
35 40 15
35 41 4
35 43 1
35 44 4
36 2 8
36 4 8
36 7 8
36 8 8
36 9 8
36 40 3
36 41 4
36 43 1
36 44 4
37 2 2
37 4 3
37 5 4
37 6 1
37 7 6
37 8 2
37 9 3
37 10 4
37 40 1
37 41 12
37 43 1
37 44 4
38 1 1
38 2 4
38 6 1
38 7 4
38 41 2
39 1 1
39 2 4
39 4 1
39 5 4
39 6 1
39 7 4
39 9 1
39 10 4
39 21 8
39 22 8
39 34 8
40 4 9
40 5 4
40 6 1
40 7 12
40 8 8
40 9 9
40 10 4
40 18 1
40 19 4
40 21 2
40 22 3
40 23 4
40 24 1
40 25 4
40 28 1
40 29 4
40 30 1
40 31 4
40 34 3
40 35 4
41 4 2
41 7 2
41 8 2
41 9 2
41 18 1
41 19 4
41 22 1
41 23 4
41 24 1
41 25 4
41 28 1
41 29 4
41 30 1
41 31 4
41 34 1
41 35 4
42 2 8
42 4 8
42 7 8
42 8 8
42 9 8
42 18 1
42 19 12
42 20 8
42 22 9
42 23 4
42 24 1
42 25 12
42 28 1
42 29 4
42 30 1
42 31 4
42 34 9
42 35 4
42 42 8
42 43 8
43 1 1
43 2 6
43 4 3
43 5 4
43 6 1
43 7 6
43 8 2
43 9 3
43 10 4
43 19 2
43 20 2
43 22 2
43 25 2
43 34 2
43 41 9
43 42 6
43 43 3
43 44 4
44 6 1
44 7 4
44 41 2
44 43 1
44 44 4
45 1 1
45 2 4
45 4 1
45 5 4
45 6 1
45 7 4
45 9 1
45 10 4
45 43 1
45 44 4
46 1 1
46 2 12
46 4 1
46 5 4
46 6 1
46 7 12
46 8 8
46 9 9
46 10 4
46 40 1
46 41 12
46 42 8
46 43 9
46 44 4
47 2 2
47 7 2
47 8 2
47 9 2
47 19 8
47 20 8
47 21 8
47 22 8
47 25 8
47 26 8
47 28 8
47 31 8
47 32 8
47 33 8
47 34 8
47 41 2
47 42 2
47 43 2
48 2 8
48 3 8
48 4 8
48 7 8
48 8 8
48 9 8
48 18 1
48 19 6
48 20 2
48 21 2
48 22 3
48 23 4
48 24 1
48 25 6
48 26 2
48 28 3
48 29 4
48 30 1
48 31 6
48 32 2
48 33 2
48 34 3
48 35 4
48 41 8
48 43 8
49 1 1
49 2 6
49 3 2
49 4 3
49 5 4
49 6 1
49 7 6
49 8 2
49 9 3
49 10 4
49 18 1
49 19 4
49 22 1
49 23 4
49 30 1
49 31 4
49 34 1
49 35 4
49 40 1
49 41 6
49 43 3
49 44 4
50 1 1
50 2 4
50 6 1
50 7 4
50 18 1
50 19 12
50 21 8
50 22 9
50 23 4
50 25 8
50 27 8
50 28 1
50 29 4
50 30 1
50 31 12
50 33 8
50 34 9
50 35 4
50 43 1
50 44 4
51 1 1
51 2 4
51 4 1
51 5 4
51 6 1
51 7 4
51 9 1
51 10 4
51 19 2
51 21 2
51 22 2
51 25 2
51 27 2
51 31 2
51 33 2
51 34 2
51 40 1
51 41 12
51 42 8
51 43 9
51 44 4
52 1 1
52 2 12
52 3 8
52 4 9
52 5 4
52 6 1
52 7 12
52 8 8
52 9 9
52 10 4
52 41 2
52 42 2
52 43 2
53 2 2
53 3 2
53 4 2
53 7 2
53 8 2
53 9 2
54 4 8
54 7 8
54 9 8
54 40 1
54 41 4
55 1 1
55 2 4
55 4 3
55 5 4
55 6 1
55 7 6
55 9 3
55 10 4
55 19 8
55 22 8
55 25 8
55 31 8
55 33 8
55 34 8
55 40 1
55 41 4
55 43 1
55 44 4
56 1 1
56 2 4
56 18 1
56 19 6
56 22 3
56 23 4
56 24 1
56 25 6
56 28 1
56 29 4
56 30 1
56 31 6
56 33 2
56 34 3
56 35 4
56 40 1
56 41 12
56 43 1
56 44 4
57 1 1
57 2 4
57 4 1
57 5 4
57 6 1
57 7 4
57 9 1
57 10 4
57 24 1
57 25 4
57 28 1
57 29 4
57 30 1
57 31 4
57 34 1
57 35 4
57 41 2
58 1 1
58 2 12
58 3 8
58 4 9
58 5 4
58 6 1
58 7 12
58 9 9
58 10 4
58 24 1
58 25 4
58 26 8
58 27 8
58 28 1
58 29 4
58 30 1
58 31 12
58 32 8
58 33 8
58 34 9
58 35 4
59 2 2
59 3 2
59 4 2
59 7 2
59 9 2
59 26 2
59 27 2
59 31 2
59 32 2
59 33 2
59 34 2
