0
17 32 8
17 34 8
17 35 8
18 31 9
18 32 15
18 33 4
18 34 2
18 35 2
19 30 9
19 31 15
19 32 6
20 14 8
20 15 8
20 16 8
20 17 8
20 18 8
20 19 8
20 20 8
20 21 8
20 22 8
20 23 8
20 24 8
20 25 8
20 26 8
20 27 8
20 28 8
20 29 9
20 30 15
20 31 6
21 13 9
21 14 15
21 15 6
21 16 2
21 17 2
21 18 2
21 19 2
21 20 2
21 21 2
21 22 2
21 23 2
21 24 2
21 25 2
21 26 2
21 27 2
21 28 2
21 29 2
21 30 2
22 12 9
22 13 15
22 14 6
23 11 1
23 12 15
23 13 6
24 11 1
24 12 6
24 23 8
24 24 8
24 25 8
24 26 8
24 27 8
24 28 8
24 29 8
24 30 8
24 31 8
25 23 2
25 24 2
25 25 2
25 26 2
25 27 2
25 28 2
25 29 2
25 30 2
25 31 2
26 11 1
26 12 5
26 13 4
26 14 1
26 15 4
26 25 8
26 26 8
26 27 8
26 28 8
26 29 8
26 30 8
26 31 8
27 12 1
27 13 4
27 14 1
27 15 4
27 25 2
27 26 2
27 27 2
27 28 2
27 29 2
27 30 2
27 31 2
28 14 1
28 15 4
28 34 8
28 35 8
28 36 8
28 37 8
29 12 1
29 13 4
29 14 1
29 15 4
29 33 1
29 34 15
29 35 6
29 36 3
29 37 15
29 38 4
30 11 1
30 12 5
30 13 4
30 14 1
30 15 4
30 33 1
30 34 6
30 37 3
30 38 4
31 11 1
31 12 4
31 33 1
31 34 4
31 37 1
31 38 4
32 11 1
32 12 4
32 32 8
32 33 1
32 34 4
32 37 1
32 38 4
33 17 1
33 18 4
33 19 1
33 20 4
33 31 1
33 32 15
33 33 4
34 19 1
34 20 4
34 32 3
34 33 4
35 32 1
35 33 4
36 32 1
36 33 4
37 32 1
37 33 4
54 63 8
55 62 9
55 63 15
56 61 9
56 62 15
56 63 15
57 58 8
57 59 8
57 60 9
57 61 15
57 62 15
57 63 15
58 57 9
58 58 15
58 59 15
58 60 15
58 61 15
58 62 15
58 63 6
59 56 1
59 57 15
59 58 15
59 59 15
59 60 15
59 61 15
59 62 6
60 56 9
60 57 15
60 58 15
60 59 6
60 60 2
60 61 2
61 55 1
61 56 15
61 57 15
61 58 6
62 55 9
62 56 15
62 57 15
62 58 4
63 54 1
63 55 15
63 56 15
63 57 15
63 58 4
