0
0 1 1
0 2 15
0 3 15
0 4 15
0 5 15
0 6 4
0 11 1
0 12 15
0 13 12
0 16 2
0 17 2
0 18 2
0 19 2
0 20 2
0 21 2
0 22 2
0 23 2
0 24 2
0 25 2
0 26 2
0 27 2
0 28 2
0 29 2
0 30 2
0 31 2
0 32 2
0 33 2
0 34 2
0 35 2
0 36 2
0 37 2
0 38 2
0 39 2
0 40 2
0 41 2
0 42 2
0 43 2
0 44 2
0 45 2
0 46 2
0 47 2
0 48 2
0 49 2
0 50 2
0 51 2
1 2 3
1 3 15
1 4 15
1 5 15
1 6 4
1 12 3
1 13 15
1 14 12
2 3 2
2 4 2
2 5 2
2 13 3
2 14 15
2 15 12
2 16 8
2 17 8
2 18 8
2 19 8
2 20 8
2 21 8
2 22 8
2 23 8
2 24 8
2 25 8
2 26 8
2 27 8
2 28 8
2 29 8
2 30 8
2 31 8
2 32 8
2 35 8
2 36 8
2 37 8
2 38 8
2 39 8
2 40 8
2 41 8
2 42 8
2 43 8
2 44 8
2 45 8
2 46 8
2 47 8
2 48 8
2 49 8
2 50 8
2 51 8
2 52 8
2 53 8
2 54 8
2 55 8
2 56 8
2 57 8
2 58 8
2 59 8
2 60 8
2 61 8
2 62 8
2 63 8
3 14 2
3 15 2
3 16 2
3 17 2
3 18 2
3 19 2
3 20 2
3 21 2
3 22 2
3 23 2
3 24 2
3 25 2
3 26 2
3 27 2
3 28 2
3 29 2
3 30 2
3 31 10
3 32 3
3 33 4
3 34 1
3 35 6
3 36 3
3 37 15
3 38 6
3 39 3
3 40 15
3 41 14
3 42 2
3 43 11
3 44 15
3 45 6
3 46 3
3 47 15
3 48 14
3 49 2
3 50 11
3 51 15
3 52 6
3 53 3
3 54 15
3 55 6
3 56 2
3 57 2
3 58 2
3 59 2
3 60 2
3 61 2
3 62 2
3 63 2
4 2 8
4 3 8
4 4 8
4 5 8
4 30 1
4 31 15
4 32 12
4 36 1
4 37 6
4 40 3
4 41 15
4 42 13
4 43 15
4 44 6
4 47 3
4 48 15
4 49 13
4 50 15
4 51 6
4 54 3
4 55 4
5 1 1
5 2 15
5 3 15
5 4 15
5 5 15
5 6 12
5 15 8
5 16 8
5 17 8
5 18 8
5 19 8
5 20 8
5 21 8
5 22 8
5 23 8
5 24 8
5 25 8
5 26 8
5 28 8
5 31 3
5 32 15
5 33 4
5 36 1
5 37 12
5 41 2
5 42 2
5 43 2
5 48 2
5 49 2
5 50 2
5 54 9
5 55 4
6 1 1
6 2 15
6 3 15
6 4 15
6 5 15
6 6 15
6 7 12
6 8 8
6 9 8
6 10 8
6 14 9
6 15 15
6 16 15
6 17 15
6 18 15
6 19 15
6 20 15
6 21 15
6 22 15
6 23 15
6 24 15
6 25 15
6 26 15
6 27 13
6 28 15
6 29 12
6 30 8
6 32 3
6 33 12
6 34 8
6 36 1
6 37 15
6 38 4
6 53 1
6 54 15
6 55 4
6 58 8
6 59 8
7 1 1
7 2 15
7 3 15
7 4 15
7 5 15
7 6 15
7 7 15
7 8 15
7 9 15
7 10 15
7 11 4
7 13 1
7 14 15
7 15 15
7 16 6
7 17 2
7 18 3
7 19 15
7 20 15
7 21 15
7 22 15
7 23 15
7 24 15
7 25 15
7 26 15
7 27 15
7 28 15
7 29 15
7 30 15
7 31 12
7 33 3
7 34 15
7 35 4
7 37 3
7 38 4
7 53 1
7 54 6
7 57 9
7 58 15
7 59 15
7 60 12
8 1 1
8 2 15
8 3 15
8 4 15
8 5 15
8 6 15
8 7 15
8 8 15
8 9 15
8 10 15
8 11 4
8 14 2
8 15 2
8 19 2
8 20 3
8 21 15
8 22 15
8 23 15
8 24 15
8 25 15
8 26 15
8 27 15
8 28 15
8 29 15
8 30 15
8 31 15
8 32 4
8 34 3
8 35 4
8 37 1
8 38 4
8 53 1
8 54 4
8 56 1
8 57 15
8 58 15
8 59 15
8 60 15
8 61 4
9 1 1
9 2 15
9 3 15
9 4 15
9 5 15
9 6 15
9 7 15
9 8 15
9 9 15
9 10 15
9 11 4
9 21 2
9 22 2
9 23 2
9 24 2
9 25 2
9 26 3
9 27 15
9 28 15
9 29 15
9 30 15
9 31 15
9 32 12
9 34 1
9 35 4
9 37 1
9 38 4
9 53 1
9 54 4
9 56 1
9 57 15
9 58 15
9 59 15
9 60 15
9 61 4
10 1 1
10 2 15
10 3 15
10 4 15
10 5 15
10 6 15
10 7 15
10 8 15
10 9 15
10 10 6
10 27 2
10 28 3
10 29 15
10 30 15
10 31 15
10 32 15
10 33 4
10 34 1
10 35 4
10 37 9
10 38 4
10 53 1
10 54 12
10 57 3
10 58 15
10 59 15
10 60 15
10 61 4
11 1 9
11 2 15
11 3 15
11 4 15
11 5 15
11 6 15
11 7 15
11 8 6
11 9 2
11 29 3
11 30 15
11 31 15
11 32 6
11 34 1
11 35 4
11 36 1
11 37 15
11 38 4
11 53 1
11 54 15
11 55 4
11 57 1
11 58 15
11 59 15
11 60 15
11 61 4
12 0 1
12 1 15
12 2 15
12 3 15
12 4 15
12 5 15
12 6 15
12 7 15
12 8 12
12 29 1
12 30 15
12 31 15
12 32 12
12 34 1
12 35 12
12 36 8
12 37 2
12 41 8
12 42 8
12 43 8
12 48 8
12 49 8
12 50 8
12 54 3
12 55 4
12 57 1
12 58 15
12 59 15
12 60 6
13 0 9
13 1 15
13 2 15
13 3 15
13 4 15
13 5 15
13 6 15
13 7 15
13 8 15
13 9 12
13 29 1
13 30 15
13 31 15
13 32 15
13 33 4
13 35 3
13 36 15
13 37 12
13 40 9
13 41 15
13 42 7
13 43 15
13 44 13
13 45 4
13 46 1
13 47 13
13 48 15
13 49 7
13 50 15
13 51 12
13 54 9
13 55 4
13 57 1
13 58 15
13 59 15
13 60 4
14 0 15
14 1 15
14 2 15
14 3 15
14 4 15
14 5 15
14 6 15
14 7 15
14 8 15
14 9 15
14 10 4
14 29 1
14 30 15
14 31 15
14 32 15
14 33 12
14 36 3
14 37 15
14 38 12
14 39 9
14 40 15
14 41 6
14 43 2
14 44 2
14 47 2
14 48 2
14 50 3
14 51 15
14 52 12
14 53 9
14 54 15
14 55 4
14 57 1
14 58 15
14 59 15
14 60 4
15 0 15
15 1 15
15 2 15
15 3 6
15 4 2
15 5 2
15 6 3
15 7 15
15 8 15
15 9 15
15 10 4
15 29 1
15 30 15
15 31 15
15 32 15
15 33 15
15 34 4
15 37 2
15 38 2
15 39 2
15 40 2
15 51 2
15 52 2
15 53 2
15 54 2
15 57 9
15 58 15
15 59 15
15 60 4
16 0 15
16 1 15
16 2 6
16 7 3
16 8 15
16 9 15
16 10 12
16 30 3
16 31 15
16 32 15
16 33 15
16 34 12
16 43 8
16 44 8
16 48 8
16 55 8
16 56 9
16 57 15
16 58 15
16 59 15
16 60 4
17 0 15
17 1 6
17 7 1
17 8 15
17 9 15
17 10 15
17 11 4
17 31 3
17 32 15
17 33 15
17 34 15
17 35 12
17 36 8
17 40 8
17 41 8
17 42 9
17 43 15
17 44 15
17 45 4
17 47 9
17 48 15
17 49 12
17 50 8
17 51 8
17 52 8
17 53 8
17 54 9
17 55 15
17 56 15
17 57 15
17 58 15
17 59 15
17 60 4
18 0 2
18 7 1
18 8 15
18 9 15
18 10 15
18 11 4
18 32 3
18 33 15
18 34 15
18 35 15
18 36 15
18 37 12
18 38 8
18 39 9
18 40 15
18 41 15
18 42 15
18 43 15
18 44 15
18 45 4
18 46 1
18 47 15
18 48 15
18 49 15
18 50 15
18 51 15
18 52 15
18 53 15
18 54 15
18 55 15
18 56 15
18 57 15
18 58 15
18 59 6
19 7 1
19 8 15
19 9 15
19 10 15
19 11 12
19 33 3
19 34 15
19 35 15
19 36 15
19 37 15
19 38 15
19 39 15
19 40 15
19 41 15
19 42 15
19 43 15
19 44 15
19 45 4
19 47 3
19 48 15
19 49 15
19 50 15
19 51 15
19 52 15
19 53 15
19 54 15
19 55 15
19 56 15
19 57 15
19 58 15
19 59 4
20 7 1
20 8 15
20 9 15
20 10 15
20 11 15
20 12 12
20 34 3
20 35 15
20 36 15
20 37 15
20 38 15
20 39 15
20 40 15
20 41 6
20 42 2
20 43 2
20 44 2
20 48 2
20 49 3
20 50 15
20 51 15
20 52 15
20 53 15
20 54 15
20 55 15
20 56 15
20 57 15
20 58 15
20 59 4
21 8 3
21 9 15
21 10 15
21 11 15
21 12 15
21 13 4
21 35 2
21 36 2
21 37 2
21 38 2
21 39 2
21 40 2
21 50 2
21 51 2
21 52 2
21 53 2
21 54 2
21 55 3
21 56 15
21 57 15
21 58 15
21 59 4
22 8 1
22 9 15
22 10 15
22 11 15
22 12 15
22 13 4
22 56 2
22 57 2
22 58 2
23 8 1
23 9 15
23 10 15
23 11 15
23 12 15
23 13 4
23 57 8
24 8 1
24 9 15
24 10 15
24 11 15
24 12 15
24 13 4
24 56 9
24 57 15
24 58 12
25 8 1
25 9 15
25 10 15
25 11 15
25 12 15
25 13 12
25 55 1
25 56 15
25 57 15
25 58 15
25 59 4
26 9 3
26 10 15
26 11 15
26 12 15
26 13 15
26 14 4
26 55 1
26 56 15
26 57 15
26 58 15
26 59 4
27 9 1
27 10 15
27 11 15
27 12 15
27 13 15
27 14 4
27 55 1
27 56 15
27 57 15
27 58 15
27 59 4
28 10 3
28 11 15
28 12 15
28 13 15
28 14 12
28 55 1
28 56 15
28 57 15
28 58 15
28 59 4
29 10 1
29 11 15
29 12 15
29 13 15
29 14 15
29 15 4
29 55 1
29 56 15
29 57 15
29 58 15
29 59 4
30 11 3
30 12 15
30 13 15
30 14 15
30 15 12
30 16 8
30 55 1
30 56 15
30 57 15
30 58 15
30 59 4
31 11 1
31 12 15
31 13 15
31 14 15
31 15 15
31 16 15
31 17 12
31 55 1
31 56 15
31 57 15
31 58 15
31 59 4
32 11 1
32 12 15
32 13 15
32 14 15
32 15 15
32 16 15
32 17 15
32 18 12
32 55 1
32 56 15
32 57 15
32 58 15
32 59 4
33 12 3
33 13 15
33 14 15
33 15 15
33 16 15
33 17 15
33 18 15
33 19 12
33 55 1
33 56 15
33 57 15
33 58 15
33 59 4
34 12 1
34 13 15
34 14 15
34 15 15
34 16 15
34 17 15
34 18 15
34 19 15
34 20 12
34 21 8
34 55 1
34 56 15
34 57 15
34 58 15
34 59 12
35 13 3
35 14 15
35 15 15
35 16 15
35 17 15
35 18 15
35 19 15
35 20 15
35 21 15
35 22 12
35 55 9
35 56 15
35 57 15
35 58 15
35 59 15
35 60 4
36 14 3
36 15 15
36 16 15
36 17 15
36 18 15
36 19 15
36 20 15
36 21 15
36 22 15
36 23 12
36 54 1
36 55 15
36 56 15
36 57 15
36 58 15
36 59 15
36 60 4
37 15 3
37 16 15
37 17 15
37 18 15
37 19 15
37 20 15
37 21 15
37 22 15
37 23 15
37 24 12
37 54 9
37 55 15
37 56 15
37 57 15
37 58 15
37 59 15
37 60 4
38 16 2
38 17 2
38 18 2
38 19 3
38 20 15
38 21 15
38 22 15
38 23 15
38 24 15
38 25 12
38 53 9
38 54 15
38 55 15
38 56 15
38 57 15
38 58 15
38 59 15
38 60 4
39 20 2
39 21 3
39 22 15
39 23 15
39 24 15
39 25 15
39 26 12
39 52 9
39 53 15
39 54 15
39 55 15
39 56 15
39 57 15
39 58 15
39 59 15
39 60 4
40 21 1
40 22 15
40 23 15
40 24 15
40 25 15
40 26 15
40 27 12
40 28 8
40 50 8
40 51 9
40 52 15
40 53 15
40 54 15
40 55 15
40 56 15
40 57 15
40 58 15
40 59 6
41 21 1
41 22 15
41 23 15
41 24 15
41 25 15
41 26 15
41 27 15
41 28 15
41 29 12
41 30 8
41 47 8
41 48 8
41 49 9
41 50 15
41 51 15
41 52 15
41 53 15
41 54 15
41 55 15
41 56 15
41 57 15
41 58 6
42 22 3
42 23 15
42 24 15
42 25 15
42 26 15
42 27 15
42 28 15
42 29 15
42 30 15
42 31 12
42 32 8
42 33 8
42 40 8
42 41 8
42 42 8
42 43 8
42 44 8
42 45 8
42 46 9
42 47 15
42 48 15
42 49 15
42 50 15
42 51 15
42 52 15
42 53 15
42 54 15
42 55 15
42 56 15
42 57 6
43 22 1
43 23 15
43 24 15
43 25 15
43 26 15
43 27 15
43 28 15
43 29 15
43 30 15
43 31 15
43 32 15
43 33 15
43 34 12
43 35 8
43 36 8
43 37 8
43 38 8
43 39 9
43 40 15
43 41 15
43 42 15
43 43 15
43 44 15
43 45 15
43 46 15
43 47 15
43 48 15
43 49 15
43 50 15
43 51 15
43 52 15
43 53 15
43 54 15
43 55 15
43 56 6
44 23 3
44 24 15
44 25 15
44 26 15
44 27 15
44 28 15
44 29 15
44 30 15
44 31 15
44 32 15
44 33 15
44 34 15
44 35 15
44 36 15
44 37 15
44 38 15
44 39 15
44 40 15
44 41 15
44 42 15
44 43 15
44 44 15
44 45 15
44 46 15
44 47 15
44 48 15
44 49 15
44 50 15
44 51 15
44 52 15
44 53 15
44 54 15
44 55 15
44 56 4
45 24 3
45 25 15
45 26 15
45 27 15
45 28 15
45 29 15
45 30 15
45 31 15
45 32 15
45 33 15
45 34 15
45 35 15
45 36 15
45 37 15
45 38 15
45 39 15
45 40 15
45 41 15
45 42 15
45 43 15
45 44 15
45 45 15
45 46 15
45 47 15
45 48 15
45 49 15
45 50 15
45 51 15
45 52 15
45 53 15
45 54 15
45 55 6
46 25 3
46 26 15
46 27 15
46 28 15
46 29 15
46 30 15
46 31 15
46 32 15
46 33 15
46 34 15
46 35 15
46 36 15
46 37 15
46 38 15
46 39 15
46 40 15
46 41 15
46 42 15
46 43 15
46 44 15
46 45 15
46 46 15
46 47 15
46 48 15
46 49 15
46 50 15
46 51 15
46 52 15
46 53 15
46 54 6
47 26 3
47 27 15
47 28 15
47 29 15
47 30 15
47 31 15
47 32 15
47 33 15
47 34 15
47 35 15
47 36 15
47 37 15
47 38 15
47 39 15
47 40 15
47 41 15
47 42 15
47 43 15
47 44 15
47 45 15
47 46 15
47 47 15
47 48 15
47 49 15
47 50 15
47 51 15
47 52 15
47 53 6
48 1 1
48 2 4
48 27 3
48 28 15
48 29 15
48 30 15
48 31 15
48 32 15
48 33 15
48 34 15
48 35 15
48 36 15
48 37 15
48 38 15
48 39 15
48 40 15
48 41 15
48 42 15
48 43 15
48 44 15
48 45 15
48 46 15
48 47 15
48 48 15
48 49 15
48 50 15
48 51 15
48 52 6
49 1 1
49 2 4
49 28 2
49 29 2
49 30 2
49 31 2
49 32 2
49 33 2
49 34 2
49 35 3
49 36 15
49 37 15
49 38 15
49 39 15
49 40 15
49 41 15
49 42 15
49 43 15
49 44 15
49 45 15
49 46 15
49 47 15
49 48 15
49 49 15
49 50 6
49 51 2
50 1 1
50 2 4
50 36 2
50 37 2
50 38 2
50 39 2
50 40 2
50 41 2
50 42 2
50 43 2
50 44 2
50 45 2
50 46 2
50 47 2
50 48 2
50 49 2
51 1 1
51 2 4
61 12 8
61 13 8
61 14 8
61 15 8
61 16 8
61 17 8
61 18 8
61 19 8
62 12 2
62 13 2
62 14 2
62 15 2
62 16 2
62 17 2
62 18 2
62 19 2
62 32 8
62 33 8
62 34 8
62 35 8
62 40 8
62 41 8
62 42 8
62 43 8
63 32 2
63 33 2
63 34 2
63 35 2
63 40 2
63 41 2
63 42 2
63 43 2
