0
0 2 1
0 3 4
0 33 1
0 34 15
0 35 15
0 36 15
0 37 15
0 38 15
0 39 15
0 40 15
0 41 15
0 42 15
0 43 15
0 44 15
0 45 15
0 46 15
0 47 15
0 48 15
0 49 15
0 50 15
0 51 15
0 52 15
0 53 15
0 54 15
0 55 15
0 56 15
0 57 15
0 58 15
0 59 15
0 60 15
0 61 15
0 62 15
0 63 15
1 2 9
1 3 4
1 34 3
1 35 15
1 36 15
1 37 15
1 38 15
1 39 15
1 40 15
1 41 15
1 42 15
1 43 15
1 44 15
1 45 15
1 46 15
1 47 15
1 48 15
1 49 15
1 50 15
1 51 15
1 52 15
1 53 15
1 54 15
1 55 15
1 56 15
1 57 15
1 58 15
1 59 15
1 60 15
1 61 15
1 62 15
1 63 15
2 0 8
2 1 9
2 2 15
2 3 4
2 34 1
2 35 15
2 36 15
2 37 15
2 38 15
2 39 15
2 40 15
2 41 15
2 42 15
2 43 15
2 44 15
2 45 15
2 46 15
2 47 15
2 48 15
2 49 15
2 50 15
2 51 15
2 52 15
2 53 15
2 54 15
2 55 15
2 56 15
2 57 15
2 58 15
2 59 15
2 60 15
2 61 15
2 62 15
2 63 15
3 0 2
3 1 2
3 2 2
3 35 3
3 36 15
3 37 15
3 38 15
3 39 15
3 40 15
3 41 15
3 42 15
3 43 15
3 44 15
3 45 15
3 46 15
3 47 15
3 48 15
3 49 15
3 50 15
3 51 15
3 52 15
3 53 15
3 54 15
3 55 15
3 56 15
3 57 15
3 58 15
3 59 15
3 60 15
3 61 15
3 62 15
3 63 15
4 36 3
4 37 15
4 38 15
4 39 15
4 40 15
4 41 15
4 42 15
4 43 15
4 44 15
4 45 15
4 46 15
4 47 15
4 48 15
4 49 15
4 50 15
4 51 15
4 52 15
4 53 15
4 54 15
4 55 15
4 56 15
4 57 15
4 58 15
4 59 15
4 60 15
4 61 15
4 62 15
4 63 15
5 36 1
5 37 15
5 38 15
5 39 15
5 40 15
5 41 15
5 42 15
5 43 15
5 44 15
5 45 15
5 46 15
5 47 15
5 48 15
5 49 15
5 50 15
5 51 15
5 52 15
5 53 15
5 54 15
5 55 15
5 56 15
5 57 15
5 58 15
5 59 15
5 60 15
5 61 15
5 62 15
5 63 15
6 37 3
6 38 15
6 39 15
6 40 15
6 41 15
6 42 15
6 43 15
6 44 15
6 45 15
6 46 15
6 47 15
6 48 15
6 49 15
6 50 15
6 51 15
6 52 15
6 53 15
6 54 15
6 55 15
6 56 15
6 57 15
6 58 15
6 59 15
6 60 15
6 61 15
6 62 15
6 63 15
7 37 1
7 38 15
7 39 15
7 40 15
7 41 15
7 42 15
7 43 15
7 44 15
7 45 15
7 46 15
7 47 15
7 48 15
7 49 15
7 50 15
7 51 15
7 52 15
7 53 15
7 54 15
7 55 15
7 56 15
7 57 15
7 58 15
7 59 15
7 60 15
7 61 15
7 62 15
7 63 15
8 38 11
8 39 15
8 40 15
8 41 15
8 42 15
8 43 15
8 44 15
8 45 15
8 46 15
8 47 15
8 48 15
8 49 15
8 50 15
8 51 15
8 52 15
8 53 15
8 54 15
8 55 15
8 56 15
8 57 15
8 58 15
8 59 15
8 60 15
8 61 15
8 62 15
8 63 15
9 37 1
9 38 15
9 39 15
9 40 15
9 41 15
9 42 15
9 43 15
9 44 15
9 45 15
9 46 15
9 47 15
9 48 15
9 49 15
9 50 15
9 51 15
9 52 15
9 53 15
9 54 15
9 55 15
9 56 15
9 57 15
9 58 15
9 59 15
9 60 15
9 61 15
9 62 15
9 63 15
10 37 9
10 38 15
10 39 15
10 40 15
10 41 15
10 42 15
10 43 15
10 44 15
10 45 15
10 46 15
10 47 15
10 48 15
10 49 15
10 50 15
10 51 15
10 52 15
10 53 15
10 54 15
10 55 15
10 56 15
10 57 15
10 58 15
10 59 15
10 60 15
10 61 15
10 62 15
10 63 15
11 36 1
11 37 15
11 38 15
11 39 15
11 40 15
11 41 15
11 42 15
11 43 15
11 44 15
11 45 15
11 46 15
11 47 15
11 48 15
11 49 15
11 50 15
11 51 15
11 52 15
11 53 15
11 54 15
11 55 15
11 56 15
11 57 15
11 58 15
11 59 15
11 60 15
11 61 15
11 62 15
11 63 15
12 36 1
12 37 15
12 38 15
12 39 15
12 40 15
12 41 15
12 42 15
12 43 15
12 44 15
12 45 15
12 46 15
12 47 15
12 48 15
12 49 15
12 50 15
12 51 15
12 52 15
12 53 15
12 54 15
12 55 15
12 56 15
12 57 15
12 58 15
12 59 15
12 60 15
12 61 15
12 62 15
12 63 15
13 37 3
13 38 15
13 39 15
13 40 15
13 41 15
13 42 15
13 43 15
13 44 15
13 45 15
13 46 15
13 47 15
13 48 15
13 49 15
13 50 15
13 51 15
13 52 15
13 53 15
13 54 15
13 55 15
13 56 15
13 57 15
13 58 15
13 59 15
13 60 15
13 61 15
13 62 15
13 63 15
14 38 2
14 39 2
14 40 3
14 41 15
14 42 15
14 43 15
14 44 15
14 45 15
14 46 15
14 47 15
14 48 15
14 49 15
14 50 15
14 51 15
14 52 15
14 53 15
14 54 15
14 55 15
14 56 15
14 57 15
14 58 15
14 59 15
14 60 15
14 61 15
14 62 15
14 63 15
15 41 3
15 42 15
15 43 15
15 44 15
15 45 15
15 46 15
15 47 15
15 48 15
15 49 15
15 50 15
15 51 15
15 52 15
15 53 15
15 54 15
15 55 15
15 56 15
15 57 15
15 58 15
15 59 15
15 60 15
15 61 15
15 62 15
15 63 15
16 42 3
16 43 15
16 44 15
16 45 15
16 46 15
16 47 15
16 48 15
16 49 15
16 50 15
16 51 15
16 52 15
16 53 15
16 54 15
16 55 15
16 56 15
16 57 15
16 58 15
16 59 15
16 60 15
16 61 15
16 62 15
16 63 15
17 43 2
17 44 3
17 45 15
17 46 15
17 47 15
17 48 15
17 49 15
17 50 15
17 51 15
17 52 15
17 53 15
17 54 15
17 55 15
17 56 15
17 57 15
17 58 15
17 59 15
17 60 15
17 61 15
17 62 15
17 63 15
18 45 3
18 46 15
18 47 15
18 48 15
18 49 15
18 50 15
18 51 15
18 52 15
18 53 15
18 54 15
18 55 15
18 56 15
18 57 15
18 58 15
18 59 15
18 60 15
18 61 15
18 62 15
18 63 15
19 46 3
19 47 15
19 48 15
19 49 15
19 50 15
19 51 15
19 52 15
19 53 15
19 54 15
19 55 15
19 56 15
19 57 15
19 58 15
19 59 15
19 60 15
19 61 15
19 62 15
19 63 15
20 47 3
20 48 15
20 49 15
20 50 15
20 51 15
20 52 15
20 53 15
20 54 15
20 55 15
20 56 15
20 57 15
20 58 15
20 59 15
20 60 15
20 61 15
20 62 15
20 63 15
21 47 9
21 48 15
21 49 15
21 50 15
21 51 15
21 52 15
21 53 15
21 54 15
21 55 15
21 56 15
21 57 15
21 58 15
21 59 15
21 60 15
21 61 15
21 62 15
21 63 15
22 46 1
22 47 15
22 48 15
22 49 15
22 50 15
22 51 15
22 52 15
22 53 15
22 54 15
22 55 15
22 56 15
22 57 15
22 58 15
22 59 15
22 60 15
22 61 15
22 62 15
22 63 15
23 47 3
23 48 15
23 49 15
23 50 15
23 51 15
23 52 15
23 53 15
23 54 15
23 55 15
23 56 15
23 57 15
23 58 15
23 59 15
23 60 15
23 61 15
23 62 15
23 63 15
24 47 1
24 48 15
24 49 15
24 50 15
24 51 15
24 52 15
24 53 15
24 54 15
24 55 15
24 56 15
24 57 15
24 58 15
24 59 15
24 60 15
24 61 15
24 62 15
24 63 15
25 48 3
25 49 15
25 50 15
25 51 15
25 52 15
25 53 15
25 54 15
25 55 15
25 56 15
25 57 15
25 58 15
25 59 15
25 60 15
25 61 15
25 62 15
25 63 15
26 49 3
26 50 15
26 51 15
26 52 15
26 53 15
26 54 15
26 55 15
26 56 15
26 57 15
26 58 15
26 59 15
26 60 15
26 61 15
26 62 15
26 63 15
27 50 3
27 51 15
27 52 15
27 53 15
27 54 15
27 55 15
27 56 15
27 57 15
27 58 15
27 59 15
27 60 15
27 61 15
27 62 15
27 63 15
28 51 3
28 52 15
28 53 15
28 54 15
28 55 15
28 56 15
28 57 15
28 58 15
28 59 15
28 60 15
28 61 15
28 62 15
28 63 15
29 52 3
29 53 15
29 54 15
29 55 15
29 56 15
29 57 15
29 58 15
29 59 15
29 60 15
29 61 15
29 62 15
29 63 15
30 53 3
30 54 15
30 55 15
30 56 15
30 57 15
30 58 15
30 59 15
30 60 15
30 61 15
30 62 15
30 63 15
31 53 9
31 54 15
31 55 15
31 56 15
31 57 15
31 58 15
31 59 15
31 60 15
31 61 15
31 62 15
31 63 15
32 52 1
32 53 15
32 54 15
32 55 15
32 56 15
32 57 15
32 58 15
32 59 15
32 60 15
32 61 15
32 62 15
32 63 15
33 52 1
33 53 15
33 54 15
33 55 15
33 56 15
33 57 15
33 58 15
33 59 15
33 60 15
33 61 15
33 62 15
33 63 15
34 53 3
34 54 15
34 55 15
34 56 15
34 57 15
34 58 15
34 59 15
34 60 15
34 61 15
34 62 15
34 63 15
35 53 1
35 54 15
35 55 15
35 56 15
35 57 15
35 58 15
35 59 15
35 60 15
35 61 15
35 62 15
35 63 15
36 53 9
36 54 15
36 55 15
36 56 15
36 57 15
36 58 15
36 59 15
36 60 15
36 61 15
36 62 15
36 63 15
37 52 9
37 53 15
37 54 15
37 55 15
37 56 15
37 57 15
37 58 15
37 59 15
37 60 15
37 61 15
37 62 15
37 63 15
38 51 1
38 52 15
38 53 15
38 54 15
38 55 15
38 56 15
38 57 15
38 58 15
38 59 15
38 60 15
38 61 15
38 62 15
38 63 15
39 51 1
39 52 15
39 53 15
39 54 15
39 55 15
39 56 15
39 57 15
39 58 15
39 59 15
39 60 15
39 61 15
39 62 15
39 63 15
40 51 1
40 52 15
40 53 15
40 54 15
40 55 15
40 56 15
40 57 15
40 58 15
40 59 15
40 60 15
40 61 15
40 62 15
40 63 15
41 52 3
41 53 15
41 54 15
41 55 15
41 56 15
41 57 15
41 58 15
41 59 15
41 60 15
41 61 15
41 62 15
41 63 15
42 22 8
42 27 8
42 28 8
42 29 8
42 53 2
42 54 2
42 55 2
42 56 2
42 57 2
42 58 2
42 59 2
42 60 2
42 61 3
42 62 15
42 63 15
43 21 1
43 22 15
43 23 4
43 26 1
43 27 15
43 28 7
43 29 15
43 30 12
43 31 8
43 62 3
43 63 15
44 20 9
44 21 4
44 22 3
44 23 4
44 26 1
44 27 14
44 29 2
44 30 3
44 31 15
44 32 12
44 62 1
44 63 15
45 19 9
45 20 15
45 21 4
45 22 9
45 23 4
45 26 1
45 27 15
45 28 12
45 29 8
45 31 3
45 32 15
45 33 4
45 63 2
46 18 9
46 19 15
46 20 6
46 21 9
46 22 15
46 23 4
46 27 2
46 28 2
46 29 2
46 32 3
46 33 4
47 17 9
47 18 15
47 19 6
47 20 1
47 21 15
47 22 6
47 32 1
47 33 12
48 16 9
48 17 15
48 18 6
48 20 9
48 21 6
48 30 1
48 31 4
48 32 1
48 33 15
48 34 12
49 15 1
49 16 15
49 17 6
49 19 9
49 20 15
49 21 4
49 30 1
49 31 4
49 33 3
49 34 15
49 35 4
50 15 1
50 16 6
50 18 9
50 19 15
50 20 6
50 32 8
50 34 3
50 35 4
51 15 1
51 16 4
51 17 1
51 18 15
51 19 6
51 32 2
51 34 1
51 35 4
52 15 1
52 16 4
52 17 1
52 18 6
52 32 1
52 33 4
52 34 1
52 35 4
53 15 1
53 16 4
53 17 1
53 18 12
53 34 1
53 35 4
54 15 1
54 16 12
54 17 1
54 18 15
54 19 12
54 20 8
54 32 1
54 33 4
54 34 1
54 35 4
55 15 1
55 16 15
55 17 12
55 18 2
55 19 3
55 20 15
55 21 12
55 22 8
55 30 8
55 31 8
55 34 9
55 35 4
56 16 3
56 17 15
56 18 12
56 19 8
56 20 2
56 21 3
56 22 15
56 23 12
56 29 1
56 30 15
56 31 6
56 33 9
56 34 15
56 35 4
57 17 2
57 18 3
57 19 15
57 20 12
57 21 8
57 22 3
57 23 15
57 24 12
57 28 8
57 30 2
57 31 8
57 32 9
57 33 15
57 34 6
58 19 2
58 20 3
58 21 15
58 22 12
58 23 2
58 24 2
58 28 2
58 30 9
58 31 15
58 32 6
58 33 2
59 21 3
59 22 15
59 23 12
59 24 8
59 25 8
59 26 8
59 27 8
59 28 8
59 29 9
59 30 15
59 31 6
60 22 2
60 23 2
60 24 2
60 25 2
60 26 2
60 27 2
60 28 2
60 29 2
60 30 2
