15
39 59 6
39 60 2
39 61 3
40 59 4
40 60 0
40 61 1
41 59 12
41 60 8
41 61 9
45 50 6
45 51 2
45 52 2
45 53 2
45 54 3
46 49 6
46 50 0
46 51 0
46 52 0
46 53 0
46 54 1
47 49 4
47 50 0
47 51 0
47 52 0
47 53 0
47 54 1
48 49 4
48 50 0
48 51 0
48 52 0
48 53 8
48 54 9
49 49 4
49 50 0
49 51 0
49 52 9
50 37 6
50 38 2
50 39 3
50 49 12
50 50 8
50 51 9
50 58 6
50 59 2
50 60 3
51 37 4
51 38 0
51 39 1
51 57 6
51 58 0
51 59 0
51 60 1
52 37 12
52 38 8
52 39 9
52 57 12
52 58 0
52 59 0
52 60 9
53 58 12
53 59 9
57 50 6
57 51 2
57 52 3
58 50 12
58 51 8
58 52 9
59 59 6
59 60 3
60 59 4
60 60 1
61 59 12
61 60 9
