0
0 0 15
0 1 12
0 2 8
0 12 8
0 13 8
1 0 15
1 1 15
1 2 15
1 3 12
1 4 8
1 10 8
1 11 9
1 12 15
1 13 15
1 14 12
1 15 8
1 32 8
1 33 8
1 34 8
1 35 8
2 0 15
2 1 15
2 2 15
2 3 15
2 4 15
2 5 12
2 6 8
2 7 8
2 8 8
2 9 9
2 10 15
2 11 15
2 12 15
2 13 15
2 14 15
2 15 15
2 16 12
2 17 8
2 32 2
2 33 2
2 34 2
2 35 2
3 0 15
3 1 15
3 2 15
3 3 15
3 4 15
3 5 15
3 6 15
3 7 15
3 8 15
3 9 15
3 10 15
3 11 15
3 12 15
3 13 15
3 14 15
3 15 15
3 16 15
3 17 15
3 18 12
3 28 8
3 29 8
4 0 15
4 1 15
4 2 15
4 3 15
4 4 15
4 5 15
4 6 15
4 7 15
4 8 15
4 9 15
4 10 15
4 11 15
4 12 15
4 13 15
4 14 15
4 15 15
4 16 15
4 17 15
4 18 15
4 19 12
4 20 8
4 21 8
4 22 8
4 23 8
4 24 8
4 25 8
4 26 8
4 27 9
4 28 15
4 29 15
4 30 12
4 31 8
5 0 15
5 1 15
5 2 15
5 3 15
5 4 15
5 5 15
5 6 15
5 7 15
5 8 15
5 9 15
5 10 15
5 11 15
5 12 15
5 13 15
5 14 15
5 15 15
5 16 15
5 17 15
5 18 15
5 19 15
5 20 15
5 21 15
5 22 15
5 23 15
5 24 15
5 25 15
5 26 15
5 27 15
5 28 15
5 29 15
5 30 15
5 31 15
5 32 12
6 0 15
6 1 15
6 2 15
6 3 15
6 4 15
6 5 15
6 6 15
6 7 15
6 8 15
6 9 15
6 10 15
6 11 15
6 12 15
6 13 15
6 14 15
6 15 15
6 16 15
6 17 15
6 18 15
6 19 15
6 20 15
6 21 6
6 22 11
6 23 15
6 24 15
6 25 15
6 26 15
6 27 15
6 28 15
6 29 15
6 30 15
6 31 15
6 32 15
6 33 4
7 0 15
7 1 15
7 2 15
7 3 15
7 4 15
7 5 15
7 6 15
7 7 15
7 8 15
7 9 15
7 10 15
7 11 15
7 12 15
7 13 15
7 14 15
7 15 15
7 16 15
7 17 15
7 18 15
7 19 15
7 20 15
7 21 13
7 22 15
7 23 15
7 24 15
7 25 15
7 26 15
7 27 6
7 28 3
7 29 15
7 30 15
7 31 15
7 32 15
7 33 12
8 0 15
8 1 15
8 2 15
8 3 15
8 4 15
8 5 15
8 6 15
8 7 15
8 8 15
8 9 15
8 10 15
8 11 15
8 12 15
8 13 15
8 14 15
8 15 15
8 16 15
8 17 15
8 18 15
8 19 15
8 20 15
8 21 15
8 22 15
8 23 15
8 24 15
8 25 15
8 26 6
8 29 2
8 30 3
8 31 15
8 32 15
8 33 15
8 34 4
8 60 8
9 0 15
9 1 15
9 2 15
9 3 15
9 4 15
9 5 15
9 6 15
9 7 15
9 8 15
9 9 15
9 10 15
9 11 15
9 12 15
9 13 15
9 14 15
9 15 15
9 16 15
9 17 15
9 18 15
9 19 15
9 20 15
9 21 15
9 22 15
9 23 15
9 24 15
9 25 6
9 27 8
9 30 1
9 31 15
9 32 15
9 33 15
9 34 12
9 59 1
9 60 15
9 61 4
10 0 15
10 1 15
10 2 15
10 3 15
10 4 15
10 5 15
10 6 15
10 7 15
10 8 15
10 9 15
10 10 15
10 11 15
10 12 15
10 13 15
10 14 15
10 15 15
10 16 15
10 17 15
10 18 15
10 19 15
10 20 15
10 21 15
10 22 6
10 23 2
10 24 2
10 26 9
10 27 15
10 28 4
10 31 3
10 32 15
10 33 15
10 34 15
10 35 4
10 60 2
11 0 15
11 1 15
11 2 15
11 3 15
11 4 15
11 5 15
11 6 15
11 7 15
11 8 15
11 9 15
11 10 15
11 11 15
11 12 15
11 13 15
11 14 15
11 15 15
11 16 15
11 17 15
11 18 15
11 19 15
11 20 15
11 21 6
11 23 8
11 24 8
11 26 2
11 27 2
11 31 1
11 32 15
11 33 15
11 34 15
11 35 4
12 0 15
12 1 15
12 2 15
12 3 15
12 4 15
12 5 15
12 6 15
12 7 15
12 8 15
12 9 15
12 10 15
12 11 15
12 12 15
12 13 15
12 14 15
12 15 15
12 16 15
12 17 15
12 18 15
12 19 15
12 20 6
12 22 9
12 23 15
12 24 6
12 25 8
12 27 8
12 29 1
12 30 4
12 31 1
12 32 15
12 33 15
12 34 15
12 35 4
13 0 15
13 1 15
13 2 15
13 3 15
13 4 15
13 5 15
13 6 15
13 7 15
13 8 15
13 9 15
13 10 15
13 11 15
13 12 15
13 13 15
13 14 15
13 15 15
13 16 15
13 17 15
13 18 15
13 19 15
13 20 4
13 21 1
13 22 15
13 23 6
13 24 9
13 25 15
13 26 5
13 27 15
13 28 12
13 32 3
13 33 15
13 34 15
13 35 4
14 0 15
14 1 15
14 2 15
14 3 15
14 4 15
14 5 15
14 6 15
14 7 15
14 8 15
14 9 15
14 10 15
14 11 15
14 12 15
14 13 15
14 14 15
14 15 15
14 16 15
14 17 15
14 18 15
14 19 15
14 20 4
14 21 1
14 22 6
14 23 1
14 24 15
14 25 6
14 27 3
14 28 15
14 29 4
14 32 1
14 33 15
14 34 15
14 35 12
15 0 15
15 1 15
15 2 15
15 3 15
15 4 15
15 5 15
15 6 15
15 7 15
15 8 15
15 9 15
15 10 15
15 11 15
15 12 15
15 13 15
15 14 15
15 15 15
15 16 15
15 17 15
15 18 15
15 19 6
15 23 1
15 24 6
15 28 2
15 32 1
15 33 15
15 34 15
15 35 15
15 36 12
16 0 15
16 1 15
16 2 15
16 3 15
16 4 15
16 5 15
16 6 15
16 7 15
16 8 15
16 9 15
16 10 15
16 11 15
16 12 15
16 13 15
16 14 15
16 15 15
16 16 15
16 17 15
16 18 6
16 23 1
16 24 4
16 28 1
16 29 4
16 33 3
16 34 15
16 35 15
16 36 15
16 37 12
16 38 8
17 0 15
17 1 15
17 2 15
17 3 15
17 4 15
17 5 15
17 6 15
17 7 15
17 8 15
17 9 15
17 10 15
17 11 15
17 12 15
17 13 15
17 14 15
17 15 15
17 16 15
17 17 6
17 23 1
17 24 4
17 28 1
17 29 4
17 34 3
17 35 15
17 36 15
17 37 15
17 38 15
17 39 12
18 0 15
18 1 15
18 2 15
18 3 15
18 4 15
18 5 15
18 6 15
18 7 15
18 8 15
18 9 15
18 10 15
18 11 15
18 12 15
18 13 15
18 14 15
18 15 15
18 16 15
18 17 4
18 23 9
18 24 4
18 28 1
18 29 4
18 34 1
18 35 15
18 36 15
18 37 15
18 38 15
18 39 15
18 40 12
18 41 8
19 0 15
19 1 15
19 2 15
19 3 15
19 4 15
19 5 15
19 6 15
19 7 15
19 8 15
19 9 15
19 10 15
19 11 15
19 12 15
19 13 15
19 14 15
19 15 15
19 16 15
19 17 4
19 22 9
19 23 15
19 24 4
19 28 1
19 29 12
19 34 1
19 35 15
19 36 15
19 37 15
19 38 15
19 39 15
19 40 15
19 41 15
19 42 12
20 0 15
20 1 15
20 2 15
20 3 15
20 4 15
20 5 15
20 6 15
20 7 15
20 8 15
20 9 15
20 10 15
20 11 15
20 12 15
20 13 15
20 14 15
20 15 15
20 16 6
20 22 2
20 23 2
20 28 1
20 29 15
20 30 4
20 33 1
20 34 4
20 35 3
20 36 15
20 37 15
20 38 15
20 39 15
20 40 15
20 41 15
20 42 15
20 43 12
21 0 15
21 1 15
21 2 15
21 3 15
21 4 15
21 5 15
21 6 15
21 7 15
21 8 15
21 9 15
21 10 15
21 11 15
21 12 15
21 13 15
21 14 15
21 15 15
21 16 4
21 17 1
21 18 4
21 29 2
21 31 1
21 32 4
21 35 1
21 36 15
21 37 15
21 38 15
21 39 15
21 40 15
21 41 15
21 42 15
21 43 15
21 44 4
22 0 15
22 1 15
22 2 15
22 3 15
22 4 15
22 5 15
22 6 15
22 7 15
22 8 15
22 9 15
22 10 15
22 11 15
22 12 15
22 13 15
22 14 6
22 15 2
22 19 1
22 20 4
22 31 1
22 32 12
22 36 3
22 37 15
22 38 15
22 39 15
22 40 15
22 41 15
22 42 15
22 43 15
22 44 4
23 0 15
23 1 15
23 2 15
23 3 15
23 4 15
23 5 15
23 6 15
23 7 15
23 8 15
23 9 15
23 10 15
23 11 15
23 12 15
23 13 15
23 14 4
23 19 1
23 20 12
23 31 1
23 32 15
23 33 4
23 37 3
23 38 15
23 39 15
23 40 15
23 41 15
23 42 15
23 43 15
23 44 12
24 0 15
24 1 15
24 2 15
24 3 15
24 4 15
24 5 15
24 6 15
24 7 15
24 8 15
24 9 15
24 10 15
24 11 15
24 12 15
24 13 15
24 14 4
24 19 1
24 20 15
24 21 4
24 22 8
24 24 8
24 25 8
24 27 8
24 32 3
24 33 4
24 34 1
24 35 4
24 37 1
24 38 15
24 39 15
24 40 15
24 41 15
24 42 15
24 43 15
24 44 15
24 45 4
25 0 15
25 1 15
25 2 15
25 3 15
25 4 15
25 5 15
25 6 15
25 7 15
25 8 15
25 9 15
25 10 15
25 11 15
25 12 15
25 13 15
25 14 4
25 20 2
25 22 2
25 24 2
25 25 2
25 26 1
25 27 15
25 28 4
25 32 1
25 33 4
25 38 3
25 39 15
25 40 15
25 41 15
25 42 15
25 43 15
25 44 15
25 45 12
26 0 15
26 1 15
26 2 15
26 3 15
26 4 15
26 5 15
26 6 15
26 7 15
26 8 15
26 9 15
26 10 15
26 11 15
26 12 15
26 13 6
26 14 1
26 15 4
26 17 8
26 20 8
26 27 3
26 28 4
26 32 1
26 33 4
26 37 8
26 38 8
26 39 3
26 40 15
26 41 15
26 42 15
26 43 15
26 44 15
26 45 15
26 46 4
27 0 15
27 1 15
27 2 15
27 3 15
27 4 15
27 5 15
27 6 15
27 7 15
27 8 15
27 9 15
27 10 15
27 11 15
27 12 15
27 13 4
27 14 1
27 15 4
27 16 1
27 17 15
27 18 4
27 19 1
27 20 15
27 21 4
27 27 1
27 28 4
27 32 9
27 33 4
27 37 2
27 38 2
27 40 3
27 41 15
27 42 15
27 43 15
27 44 15
27 45 15
27 46 4
28 0 15
28 1 15
28 2 15
28 3 15
28 4 15
28 5 15
28 6 15
28 7 15
28 8 15
28 9 15
28 10 15
28 11 15
28 12 6
28 14 1
28 15 4
28 16 1
28 17 6
28 20 2
28 27 1
28 28 12
28 29 8
28 30 8
28 31 9
28 32 15
28 33 4
28 41 3
28 42 15
28 43 15
28 44 15
28 45 6
29 0 15
29 1 15
29 2 15
29 3 15
29 4 15
29 5 15
29 6 15
29 7 15
29 8 15
29 9 15
29 10 15
29 11 15
29 12 4
29 14 1
29 15 4
29 16 1
29 17 12
29 20 8
29 28 2
29 29 2
29 30 2
29 31 2
29 32 2
29 42 3
29 43 15
29 44 6
30 0 15
30 1 15
30 2 15
30 3 15
30 4 15
30 5 15
30 6 15
30 7 15
30 8 15
30 9 15
30 10 15
30 11 15
30 12 4
30 16 1
30 17 15
30 18 4
30 19 9
30 20 15
30 21 4
30 42 1
30 43 15
30 44 4
31 0 15
31 1 15
31 2 15
31 3 15
31 4 15
31 5 15
31 6 15
31 7 15
31 8 15
31 9 15
31 10 15
31 11 15
31 12 4
31 17 2
31 19 2
31 20 2
31 42 1
31 43 15
31 44 12
32 0 15
32 1 15
32 2 15
32 3 15
32 4 15
32 5 15
32 6 15
32 7 15
32 8 15
32 9 15
32 10 15
32 11 6
32 24 8
32 25 8
32 26 8
32 27 8
32 28 8
32 29 8
32 30 8
32 31 8
32 42 1
32 43 15
32 44 15
32 45 4
33 0 15
33 1 15
33 2 15
33 3 15
33 4 15
33 5 15
33 6 15
33 7 15
33 8 15
33 9 15
33 10 6
33 24 2
33 25 2
33 26 2
33 27 2
33 28 2
33 29 2
33 30 2
33 31 2
33 42 1
33 43 15
33 44 15
33 45 4
34 0 15
34 1 15
34 2 15
34 3 15
34 4 15
34 5 15
34 6 15
34 7 15
34 8 15
34 9 6
34 42 1
34 43 15
34 44 15
34 45 12
35 0 15
35 1 15
35 2 15
35 3 15
35 4 15
35 5 15
35 6 15
35 7 15
35 8 6
35 43 3
35 44 15
35 45 15
35 46 4
36 0 2
36 1 2
36 2 2
36 3 2
36 4 2
36 5 2
36 6 2
36 7 2
36 44 3
36 45 15
36 46 12
36 53 1
36 54 4
36 55 1
36 56 12
37 44 1
37 45 15
37 46 15
37 47 12
37 52 8
37 53 9
37 54 4
37 55 1
37 56 15
37 57 12
38 45 3
38 46 15
38 47 15
38 48 12
38 49 8
38 50 8
38 51 9
38 52 15
38 53 15
38 54 4
38 55 1
38 56 15
38 57 15
38 58 12
39 46 3
39 47 15
39 48 15
39 49 15
39 50 15
39 51 15
39 52 15
39 53 15
39 54 4
39 55 1
39 56 15
39 57 15
39 58 15
39 59 12
40 47 3
40 48 15
40 49 15
40 50 15
40 51 15
40 52 6
40 53 3
40 54 4
40 55 1
40 56 6
40 57 3
40 58 15
40 59 15
40 60 12
41 48 3
41 49 15
41 50 15
41 51 6
41 57 1
41 58 15
41 59 15
41 60 15
41 61 12
42 49 2
42 50 2
42 58 3
42 59 15
42 60 15
42 61 15
42 62 4
43 58 1
43 59 15
43 60 15
43 61 15
43 62 4
44 58 1
44 59 15
44 60 15
44 61 15
44 62 12
45 32 8
45 33 8
45 34 8
45 35 8
45 59 3
45 60 15
45 61 15
45 62 15
45 63 4
46 32 2
46 33 2
46 34 2
46 35 2
46 59 1
46 60 15
46 61 15
46 62 15
46 63 12
47 60 3
47 61 15
47 62 15
47 63 15
48 60 1
48 61 15
48 62 15
48 63 15
49 61 3
49 62 15
49 63 15
50 61 1
50 62 15
50 63 15
51 61 1
51 62 15
51 63 15
52 25 1
52 26 4
52 62 3
52 63 15
53 63 2
54 26 8
55 25 1
55 26 15
55 27 4
56 26 2
60 35 1
60 36 4
61 35 1
61 36 4
62 30 8
62 35 8
63 29 1
63 30 15
63 31 4
63 32 8
63 33 8
63 34 1
63 35 15
63 36 4
