0
1 58 8
1 59 8
1 60 8
1 61 8
1 62 8
2 57 1
2 58 6
2 59 2
2 60 2
2 61 2
2 62 3
2 63 4
3 57 1
3 58 4
3 62 1
3 63 4
4 57 1
4 58 4
5 57 1
5 58 12
5 59 8
5 60 8
5 61 8
5 62 8
6 15 8
6 16 8
6 57 1
6 58 7
6 59 15
6 60 6
6 61 2
6 62 2
7 15 2
7 16 2
7 57 1
7 58 4
7 59 11
7 60 4
8 57 1
8 58 13
8 59 15
8 60 4
8 62 8
9 57 1
9 58 6
9 59 2
9 62 3
9 63 4
10 57 1
10 58 4
11 57 1
11 58 12
11 59 8
11 60 8
11 61 8
11 62 9
11 63 4
12 30 1
12 31 4
12 58 2
12 59 2
12 60 2
12 61 2
12 62 2
13 8 8
13 9 8
13 30 1
13 31 4
14 8 2
14 9 2
14 30 1
14 31 4
14 58 8
14 60 8
14 61 8
14 62 8
15 6 9
15 7 4
15 9 8
15 30 1
15 31 4
15 57 1
15 58 6
15 60 2
15 61 2
15 62 3
15 63 4
16 4 1
16 5 5
16 6 15
16 7 4
16 8 1
16 9 15
16 10 4
16 30 1
16 31 4
16 57 1
16 58 4
17 4 1
17 5 5
17 6 6
17 9 2
17 57 1
17 58 4
18 4 1
18 5 5
18 6 4
18 8 1
18 9 4
18 57 1
18 58 4
18 62 1
18 63 4
19 4 1
19 5 5
19 6 4
19 8 9
19 9 4
19 57 1
19 58 4
19 61 8
19 62 1
19 63 4
20 4 1
20 5 4
20 7 1
20 8 15
20 9 4
20 57 1
20 58 4
20 60 1
20 61 15
20 62 4
21 4 1
21 5 4
21 8 2
21 57 1
21 58 4
21 60 1
21 61 6
22 4 1
22 5 4
22 6 8
22 9 8
22 57 1
22 58 4
22 60 1
22 61 4
23 4 1
23 5 5
23 6 15
23 7 4
23 8 1
23 9 15
23 10 4
23 57 1
23 58 12
23 60 1
23 61 4
24 5 1
24 6 6
24 9 2
24 16 8
24 17 8
24 18 8
24 19 8
24 57 1
24 58 6
25 5 1
25 6 4
25 16 2
25 17 2
25 18 2
25 19 2
25 57 1
25 58 4
26 4 1
26 5 5
26 6 4
27 4 1
27 5 5
27 6 4
28 5 1
28 6 4
28 9 1
28 10 4
28 13 1
28 14 4
28 18 1
28 19 4
28 22 1
28 23 4
29 7 8
29 8 8
29 13 1
29 14 4
29 18 1
29 19 4
29 22 1
29 23 4
30 7 2
30 8 2
30 13 1
30 14 4
30 18 1
30 19 4
30 22 1
30 23 4
30 60 8
31 13 1
31 14 4
31 18 1
31 19 4
31 57 1
31 58 4
31 60 3
31 61 4
32 13 1
32 14 4
32 57 1
32 58 4
32 60 1
32 61 12
33 13 1
33 14 4
33 57 1
33 58 4
33 60 1
33 61 15
33 62 4
34 13 1
34 14 4
34 57 1
34 58 4
34 61 2
35 13 1
35 14 4
35 57 1
35 58 4
36 57 1
36 58 4
36 62 1
36 63 4
37 12 8
37 13 8
37 14 8
37 15 8
37 16 8
37 18 8
37 19 8
37 20 8
37 21 8
37 22 8
37 23 8
37 57 1
37 58 4
37 59 8
37 60 8
37 61 8
37 62 1
37 63 4
38 12 2
38 13 2
38 14 2
38 15 2
38 16 2
38 18 2
38 19 2
38 20 2
38 21 2
38 22 2
38 23 2
38 59 2
38 60 2
38 61 2
46 57 1
46 58 4
46 63 1
47 0 8
47 57 1
47 58 4
47 63 1
48 0 15
48 1 12
48 57 1
48 58 4
48 63 1
49 0 15
49 1 15
49 2 12
49 57 1
49 58 4
49 63 1
50 0 15
50 1 15
50 2 15
50 3 4
50 57 1
50 58 4
50 63 1
51 0 15
51 1 15
51 2 15
51 3 12
51 57 1
51 58 4
51 63 1
52 0 15
52 1 15
52 2 15
52 3 15
52 4 12
52 5 8
52 57 1
52 58 4
52 63 1
53 0 3
53 1 15
53 2 15
53 3 15
53 4 15
53 5 15
53 6 12
53 57 1
53 58 4
53 63 1
54 1 3
54 2 15
54 3 15
54 4 15
54 5 15
54 6 15
54 7 12
54 57 1
54 58 4
54 63 1
55 2 3
55 3 15
55 4 15
55 5 15
55 6 15
55 7 15
55 8 12
55 57 1
55 58 4
56 2 1
56 3 15
56 4 15
56 5 15
56 6 15
56 7 15
56 8 15
56 9 12
56 10 8
56 57 1
56 58 4
57 3 3
57 4 15
57 5 15
57 6 15
57 7 15
57 8 15
57 9 15
57 10 15
57 11 12
57 57 1
57 58 4
57 63 1
58 4 2
58 5 3
58 6 15
58 7 15
58 8 15
58 9 15
58 10 15
58 11 15
58 12 12
58 57 1
58 58 4
58 63 1
59 6 2
59 7 3
59 8 15
59 9 15
59 10 15
59 11 15
59 12 15
59 13 12
59 57 1
59 58 12
59 63 9
60 8 2
60 9 3
60 10 15
60 11 15
60 12 15
60 13 15
60 14 12
60 58 2
60 63 2
61 10 3
61 11 15
61 12 15
61 13 15
61 14 15
61 15 12
62 11 3
62 12 15
62 13 15
62 14 15
62 15 15
62 16 12
62 31 8
62 32 8
62 33 8
62 34 8
62 35 8
62 36 8
62 37 8
62 38 8
62 39 8
62 40 8
63 11 1
63 12 15
63 13 15
63 14 15
63 15 15
63 16 15
63 17 4
63 30 1
63 31 15
63 32 6
63 33 2
63 34 10
63 35 10
63 36 10
63 37 2
63 38 2
63 39 3
63 40 15
63 41 4
