0
1 36 8
1 37 8
1 38 8
1 39 8
1 40 8
1 41 8
1 42 8
1 43 8
1 44 8
1 45 8
1 55 8
1 56 8
1 57 8
1 58 8
1 59 8
2 36 2
2 37 2
2 38 2
2 39 2
2 40 2
2 41 2
2 42 2
2 43 2
2 44 3
2 45 15
2 46 12
2 54 9
2 55 15
2 56 6
2 57 2
2 58 3
2 59 15
2 60 12
3 45 3
3 46 15
3 47 4
3 53 1
3 54 15
3 55 6
3 59 3
3 60 15
3 61 12
3 62 8
4 24 8
4 25 8
4 26 8
4 27 8
4 28 8
4 36 8
4 37 8
4 38 8
4 39 8
4 40 8
4 41 8
4 42 8
4 43 8
4 44 8
4 46 2
4 54 2
4 60 2
4 61 3
4 62 15
4 63 4
5 23 9
5 24 15
5 25 6
5 26 2
5 27 3
5 28 15
5 29 12
5 35 9
5 36 15
5 37 6
5 38 2
5 39 2
5 40 2
5 41 2
5 42 2
5 43 3
5 44 15
5 45 12
5 46 8
5 54 8
5 62 2
6 21 8
6 22 9
6 23 15
6 24 6
6 28 3
6 29 15
6 30 12
6 31 8
6 32 8
6 33 8
6 34 9
6 35 15
6 36 6
6 44 2
6 45 2
6 46 2
6 53 1
6 54 15
6 55 12
6 62 1
6 63 4
7 20 1
7 21 15
7 22 6
7 23 2
7 29 2
7 30 2
7 31 2
7 32 2
7 33 2
7 34 2
7 35 2
7 54 3
7 55 15
7 56 12
7 57 8
7 62 9
7 63 4
8 20 1
8 21 6
8 55 2
8 56 3
8 57 15
8 58 4
8 61 9
8 62 15
8 63 4
9 20 9
9 21 4
9 57 3
9 58 12
9 60 1
9 61 15
9 62 6
10 19 9
10 20 15
10 21 4
10 57 1
10 58 15
10 59 4
10 60 1
10 61 6
11 18 1
11 19 15
11 20 6
11 58 2
12 18 1
12 19 6
13 7 1
13 8 12
13 18 1
13 19 12
14 7 1
14 8 15
14 9 12
14 18 1
14 19 15
14 20 12
14 45 8
14 46 8
14 47 8
14 49 8
15 8 3
15 9 15
15 10 12
15 19 3
15 20 15
15 21 4
15 43 8
15 44 9
15 45 15
15 46 6
15 47 2
15 48 1
15 49 15
15 50 12
15 51 8
16 9 3
16 10 15
16 11 4
16 20 2
16 42 1
16 43 15
16 44 6
16 45 2
16 49 2
16 50 3
16 51 15
16 52 4
17 10 3
17 11 4
17 43 2
17 51 3
17 52 4
18 10 9
18 11 4
18 42 1
18 43 4
18 45 8
18 51 1
18 52 4
19 9 9
19 10 15
19 11 4
19 42 1
19 43 4
19 44 1
19 45 15
19 46 4
19 51 9
19 52 4
20 8 9
20 9 15
20 10 6
20 42 1
20 43 12
20 45 2
20 50 9
20 51 15
20 52 4
21 7 9
21 8 15
21 9 6
21 42 1
21 43 15
21 44 12
21 49 1
21 50 15
21 51 6
21 58 8
22 6 9
22 7 15
22 8 6
22 14 8
22 15 8
22 43 3
22 44 15
22 45 12
22 47 8
22 49 1
22 50 15
22 51 12
22 57 9
22 58 15
22 59 4
22 60 1
22 61 12
23 5 1
23 6 15
23 7 6
23 13 1
23 14 15
23 15 15
23 16 12
23 44 3
23 45 14
23 46 1
23 47 15
23 48 4
23 50 3
23 51 15
23 52 12
23 53 8
23 56 1
23 57 15
23 58 6
23 60 1
23 61 15
23 62 12
24 5 1
24 6 6
24 13 9
24 14 6
24 15 3
24 16 15
24 17 12
24 44 1
24 45 15
24 46 12
24 47 2
24 51 2
24 52 3
24 53 15
24 54 12
24 56 9
24 57 6
24 61 3
24 62 15
24 63 4
25 5 1
25 6 4
25 12 9
25 13 15
25 14 4
25 16 3
25 17 15
25 18 4
25 45 3
25 46 15
25 47 12
25 53 3
25 54 15
25 55 13
25 56 15
25 57 4
25 62 10
25 63 8
26 5 1
26 6 4
26 11 1
26 12 15
26 13 6
26 17 3
26 18 4
26 46 3
26 47 15
26 48 12
26 49 8
26 50 8
26 51 8
26 54 2
26 55 2
26 56 2
26 61 9
26 62 15
26 63 6
27 5 1
27 6 12
27 11 1
27 12 14
27 17 1
27 18 4
27 47 2
27 48 2
27 49 2
27 50 3
27 51 15
27 52 4
27 59 1
27 60 13
27 61 15
27 62 6
28 5 1
28 6 15
28 7 4
28 11 1
28 12 15
28 13 12
28 17 9
28 18 4
28 51 11
28 52 4
28 56 8
28 57 9
28 58 12
28 59 9
28 60 15
28 61 6
29 6 3
29 7 12
29 12 3
29 13 15
29 14 12
29 16 9
29 17 15
29 18 4
29 37 8
29 38 8
29 39 8
29 40 8
29 50 9
29 51 15
29 52 4
29 55 9
29 56 15
29 57 6
29 58 2
29 59 2
29 60 2
30 6 1
30 7 15
30 8 4
30 13 3
30 14 15
30 15 13
30 16 15
30 17 6
30 36 1
30 37 15
30 38 6
30 39 3
30 40 15
30 41 4
30 49 9
30 50 15
30 51 6
30 54 1
30 55 15
30 56 6
31 7 3
31 8 4
31 14 2
31 15 2
31 16 2
31 36 8
31 37 2
31 40 3
31 41 12
31 48 1
31 49 15
31 50 6
31 54 1
31 55 6
32 9 8
32 35 9
32 36 15
32 37 4
32 40 1
32 41 15
32 42 12
32 48 1
32 49 6
32 54 1
32 55 4
33 8 1
33 9 15
33 10 12
33 17 8
33 34 1
33 35 6
33 36 2
33 41 3
33 42 15
33 43 4
33 48 1
33 49 4
33 54 9
33 55 4
34 9 3
34 10 15
34 11 12
34 12 8
34 13 8
34 16 1
34 17 15
34 18 12
34 34 1
34 35 12
34 42 2
34 53 9
34 54 15
34 55 4
35 10 2
35 11 2
35 12 3
35 13 15
35 14 12
35 17 3
35 18 15
35 19 12
35 34 1
35 35 15
35 36 12
35 41 8
35 49 8
35 52 9
35 53 15
35 54 6
36 13 3
36 14 15
36 15 12
36 18 3
36 19 15
36 20 12
36 35 3
36 36 15
36 37 12
36 40 9
36 41 15
36 42 4
36 48 1
36 49 15
36 50 12
36 51 9
36 52 15
36 53 6
37 14 3
37 15 15
37 16 12
37 19 3
37 20 15
37 21 12
37 36 2
37 37 2
37 40 2
37 41 2
37 49 2
37 50 2
37 51 2
37 52 2
38 15 3
38 16 15
38 17 12
38 20 3
38 21 15
38 22 4
39 16 3
39 17 15
39 18 12
39 21 3
39 22 12
40 17 3
40 18 15
40 19 12
40 21 1
40 22 15
40 23 12
40 24 8
40 25 8
40 26 8
41 18 3
41 19 15
41 20 12
41 22 2
41 23 2
41 24 2
41 25 3
41 26 15
41 27 12
41 28 8
41 51 8
41 52 8
41 53 8
41 54 8
42 19 3
42 20 15
42 21 4
42 26 2
42 27 3
42 28 15
42 29 12
42 35 8
42 36 8
42 37 8
42 50 1
42 51 15
42 52 6
42 53 3
42 54 15
42 55 12
43 20 3
43 21 4
43 28 3
43 29 15
43 30 4
43 34 1
43 35 15
43 36 7
43 37 15
43 38 4
43 40 8
43 41 8
43 42 8
43 43 8
43 51 2
43 54 3
43 55 15
43 56 4
44 20 1
44 21 4
44 29 3
44 30 12
44 34 1
44 35 6
44 37 2
44 40 2
44 41 2
44 42 3
44 43 15
44 44 12
44 50 1
44 51 12
44 55 2
45 20 1
45 21 4
45 29 1
45 30 15
45 31 4
45 34 1
45 35 12
45 43 3
45 44 15
45 45 4
45 50 1
45 51 15
45 52 12
45 55 1
45 56 4
46 20 9
46 21 4
46 30 2
46 34 1
46 35 15
46 36 12
46 44 11
46 45 4
46 51 3
46 52 15
46 53 12
46 55 9
46 56 4
47 19 9
47 20 15
47 21 4
47 35 3
47 36 15
47 37 12
47 43 1
47 44 15
47 45 4
47 52 3
47 53 15
47 54 13
47 55 15
47 56 4
48 18 9
48 19 15
48 20 6
48 36 3
48 37 15
48 38 12
48 43 9
48 44 6
48 53 2
48 54 2
48 55 2
49 17 1
49 18 15
49 19 6
49 37 3
49 38 15
49 39 12
49 40 8
49 41 8
49 42 9
49 43 15
49 44 4
50 17 9
50 18 6
50 38 2
50 39 2
50 40 2
50 41 2
50 42 2
50 43 2
51 16 9
51 17 15
51 18 4
51 26 8
51 27 8
51 28 8
51 29 8
52 15 1
52 16 15
52 17 6
52 24 8
52 25 9
52 26 15
52 27 6
52 28 3
52 29 15
52 30 4
53 15 1
53 16 6
53 23 1
53 24 15
53 25 6
53 26 2
53 29 3
53 30 4
54 15 9
54 16 4
54 23 9
54 24 6
54 29 1
54 30 4
55 14 1
55 15 15
55 16 4
55 22 9
55 23 15
55 24 4
55 29 9
55 30 4
56 15 2
56 21 1
56 22 15
56 23 6
56 28 9
56 29 15
56 30 4
57 21 1
57 22 14
57 27 9
57 28 15
57 29 6
58 21 1
58 22 15
58 23 12
58 24 8
58 25 8
58 26 9
58 27 15
58 28 6
59 22 2
59 23 2
59 24 2
59 25 2
59 26 2
59 27 2
63 29 8
63 30 8
63 31 8
63 32 8
63 33 8
63 34 8
63 35 8
63 36 8
63 37 8
63 38 8
63 39 8
63 40 8
63 41 8
63 42 8
63 43 8
63 44 8
63 45 8
63 46 8
63 47 8
63 48 8
63 49 8
63 50 8
