0
11 48 8
11 49 8
11 50 8
12 47 9
12 48 15
12 49 15
12 50 15
12 51 12
12 52 8
13 46 9
13 47 15
13 48 15
13 49 15
13 50 15
13 51 15
13 52 15
13 53 4
14 45 9
14 46 15
14 47 15
14 48 15
14 49 15
14 50 15
14 51 15
14 52 15
14 53 12
15 44 9
15 45 15
15 46 15
15 47 15
15 48 15
15 49 15
15 50 15
15 51 15
15 52 15
15 53 15
15 54 12
16 43 9
16 44 15
16 45 15
16 46 15
16 47 15
16 48 15
16 49 15
16 50 15
16 51 15
16 52 15
16 53 15
16 54 15
16 55 4
17 42 1
17 43 15
17 44 15
17 45 15
17 46 15
17 47 15
17 48 15
17 49 15
17 50 15
17 51 15
17 52 15
17 53 15
17 54 15
17 55 4
18 42 1
18 43 15
18 44 15
18 45 15
18 46 15
18 47 15
18 48 15
18 49 15
18 50 15
18 51 15
18 52 15
18 53 15
18 54 6
19 43 3
19 44 15
19 45 15
19 46 15
19 47 15
19 48 15
19 49 15
19 50 15
19 51 15
19 52 15
19 53 6
20 44 3
20 45 15
20 46 15
20 47 15
20 48 15
20 49 15
20 50 15
20 51 15
20 52 6
21 45 2
21 46 3
21 47 15
21 48 15
21 49 15
21 50 6
21 51 2
22 47 2
22 48 2
22 49 2
26 27 8
26 28 8
26 29 8
27 27 2
27 28 2
27 29 2
30 25 8
31 24 1
31 25 15
31 26 12
31 27 8
31 29 8
32 25 2
32 26 2
32 27 2
32 29 2
34 15 8
35 14 9
35 15 15
35 16 12
36 12 8
36 13 9
36 14 15
36 15 15
36 16 15
36 17 12
36 18 8
37 11 9
37 12 15
37 13 15
37 14 15
37 15 15
37 16 15
37 17 15
37 18 15
37 19 4
38 10 9
38 11 15
38 12 15
38 13 15
38 14 15
38 15 15
38 16 15
38 17 15
38 18 15
38 19 4
39 9 1
39 10 15
39 11 15
39 12 15
39 13 6
39 14 3
39 15 15
39 16 15
39 17 15
39 18 15
39 19 4
40 9 9
40 10 15
40 11 15
40 12 15
40 13 4
40 15 3
40 16 15
40 17 15
40 18 6
41 8 9
41 9 15
41 10 15
41 11 15
41 12 15
41 13 4
41 16 2
41 17 2
42 7 1
42 8 15
42 9 15
42 10 15
42 11 15
42 12 15
42 13 4
43 8 3
43 9 15
43 10 15
43 11 15
43 12 14
44 8 1
44 9 15
44 10 15
44 11 15
44 12 15
44 13 4
45 9 3
45 10 15
45 11 15
45 12 15
45 13 4
46 9 1
46 10 15
46 11 15
46 12 15
46 13 4
47 9 1
47 10 15
47 11 15
47 12 6
48 9 1
48 10 15
48 11 15
48 12 12
48 13 8
49 9 9
49 10 15
49 11 15
49 12 15
49 13 15
49 14 4
49 19 8
49 20 8
49 21 8
50 8 1
50 9 15
50 10 15
50 11 15
50 12 15
50 13 15
50 14 12
50 18 9
50 19 15
50 20 15
50 21 15
50 22 12
50 23 8
51 8 1
51 9 15
51 10 15
51 11 15
51 12 15
51 13 15
51 14 15
51 15 12
51 16 8
51 17 9
51 18 15
51 19 15
51 20 15
51 21 15
51 22 15
51 23 15
51 24 12
52 8 1
52 9 15
52 10 15
52 11 15
52 12 15
52 13 15
52 14 15
52 15 15
52 16 15
52 17 15
52 18 15
52 19 15
52 20 15
52 21 15
52 22 15
52 23 15
52 24 15
52 25 4
53 9 3
53 10 15
53 11 15
53 12 15
53 13 6
53 14 3
53 15 15
53 16 15
53 17 15
53 18 15
53 19 15
53 20 15
53 21 15
53 22 15
53 23 15
53 24 15
53 25 4
54 10 2
54 11 2
54 12 2
54 14 1
54 15 15
54 16 15
54 17 15
54 18 15
54 19 15
54 20 15
54 21 15
54 22 15
54 23 15
54 24 15
54 25 4
55 15 3
55 16 15
55 17 15
55 18 15
55 19 15
55 20 15
55 21 15
55 22 15
55 23 15
55 24 6
56 16 2
56 17 2
56 18 3
56 19 15
56 20 15
56 21 15
56 22 15
56 23 15
56 24 4
57 18 1
57 19 15
57 20 15
57 21 15
57 22 15
57 23 6
58 19 3
58 20 15
58 21 15
58 22 6
59 20 2
59 21 2
