15
7 0 3
8 0 0
8 1 3
9 0 0
9 1 0
9 2 3
10 0 0
10 1 0
10 2 1
11 0 0
11 1 0
11 2 1
12 0 0
12 1 0
12 2 1
13 0 0
13 1 0
13 2 1
14 0 0
14 1 0
14 2 1
15 0 0
15 1 0
15 2 1
16 0 0
16 1 0
16 2 1
17 0 0
17 1 0
17 2 1
18 0 0
18 1 0
18 2 1
19 0 0
19 1 0
19 2 1
20 0 0
20 1 0
20 2 9
21 0 0
21 1 1
22 0 0
22 1 9
23 0 9
31 19 6
31 20 2
31 21 3
32 18 6
32 19 0
32 20 0
32 21 0
32 22 3
33 18 4
33 19 0
33 20 0
33 21 0
33 22 0
33 23 3
34 18 4
34 19 0
34 20 0
34 21 0
34 22 0
34 23 1
35 18 4
35 19 0
35 20 0
35 21 0
35 22 0
35 23 1
36 17 6
36 18 0
36 19 0
36 20 0
36 21 0
36 22 0
36 23 1
37 17 4
37 18 0
37 19 0
37 20 0
37 21 0
37 22 0
37 23 9
38 17 4
38 18 0
38 19 0
38 20 0
38 21 0
38 22 1
39 12 6
39 13 2
39 14 2
39 15 2
39 16 2
39 17 0
39 18 0
39 19 0
39 20 0
39 21 0
39 22 1
40 10 6
40 11 2
40 12 0
40 13 0
40 14 0
40 15 0
40 16 0
40 17 0
40 18 0
40 19 0
40 20 0
40 21 0
40 22 1
41 10 4
41 11 0
41 12 0
41 13 0
41 14 0
41 15 0
41 16 0
41 17 0
41 18 0
41 19 0
41 20 0
41 21 0
41 22 1
42 9 6
42 10 0
42 11 0
42 12 0
42 13 0
42 14 0
42 15 0
42 16 0
42 17 0
42 18 0
42 19 0
42 20 0
42 21 0
42 22 1
43 8 6
43 9 0
43 10 0
43 11 0
43 12 0
43 13 0
43 14 0
43 15 0
43 16 0
43 17 0
43 18 0
43 19 0
43 20 0
43 21 0
43 22 0
43 23 3
44 8 4
44 9 0
44 10 0
44 11 0
44 12 0
44 13 0
44 14 0
44 15 0
44 16 0
44 17 0
44 18 0
44 19 0
44 20 0
44 21 0
44 22 0
44 23 1
45 7 6
45 8 0
45 9 0
45 10 0
45 11 0
45 12 0
45 13 0
45 14 0
45 15 0
45 16 0
45 17 0
45 18 0
45 19 0
45 20 0
45 21 0
45 22 0
45 23 1
46 7 4
46 8 0
46 9 0
46 10 0
46 11 0
46 12 0
46 13 0
46 14 0
46 15 0
46 16 0
46 17 0
46 18 0
46 19 0
46 20 0
46 21 0
46 22 0
46 23 9
47 7 12
47 8 0
47 9 0
47 10 0
47 11 0
47 12 0
47 13 0
47 14 0
47 15 0
47 16 0
47 17 0
47 18 0
47 19 0
47 20 0
47 21 0
47 22 1
48 8 12
48 9 0
48 10 0
48 11 0
48 12 0
48 13 0
48 14 0
48 15 0
48 16 0
48 17 0
48 18 0
48 19 0
48 20 0
48 21 0
48 22 1
49 9 4
49 10 0
49 11 0
49 12 0
49 13 0
49 14 0
49 15 0
49 16 0
49 17 0
49 18 0
49 19 0
49 20 0
49 21 0
49 22 1
50 9 4
50 10 0
50 11 0
50 12 0
50 13 0
50 14 0
50 15 0
50 16 0
50 17 0
50 18 0
50 19 0
50 20 0
50 21 0
50 22 1
51 9 4
51 10 0
51 11 0
51 12 0
51 13 0
51 14 0
51 15 0
51 16 0
51 17 0
51 18 0
51 19 0
51 20 0
51 21 0
51 22 1
52 9 4
52 10 0
52 11 0
52 12 0
52 13 0
52 14 0
52 15 0
52 16 0
52 17 0
52 18 0
52 19 0
52 20 0
52 21 0
52 22 1
53 9 12
53 10 0
53 11 0
53 12 0
53 13 0
53 14 0
53 15 0
53 16 0
53 17 0
53 18 0
53 19 0
53 20 0
53 21 0
53 22 9
54 10 12
54 11 0
54 12 0
54 13 0
54 14 0
54 15 0
54 16 0
54 17 0
54 18 0
54 19 0
54 20 8
54 21 9
55 11 12
55 12 0
55 13 0
55 14 0
55 15 0
55 16 0
55 17 0
55 18 0
55 19 9
56 12 12
56 13 8
56 14 8
56 15 0
56 16 8
56 17 8
56 18 9
57 15 13
