15
0 7 4
0 8 0
0 9 0
0 10 0
0 11 1
1 6 6
1 7 0
1 8 0
1 9 0
1 10 0
1 11 0
1 12 2
1 13 3
2 5 6
2 6 0
2 7 0
2 8 0
2 9 0
2 10 0
2 11 0
2 12 0
2 13 0
2 14 3
3 4 6
3 5 0
3 6 0
3 7 0
3 8 0
3 9 0
3 10 0
3 11 0
3 12 0
3 13 0
3 14 0
3 15 2
3 16 2
3 17 2
3 18 2
3 19 2
3 20 2
3 21 3
4 3 6
4 4 0
4 5 0
4 6 0
4 7 0
4 8 0
4 9 0
4 10 0
4 11 0
4 12 0
4 13 0
4 14 0
4 15 0
4 16 0
4 17 0
4 18 0
4 19 0
4 20 0
4 21 0
4 22 3
5 3 4
5 4 0
5 5 0
5 6 0
5 7 8
5 8 8
5 9 8
5 10 8
5 11 0
5 12 0
5 13 8
5 14 0
5 15 0
5 16 0
5 17 0
5 18 0
5 19 8
5 20 8
5 21 8
5 22 0
5 23 3
6 1 6
6 2 2
6 3 0
6 4 0
6 5 0
6 6 0
6 7 2
6 8 2
6 9 2
6 10 2
6 11 0
6 12 1
6 14 4
6 15 0
6 16 0
6 17 0
6 18 1
6 20 7
6 22 12
6 23 1
7 0 2
7 1 0
7 2 0
7 3 0
7 4 8
7 5 8
7 6 8
7 7 8
7 8 8
7 9 8
7 10 0
7 11 0
7 12 0
7 13 2
7 14 0
7 15 0
7 16 0
7 17 0
7 18 1
7 19 6
7 20 0
7 21 3
7 23 4
7 24 3
8 0 0
8 1 0
8 2 0
8 3 9
8 5 6
8 6 2
8 7 2
8 8 3
8 10 12
8 11 0
8 12 0
8 13 0
8 14 0
8 15 0
8 16 0
8 17 0
8 18 1
8 19 4
8 20 0
8 21 0
8 22 3
8 23 4
8 24 0
8 25 2
8 26 3
8 29 6
8 30 2
8 31 3
9 0 0
9 1 0
9 2 9
9 4 6
9 5 0
9 6 0
9 7 0
9 8 0
9 9 3
9 11 12
9 12 0
9 13 0
9 14 0
9 15 0
9 16 0
9 17 0
9 18 1
9 19 4
9 20 0
9 21 0
9 22 1
9 23 4
9 24 0
9 25 0
9 26 1
9 29 4
9 30 0
9 31 1
10 0 0
10 1 1
10 3 6
10 4 0
10 5 0
10 6 0
10 7 0
10 8 0
10 9 0
10 10 3
10 12 4
10 13 0
10 14 0
10 15 0
10 16 0
10 17 0
10 18 0
10 19 0
10 20 0
10 21 0
10 22 1
10 23 4
10 24 0
10 25 0
10 26 0
10 27 3
10 29 4
10 30 0
10 31 1
11 0 0
11 1 1
11 2 6
11 3 0
11 4 0
11 5 0
11 6 0
11 7 0
11 8 0
11 9 0
11 10 0
11 11 3
11 12 4
11 13 0
11 14 0
11 15 0
11 16 0
11 17 0
11 18 0
11 19 0
11 20 0
11 21 0
11 22 1
11 23 12
11 24 0
11 25 0
11 26 0
11 27 1
11 29 4
11 30 0
11 31 1
12 0 0
12 1 1
12 2 4
12 3 0
12 4 0
12 5 0
12 6 0
12 7 0
12 8 0
12 9 0
12 10 0
12 11 1
12 12 4
12 13 0
12 14 0
12 15 0
12 16 0
12 17 0
12 18 0
12 19 0
12 20 0
12 21 0
12 22 1
12 24 4
12 25 0
12 26 0
12 27 1
12 29 12
12 30 8
12 31 9
13 0 0
13 1 1
13 2 4
13 3 0
13 4 0
13 5 0
13 6 0
13 7 0
13 8 0
13 9 0
13 10 0
13 11 0
13 12 0
13 13 0
13 14 0
13 15 0
13 16 0
13 17 0
13 18 0
13 19 0
13 20 0
13 21 0
13 22 0
13 23 3
13 24 12
13 25 0
13 26 0
13 27 1
14 0 0
14 1 1
14 2 12
14 3 0
14 4 0
14 5 0
14 6 0
14 7 0
14 8 0
14 9 0
14 10 0
14 11 9
14 12 4
14 13 0
14 14 0
14 15 0
14 16 0
14 17 0
14 18 0
14 19 0
14 20 0
14 21 0
14 22 0
14 23 1
14 25 4
14 26 0
14 27 1
15 0 0
15 1 1
15 3 12
15 4 0
15 5 0
15 6 0
15 7 0
15 8 0
15 9 0
15 10 9
15 12 4
15 13 0
15 14 0
15 15 0
15 16 0
15 17 0
15 18 0
15 19 0
15 20 0
15 21 0
15 22 0
15 23 0
15 24 2
15 25 0
15 26 0
15 27 0
15 28 3
16 0 8
16 1 0
16 2 3
16 4 12
16 5 0
16 6 0
16 7 0
16 8 0
16 9 9
16 11 6
16 12 0
16 13 0
16 14 0
16 15 0
16 16 0
16 17 0
16 18 0
16 19 0
16 20 1
16 21 4
16 22 0
16 23 0
16 24 0
16 25 0
16 26 0
16 27 0
16 28 1
17 1 4
17 2 0
17 3 3
17 5 12
17 6 8
17 7 8
17 8 9
17 10 6
17 11 0
17 12 0
17 13 0
17 14 0
17 15 0
17 16 0
17 17 0
17 18 0
17 19 0
17 20 1
17 21 4
17 22 0
17 23 0
17 24 0
17 25 0
17 26 0
17 27 0
17 28 0
17 29 3
17 35 6
17 36 3
17 59 6
17 60 3
18 1 12
18 2 0
18 3 0
18 4 2
18 5 2
18 6 2
18 7 2
18 8 2
18 9 2
18 10 0
18 11 0
18 12 0
18 13 0
18 14 0
18 15 0
18 16 0
18 17 0
18 18 0
18 19 0
18 20 1
18 21 12
18 22 0
18 23 0
18 24 0
18 25 0
18 26 0
18 27 0
18 28 0
18 29 0
18 30 2
18 31 2
18 32 2
18 33 2
18 34 2
18 35 0
18 36 1
18 57 6
18 58 2
18 59 0
18 60 0
18 61 2
18 62 2
18 63 2
19 2 12
19 3 0
19 4 0
19 5 0
19 6 0
19 7 0
19 8 0
19 9 0
19 10 0
19 11 0
19 12 0
19 13 0
19 14 0
19 15 0
19 16 0
19 17 0
19 18 0
19 19 0
19 20 1
19 22 4
19 23 0
19 24 0
19 25 0
19 26 0
19 27 0
19 28 0
19 29 8
19 30 8
19 31 8
19 32 8
19 33 8
19 34 8
19 35 0
19 36 1
19 55 6
19 56 2
19 57 0
19 58 0
19 59 0
19 60 0
19 61 0
19 62 0
19 63 0
20 3 12
20 4 8
20 5 0
20 6 0
20 7 8
20 8 8
20 9 0
20 10 0
20 11 0
20 12 0
20 13 0
20 14 0
20 15 0
20 16 0
20 17 0
20 18 0
20 19 0
20 20 0
20 21 2
20 22 0
20 23 0
20 24 0
20 25 0
20 26 0
20 27 0
20 28 1
20 35 12
20 36 0
20 37 3
20 54 6
20 55 0
20 56 0
20 57 0
20 58 0
20 59 0
20 60 0
20 61 0
20 62 0
20 63 0
21 5 4
21 6 1
21 9 12
21 10 0
21 11 0
21 12 0
21 13 0
21 14 0
21 15 0
21 16 0
21 17 0
21 18 0
21 19 0
21 20 0
21 21 0
21 22 0
21 23 0
21 24 0
21 25 0
21 26 0
21 27 0
21 28 9
21 32 7
21 36 4
21 37 1
21 54 4
21 55 0
21 56 0
21 57 0
21 58 0
21 59 0
21 60 0
21 61 0
21 62 0
21 63 0
22 5 12
22 6 9
22 10 12
22 11 0
22 12 0
22 13 0
22 14 0
22 15 0
22 16 0
22 17 0
22 18 0
22 19 0
22 20 1
22 21 5
22 22 4
22 23 0
22 24 0
22 25 0
22 26 0
22 27 1
22 32 13
22 36 4
22 37 0
22 38 3
22 41 7
22 52 6
22 53 2
22 54 0
22 55 0
22 56 0
22 57 0
22 58 0
22 59 0
22 60 0
22 61 0
22 62 0
22 63 0
23 11 12
23 12 8
23 13 0
23 14 0
23 15 0
23 16 0
23 17 0
23 18 8
23 19 0
23 20 0
23 21 0
23 22 0
23 23 0
23 24 0
23 25 0
23 26 0
23 27 9
23 36 12
23 37 8
23 38 1
23 41 4
23 42 3
23 52 5
23 53 4
23 54 0
23 55 0
23 56 0
23 57 0
23 58 0
23 59 0
23 60 0
23 61 0
23 62 0
23 63 0
24 13 12
24 14 8
24 15 8
24 16 0
24 17 1
24 19 4
24 20 0
24 21 0
24 22 0
24 23 0
24 24 0
24 25 0
24 26 9
24 28 6
24 29 3
24 38 12
24 39 10
24 40 10
24 41 0
24 42 0
24 43 2
24 44 3
24 49 7
24 52 4
24 53 0
24 54 0
24 55 0
24 56 0
24 57 0
24 58 0
24 59 0
24 60 0
24 61 0
24 62 0
24 63 0
25 3 6
25 4 2
25 5 3
25 16 4
25 17 0
25 18 2
25 19 0
25 20 0
25 21 0
25 22 0
25 23 0
25 24 0
25 25 1
25 28 12
25 29 9
25 41 12
25 42 8
25 43 0
25 44 0
25 45 2
25 46 3
25 49 5
25 51 7
25 52 4
25 53 0
25 54 0
25 55 0
25 56 0
25 57 0
25 58 0
25 59 0
25 60 0
25 61 0
25 62 0
25 63 0
26 2 6
26 3 0
26 4 0
26 5 0
26 6 3
26 16 12
26 17 0
26 18 0
26 19 0
26 20 1
26 21 12
26 22 0
26 23 0
26 24 0
26 25 0
26 26 3
26 38 7
26 43 12
26 44 0
26 45 0
26 46 0
26 47 10
26 48 2
26 49 0
26 50 10
26 51 0
26 52 0
26 53 0
26 54 0
26 55 0
26 56 0
26 57 0
26 58 0
26 59 0
26 60 0
26 61 0
26 62 0
26 63 0
27 2 4
27 3 0
27 4 0
27 5 0
27 6 1
27 17 4
27 18 0
27 19 0
27 20 1
27 22 4
27 23 0
27 24 0
27 25 0
27 26 1
27 38 13
27 44 12
27 45 8
27 46 9
27 48 4
27 49 1
27 51 5
27 52 4
27 53 0
27 54 0
27 55 0
27 56 0
27 57 0
27 58 0
27 59 0
27 60 0
27 61 0
27 62 0
27 63 0
28 2 12
28 3 0
28 4 0
28 5 0
28 6 9
28 16 6
28 17 0
28 18 0
28 19 0
28 20 0
28 21 2
28 22 0
28 23 0
28 24 0
28 25 0
28 26 0
28 27 3
28 47 6
28 48 0
28 49 9
28 51 5
28 52 4
28 53 0
28 54 0
28 55 0
28 56 0
28 57 0
28 58 0
28 59 0
28 60 0
28 61 0
28 62 0
28 63 0
29 3 4
29 4 0
29 5 9
29 9 6
29 10 2
29 11 3
29 16 4
29 17 0
29 18 0
29 19 0
29 20 0
29 21 0
29 22 0
29 23 0
29 24 0
29 25 0
29 26 0
29 27 1
29 47 4
29 48 1
29 51 13
29 52 4
29 53 0
29 54 0
29 55 0
29 56 0
29 57 0
29 58 0
29 59 0
29 60 0
29 61 0
29 62 0
29 63 0
30 3 4
30 4 1
30 9 4
30 10 0
30 11 1
30 15 6
30 16 0
30 17 0
30 18 0
30 19 0
30 20 0
30 21 0
30 22 0
30 23 0
30 24 0
30 25 0
30 26 0
30 27 0
30 28 11
30 47 12
30 48 9
30 52 4
30 53 0
30 54 0
30 55 0
30 56 0
30 57 0
30 58 0
30 59 0
30 60 0
30 61 0
30 62 0
30 63 0
31 2 6
31 3 0
31 4 0
31 5 3
31 9 12
31 10 8
31 11 9
31 15 4
31 16 0
31 17 0
31 18 0
31 19 8
31 20 8
31 21 0
31 22 0
31 23 0
31 24 0
31 25 0
31 26 0
31 27 1
31 52 4
31 53 0
31 54 0
31 55 0
31 56 0
31 57 0
31 58 0
31 59 0
31 60 0
31 61 0
31 62 0
31 63 0
32 2 4
32 3 0
32 4 0
32 5 1
32 15 4
32 16 0
32 17 0
32 18 1
32 21 4
32 22 0
32 23 0
32 24 0
32 25 0
32 26 0
32 27 9
32 52 4
32 53 0
32 54 0
32 55 0
32 56 0
32 57 0
32 58 0
32 59 0
32 60 0
32 61 0
32 62 0
32 63 0
33 2 12
33 3 8
33 4 8
33 5 9
33 15 4
33 16 0
33 17 0
33 18 1
33 21 4
33 22 0
33 23 0
33 24 0
33 25 0
33 26 1
33 52 4
33 53 0
33 54 0
33 55 0
33 56 0
33 57 0
33 58 0
33 59 0
33 60 0
33 61 0
33 62 0
33 63 0
34 15 4
34 16 0
34 17 0
34 18 1
34 20 6
34 21 0
34 22 0
34 23 0
34 24 0
34 25 0
34 26 1
34 52 12
34 53 0
34 54 0
34 55 0
34 56 0
34 57 0
34 58 0
34 59 0
34 60 0
34 61 0
34 62 0
34 63 0
35 15 4
35 16 0
35 17 0
35 18 1
35 20 4
35 21 0
35 22 0
35 23 0
35 24 0
35 25 0
35 26 1
35 53 4
35 54 0
35 55 0
35 56 0
35 57 0
35 58 0
35 59 0
35 60 0
35 61 0
35 62 0
35 63 0
36 15 4
36 16 0
36 17 0
36 18 0
36 19 2
36 20 0
36 21 0
36 22 0
36 23 0
36 24 0
36 25 0
36 26 1
36 53 12
36 54 0
36 55 0
36 56 0
36 57 0
36 58 0
36 59 0
36 60 0
36 61 0
36 62 0
36 63 0
37 15 4
37 16 0
37 17 0
37 18 0
37 19 0
37 20 0
37 21 0
37 22 0
37 23 0
37 24 0
37 25 0
37 26 1
37 54 4
37 55 0
37 56 0
37 57 0
37 58 0
37 59 0
37 60 0
37 61 0
37 62 0
37 63 0
38 15 12
38 16 0
38 17 0
38 18 0
38 19 0
38 20 0
38 21 0
38 22 0
38 23 0
38 24 0
38 25 0
38 26 1
38 54 4
38 55 0
38 56 0
38 57 0
38 58 0
38 59 0
38 60 0
38 61 0
38 62 0
38 63 0
39 16 4
39 17 0
39 18 0
39 19 0
39 20 0
39 21 0
39 22 0
39 23 0
39 24 0
39 25 0
39 26 1
39 54 4
39 55 0
39 56 0
39 57 0
39 58 0
39 59 0
39 60 0
39 61 0
39 62 0
39 63 0
40 16 12
40 17 0
40 18 0
40 19 0
40 20 0
40 21 0
40 22 0
40 23 0
40 24 0
40 25 0
40 26 9
40 54 12
40 55 0
40 56 0
40 57 0
40 58 0
40 59 0
40 60 0
40 61 0
40 62 0
40 63 0
41 17 12
41 18 0
41 19 0
41 20 0
41 21 0
41 22 0
41 23 0
41 24 0
41 25 1
41 55 12
41 56 0
41 57 0
41 58 0
41 59 0
41 60 0
41 61 0
41 62 0
41 63 0
42 18 12
42 19 0
42 20 0
42 21 0
42 22 0
42 23 0
42 24 0
42 25 9
42 56 4
42 57 0
42 58 0
42 59 0
42 60 0
42 61 0
42 62 0
42 63 0
43 19 4
43 20 0
43 21 0
43 22 0
43 23 0
43 24 1
43 56 12
43 57 0
43 58 0
43 59 0
43 60 0
43 61 0
43 62 0
43 63 0
44 19 4
44 20 0
44 21 0
44 22 0
44 23 0
44 24 0
44 25 3
44 57 12
44 58 0
44 59 0
44 60 0
44 61 0
44 62 0
44 63 0
45 19 4
45 20 0
45 21 0
45 22 0
45 23 0
45 24 0
45 25 0
45 26 3
45 58 4
45 59 0
45 60 0
45 61 0
45 62 0
45 63 0
46 19 4
46 20 0
46 21 0
46 22 0
46 23 0
46 24 0
46 25 0
46 26 0
46 27 3
46 58 12
46 59 0
46 60 0
46 61 0
46 62 0
46 63 0
47 19 4
47 20 0
47 21 0
47 22 0
47 23 0
47 24 0
47 25 0
47 26 0
47 27 0
47 28 2
47 29 2
47 30 2
47 31 3
47 59 4
47 60 0
47 61 0
47 62 0
47 63 0
48 19 4
48 20 0
48 21 0
48 22 0
48 23 0
48 24 0
48 25 0
48 26 0
48 27 0
48 28 0
48 29 0
48 30 0
48 31 1
48 59 12
48 60 0
48 61 0
48 62 0
48 63 0
49 19 4
49 20 0
49 21 0
49 22 0
49 23 0
49 24 0
49 25 0
49 26 0
49 27 0
49 28 0
49 29 0
49 30 0
49 31 0
49 32 3
49 60 4
49 61 0
49 62 0
49 63 0
50 19 12
50 20 0
50 21 0
50 22 0
50 23 0
50 24 0
50 25 0
50 26 0
50 27 0
50 28 0
50 29 0
50 30 0
50 31 0
50 32 0
50 33 3
50 60 12
50 61 0
50 62 0
50 63 0
51 20 4
51 21 0
51 22 0
51 23 0
51 24 0
51 25 0
51 26 0
51 27 0
51 28 0
51 29 0
51 30 0
51 31 0
51 32 0
51 33 0
51 34 3
51 61 4
51 62 0
51 63 0
52 20 4
52 21 0
52 22 0
52 23 0
52 24 0
52 25 0
52 26 0
52 27 0
52 28 0
52 29 0
52 30 0
52 31 0
52 32 0
52 33 0
52 34 0
52 35 3
52 61 12
52 62 0
52 63 0
53 20 12
53 21 0
53 22 0
53 23 0
53 24 0
53 25 8
53 26 8
53 27 8
53 28 0
53 29 0
53 30 0
53 31 0
53 32 0
53 33 0
53 34 0
53 35 1
53 62 4
53 63 0
54 21 12
54 22 8
54 23 8
54 24 9
54 28 4
54 29 0
54 30 0
54 31 0
54 32 0
54 33 0
54 34 0
54 35 1
54 62 12
54 63 0
55 28 12
55 29 0
55 30 0
55 31 0
55 32 0
55 33 0
55 34 0
55 35 0
55 36 3
55 63 4
56 29 4
56 30 0
56 31 0
56 32 0
56 33 0
56 34 0
56 35 0
56 36 0
56 37 3
56 63 12
57 29 4
57 30 0
57 31 0
57 32 0
57 33 0
57 34 0
57 35 0
57 36 0
57 37 1
58 23 6
58 24 2
58 25 3
58 29 4
58 30 0
58 31 0
58 32 0
58 33 0
58 34 0
58 35 0
58 36 0
58 37 1
59 22 6
59 23 0
59 24 0
59 25 0
59 26 2
59 27 2
59 28 2
59 29 0
59 30 0
59 31 0
59 32 0
59 33 0
59 34 0
59 35 0
59 36 0
59 37 0
59 38 3
60 22 4
60 23 0
60 24 0
60 25 0
60 26 0
60 27 0
60 28 0
60 29 0
60 30 0
60 31 0
60 32 0
60 33 0
60 34 0
60 35 0
60 36 0
60 37 0
60 38 9
61 22 12
61 23 0
61 24 0
61 25 0
61 26 0
61 27 0
61 28 0
61 29 0
61 30 0
61 31 0
61 32 0
61 33 0
61 34 0
61 35 0
61 36 0
61 37 1
62 23 12
62 24 8
62 25 0
62 26 0
62 27 0
62 28 0
62 29 0
62 30 0
62 31 0
62 32 0
62 33 0
62 34 0
62 35 0
62 36 0
62 37 1
63 25 4
63 26 0
63 27 0
63 28 0
63 29 0
63 30 0
63 31 0
63 32 0
63 33 0
63 34 0
63 35 0
63 36 0
63 37 1
