0
0 0 15
0 1 15
0 2 15
0 3 15
0 4 15
0 5 15
0 6 15
0 7 15
0 8 15
0 9 15
0 10 15
0 11 15
0 12 15
0 13 15
0 14 15
0 15 15
0 16 15
0 17 15
0 18 15
0 19 15
0 20 15
0 21 15
0 22 15
0 23 15
0 24 15
0 25 15
0 26 15
0 27 15
0 28 15
0 29 15
0 30 15
0 31 15
0 32 15
0 33 15
0 34 15
0 35 15
0 36 15
0 37 4
1 0 15
1 1 15
1 2 15
1 3 15
1 4 15
1 5 15
1 6 15
1 7 15
1 8 15
1 9 15
1 10 15
1 11 15
1 12 15
1 13 15
1 14 15
1 15 15
1 16 15
1 17 15
1 18 15
1 19 15
1 20 15
1 21 15
1 22 15
1 23 15
1 24 15
1 25 15
1 26 15
1 27 15
1 28 15
1 29 15
1 30 15
1 31 15
1 32 15
1 33 15
1 34 15
1 35 15
1 36 15
1 37 4
2 0 15
2 1 15
2 2 15
2 3 15
2 4 15
2 5 15
2 6 15
2 7 15
2 8 15
2 9 15
2 10 15
2 11 15
2 12 15
2 13 15
2 14 15
2 15 15
2 16 15
2 17 15
2 18 15
2 19 15
2 20 15
2 21 15
2 22 15
2 23 15
2 24 15
2 25 15
2 26 15
2 27 15
2 28 15
2 29 15
2 30 15
2 31 15
2 32 15
2 33 15
2 34 15
2 35 15
2 36 15
2 37 4
3 0 15
3 1 15
3 2 15
3 3 15
3 4 15
3 5 15
3 6 15
3 7 15
3 8 15
3 9 15
3 10 15
3 11 15
3 12 15
3 13 15
3 14 15
3 15 15
3 16 15
3 17 15
3 18 15
3 19 15
3 20 15
3 21 15
3 22 15
3 23 15
3 24 15
3 25 15
3 26 15
3 27 15
3 28 15
3 29 15
3 30 15
3 31 15
3 32 15
3 33 15
3 34 15
3 35 15
3 36 6
4 0 15
4 1 15
4 2 15
4 3 15
4 4 15
4 5 15
4 6 15
4 7 15
4 8 15
4 9 15
4 10 15
4 11 15
4 12 15
4 13 15
4 14 15
4 15 15
4 16 15
4 17 15
4 18 15
4 19 15
4 20 15
4 21 15
4 22 15
4 23 15
4 24 15
4 25 15
4 26 15
4 27 15
4 28 15
4 29 15
4 30 15
4 31 15
4 32 15
4 33 15
4 34 15
4 35 15
4 36 4
5 0 15
5 1 15
5 2 15
5 3 15
5 4 15
5 5 15
5 6 15
5 7 15
5 8 15
5 9 15
5 10 15
5 11 15
5 12 15
5 13 15
5 14 15
5 15 15
5 16 15
5 17 15
5 18 15
5 19 15
5 20 15
5 21 15
5 22 15
5 23 15
5 24 15
5 25 15
5 26 15
5 27 15
5 28 15
5 29 15
5 30 15
5 31 15
5 32 15
5 33 15
5 34 15
5 35 6
6 0 15
6 1 15
6 2 15
6 3 15
6 4 15
6 5 15
6 6 15
6 7 15
6 8 15
6 9 15
6 10 15
6 11 15
6 12 15
6 13 15
6 14 15
6 15 15
6 16 15
6 17 15
6 18 15
6 19 15
6 20 15
6 21 15
6 22 15
6 23 15
6 24 15
6 25 15
6 26 15
6 27 15
6 28 15
6 29 15
6 30 15
6 31 15
6 32 15
6 33 15
6 34 6
7 0 15
7 1 15
7 2 15
7 3 15
7 4 15
7 5 15
7 6 15
7 7 15
7 8 15
7 9 15
7 10 15
7 11 15
7 12 15
7 13 15
7 14 15
7 15 15
7 16 15
7 17 15
7 18 15
7 19 15
7 20 15
7 21 15
7 22 15
7 23 15
7 24 15
7 25 15
7 26 15
7 27 15
7 28 15
7 29 15
7 30 15
7 31 15
7 32 15
7 33 6
8 0 15
8 1 15
8 2 15
8 3 15
8 4 15
8 5 15
8 6 15
8 7 15
8 8 15
8 9 15
8 10 15
8 11 15
8 12 15
8 13 15
8 14 15
8 15 15
8 16 15
8 17 15
8 18 15
8 19 15
8 20 15
8 21 15
8 22 15
8 23 15
8 24 15
8 25 15
8 26 15
8 27 15
8 28 15
8 29 15
8 30 15
8 31 15
8 32 6
9 0 15
9 1 15
9 2 15
9 3 15
9 4 15
9 5 15
9 6 15
9 7 15
9 8 15
9 9 15
9 10 15
9 11 15
9 12 15
9 13 15
9 14 15
9 15 15
9 16 15
9 17 15
9 18 15
9 19 15
9 20 15
9 21 15
9 22 15
9 23 15
9 24 15
9 25 15
9 26 15
9 27 15
9 28 15
9 29 15
9 30 15
9 31 15
9 32 4
10 0 15
10 1 15
10 2 15
10 3 15
10 4 15
10 5 15
10 6 15
10 7 15
10 8 15
10 9 15
10 10 15
10 11 15
10 12 15
10 13 15
10 14 15
10 15 15
10 16 15
10 17 15
10 18 15
10 19 15
10 20 15
10 21 15
10 22 15
10 23 15
10 24 15
10 25 15
10 26 15
10 27 15
10 28 15
10 29 15
10 30 15
10 31 6
11 0 15
11 1 15
11 2 15
11 3 15
11 4 15
11 5 15
11 6 15
11 7 15
11 8 15
11 9 15
11 10 15
11 11 15
11 12 15
11 13 15
11 14 15
11 15 15
11 16 15
11 17 15
11 18 15
11 19 15
11 20 15
11 21 15
11 22 15
11 23 15
11 24 15
11 25 15
11 26 15
11 27 15
11 28 15
11 29 15
11 30 6
12 0 15
12 1 15
12 2 15
12 3 15
12 4 15
12 5 15
12 6 15
12 7 15
12 8 15
12 9 15
12 10 15
12 11 15
12 12 15
12 13 15
12 14 15
12 15 15
12 16 15
12 17 15
12 18 15
12 19 15
12 20 15
12 21 15
12 22 15
12 23 15
12 24 15
12 25 15
12 26 7
12 27 15
12 28 6
12 29 2
13 0 15
13 1 15
13 2 15
13 3 15
13 4 15
13 5 15
13 6 15
13 7 15
13 8 15
13 9 15
13 10 15
13 11 15
13 12 15
13 13 15
13 14 15
13 15 15
13 16 15
13 17 15
13 18 15
13 19 15
13 20 15
13 21 15
13 22 15
13 23 15
13 24 6
13 25 2
13 27 2
14 0 15
14 1 15
14 2 15
14 3 15
14 4 15
14 5 15
14 6 15
14 7 15
14 8 15
14 9 15
14 10 15
14 11 15
14 12 15
14 13 15
14 14 15
14 15 15
14 16 15
14 17 15
14 18 15
14 19 15
14 20 15
14 21 15
14 22 15
14 23 6
15 0 15
15 1 15
15 2 15
15 3 15
15 4 15
15 5 15
15 6 15
15 7 15
15 8 15
15 9 15
15 10 15
15 11 15
15 12 15
15 13 15
15 14 15
15 15 15
15 16 15
15 17 15
15 18 15
15 19 15
15 20 15
15 21 15
15 22 15
15 23 4
16 0 15
16 1 15
16 2 15
16 3 15
16 4 15
16 5 15
16 6 15
16 7 15
16 8 15
16 9 15
16 10 15
16 11 15
16 12 15
16 13 15
16 14 15
16 15 15
16 16 15
16 17 15
16 18 15
16 19 15
16 20 6
16 21 2
16 22 2
17 0 15
17 1 7
17 2 15
17 3 15
17 4 15
17 5 15
17 6 15
17 7 15
17 8 15
17 9 15
17 10 15
17 11 15
17 12 15
17 13 15
17 14 15
17 15 15
17 16 15
17 17 15
17 18 6
17 19 2
18 0 2
18 2 2
18 3 3
18 4 15
18 5 15
18 6 15
18 7 15
18 8 15
18 9 15
18 10 15
18 11 15
18 12 15
18 13 15
18 14 15
18 15 15
18 16 15
18 17 6
19 4 3
19 5 15
19 6 15
19 7 15
19 8 15
19 9 15
19 10 15
19 11 15
19 12 15
19 13 15
19 14 6
19 15 2
19 16 2
20 5 2
20 6 3
20 7 15
20 8 15
20 9 15
20 10 6
20 11 2
20 12 2
20 13 2
21 7 2
21 8 2
21 9 2
25 11 1
25 12 4
25 13 1
25 14 4
26 11 9
26 12 4
26 13 1
26 14 12
27 10 1
27 11 15
27 12 4
27 13 1
27 14 15
27 15 4
28 10 1
28 11 14
28 14 11
28 15 4
29 10 1
29 11 15
29 12 4
29 13 1
29 14 15
29 15 4
30 10 1
30 11 15
30 12 4
30 13 1
30 14 15
30 15 4
31 10 1
31 11 14
31 14 11
31 15 4
31 27 8
31 28 8
31 29 8
31 30 8
31 31 8
31 32 8
32 4 8
32 5 8
32 6 8
32 7 8
32 8 8
32 9 8
32 10 1
32 11 15
32 12 4
32 13 1
32 14 15
32 15 4
32 16 8
32 17 8
32 18 8
32 19 8
32 20 8
32 21 8
32 22 8
32 23 8
32 26 1
32 27 6
32 28 2
32 29 2
32 30 2
32 31 3
32 32 15
32 33 12
32 34 8
32 35 8
32 36 8
32 37 8
32 38 8
32 39 8
32 40 8
32 41 8
33 3 1
33 4 6
33 5 2
33 6 2
33 7 2
33 8 2
33 9 3
33 10 13
33 11 15
33 12 4
33 13 1
33 14 15
33 15 13
33 16 6
33 17 2
33 18 2
33 19 2
33 20 2
33 21 2
33 22 2
33 23 3
33 24 4
33 26 1
33 27 4
33 32 2
33 33 2
33 34 2
33 35 2
33 36 2
33 37 2
33 38 2
33 39 2
33 40 2
33 41 3
33 42 4
34 3 1
34 4 4
34 10 2
34 11 2
34 14 2
34 15 2
34 23 1
34 24 4
34 26 1
34 27 4
34 41 1
34 42 4
35 3 1
35 4 4
35 23 1
35 24 4
35 26 1
35 27 4
35 36 8
35 37 8
35 38 8
35 41 1
35 42 4
36 3 1
36 4 4
36 23 1
36 24 4
36 26 1
36 27 4
36 36 2
36 37 2
36 38 10
36 41 1
36 42 4
37 3 1
37 4 4
37 23 1
37 24 4
37 26 1
37 27 4
37 35 1
37 36 4
37 38 3
37 39 4
37 41 1
37 42 4
38 3 1
38 4 4
38 23 1
38 24 4
38 26 1
38 27 4
38 35 1
38 36 4
38 38 1
38 39 4
38 41 1
38 42 4
39 3 1
39 4 4
39 23 1
39 24 4
39 26 1
39 27 4
39 35 1
39 36 4
39 38 1
39 39 4
39 41 1
39 42 4
40 3 1
40 4 4
40 23 1
40 24 4
40 26 1
40 27 4
40 29 8
40 35 1
40 36 4
40 38 1
40 39 4
40 41 1
40 42 4
41 3 1
41 4 4
41 10 8
41 11 8
41 14 8
41 15 8
41 23 1
41 24 4
41 26 1
41 27 4
41 28 1
41 29 6
41 31 1
41 32 4
41 35 1
41 36 4
41 38 1
41 39 4
41 41 1
41 42 4
42 3 1
42 4 12
42 5 8
42 6 8
42 7 8
42 8 8
42 9 9
42 10 6
42 11 3
42 12 4
42 13 1
42 14 6
42 15 3
42 16 12
42 17 8
42 18 8
42 19 8
42 20 8
42 21 8
42 22 8
42 23 9
42 24 4
42 26 1
42 27 4
42 28 1
42 29 12
42 31 1
42 32 4
42 35 1
42 36 5
42 37 4
42 38 1
42 39 4
42 41 1
42 42 4
43 4 2
43 5 2
43 6 2
43 7 2
43 8 2
43 9 2
43 11 1
43 12 12
43 13 9
43 14 4
43 16 2
43 17 2
43 18 2
43 19 2
43 20 2
43 21 2
43 22 2
43 23 2
43 26 1
43 27 4
43 28 1
43 29 15
43 30 4
43 31 9
43 32 4
43 41 1
43 42 4
43 54 8
44 12 2
44 13 2
44 26 1
44 27 4
44 28 1
44 29 6
44 31 3
44 32 4
44 41 1
44 42 4
44 53 9
44 54 15
44 55 12
45 26 1
45 27 4
45 28 1
45 29 12
45 31 1
45 32 4
45 41 1
45 42 4
45 52 9
45 53 15
45 54 15
45 55 15
45 56 12
46 26 1
46 27 4
46 28 1
46 29 15
46 30 4
46 31 9
46 32 4
46 38 8
46 41 1
46 42 4
46 51 1
46 52 15
46 53 15
46 54 15
46 55 15
46 56 15
46 57 4
47 26 1
47 27 4
47 29 2
47 31 2
47 35 8
47 36 8
47 37 1
47 38 15
47 39 12
47 41 1
47 42 4
47 51 9
47 52 15
47 53 15
47 54 15
47 55 15
47 56 15
47 57 4
48 26 9
48 27 4
48 34 1
48 35 15
48 36 15
48 37 5
48 38 15
48 39 15
48 40 4
48 41 1
48 42 4
48 50 1
48 51 15
48 52 15
48 53 15
48 54 15
48 55 15
48 56 15
48 57 4
49 16 8
49 17 8
49 18 8
49 19 8
49 20 8
49 21 8
49 22 8
49 23 8
49 24 8
49 25 9
49 26 15
49 27 12
49 34 9
49 35 15
49 36 15
49 37 5
49 38 15
49 39 15
49 40 12
49 41 1
49 42 4
49 50 1
49 51 15
49 52 15
49 53 15
49 54 15
49 55 15
49 56 15
49 57 4
50 16 2
50 17 2
50 18 2
50 19 3
50 20 15
50 21 6
50 22 2
50 23 2
50 24 2
50 25 2
50 26 3
50 27 15
50 28 4
50 33 1
50 34 15
50 35 15
50 36 15
50 37 5
50 38 15
50 39 15
50 40 15
50 41 5
50 42 4
50 50 1
50 51 15
50 52 15
50 53 15
50 54 15
50 55 15
50 56 15
50 57 4
51 20 2
51 27 3
51 28 4
51 34 3
51 35 15
51 36 15
51 37 5
51 38 15
51 39 15
51 40 6
51 41 1
51 42 4
51 50 1
51 51 15
51 52 15
51 53 15
51 54 15
51 55 15
51 56 15
51 57 4
52 19 1
52 20 12
52 27 9
52 28 4
52 34 1
52 35 15
52 36 15
52 37 5
52 38 15
52 39 15
52 40 4
52 41 1
52 42 4
52 51 3
52 52 15
52 53 15
52 54 15
52 55 15
52 56 6
53 19 1
53 20 15
53 21 12
53 22 8
53 23 8
53 24 8
53 25 8
53 26 9
53 27 15
53 28 4
53 31 8
53 32 8
53 33 8
53 35 3
53 36 15
53 37 5
53 38 15
53 39 6
53 41 1
53 42 4
53 51 1
53 52 15
53 53 15
53 54 15
53 55 15
53 56 12
54 11 8
54 12 8
54 15 8
54 16 8
54 17 8
54 20 2
54 21 2
54 22 2
54 23 3
54 24 6
54 25 2
54 26 2
54 27 2
54 31 2
54 32 2
54 33 2
54 36 2
54 38 2
54 41 1
54 42 4
54 52 3
54 53 15
54 54 15
54 55 15
54 56 15
54 57 4
55 9 1
55 10 4
55 11 2
55 12 2
55 15 2
55 16 3
55 17 15
55 18 4
55 23 1
55 24 4
55 41 1
55 42 4
55 52 1
55 53 15
55 54 15
55 55 15
55 56 15
55 57 12
56 9 1
56 10 4
56 17 3
56 18 4
56 41 1
56 42 4
56 52 1
56 53 15
56 54 15
56 55 15
56 56 15
56 57 15
56 58 12
56 59 8
57 0 8
57 9 1
57 10 4
57 17 1
57 18 4
57 23 1
57 24 12
57 25 8
57 26 8
57 27 8
57 28 8
57 29 8
57 30 8
57 31 8
57 32 8
57 33 8
57 34 8
57 35 8
57 36 8
57 37 8
57 38 8
57 39 8
57 40 8
57 41 9
57 42 4
57 52 1
57 53 15
57 54 15
57 55 15
57 56 15
57 57 15
57 58 15
57 59 15
57 60 12
58 0 15
58 1 4
58 9 1
58 10 12
58 17 9
58 18 4
58 23 1
58 24 6
58 25 2
58 26 2
58 27 2
58 28 2
58 29 2
58 30 2
58 31 2
58 32 2
58 33 2
58 34 2
58 35 2
58 36 2
58 37 2
58 38 2
58 39 2
58 40 2
58 41 2
58 52 1
58 53 15
58 54 15
58 55 15
58 56 15
58 57 15
58 58 15
58 59 15
58 60 15
58 61 12
59 0 15
59 1 12
59 2 8
59 9 1
59 10 15
59 11 12
59 12 8
59 13 8
59 14 8
59 15 8
59 16 9
59 17 15
59 18 12
59 19 8
59 20 8
59 21 8
59 22 8
59 23 8
59 44 8
59 52 9
59 53 15
59 54 15
59 55 15
59 56 15
59 57 15
59 58 15
59 59 15
59 60 15
59 61 15
59 62 12
59 63 8
60 0 15
60 1 15
60 2 15
60 3 12
60 4 8
60 5 8
60 6 8
60 10 2
60 11 2
60 12 2
60 13 2
60 14 2
60 15 2
60 16 2
60 17 2
60 18 2
60 19 2
60 20 2
60 21 2
60 22 2
60 23 2
60 37 8
60 38 8
60 39 8
60 40 8
60 41 8
60 42 8
60 43 9
60 44 15
60 45 12
60 51 1
60 52 15
60 53 15
60 54 15
60 55 15
60 56 15
60 57 15
60 58 15
60 59 15
60 60 15
60 61 15
60 62 15
60 63 15
61 0 15
61 1 15
61 2 15
61 3 15
61 4 15
61 5 15
61 6 15
61 7 12
61 8 8
61 9 8
61 13 8
61 14 8
61 15 8
61 16 8
61 17 8
61 18 8
61 19 8
61 30 8
61 31 8
61 32 8
61 33 8
61 34 8
61 35 8
61 36 9
61 37 15
61 38 15
61 39 15
61 40 15
61 41 15
61 42 15
61 43 15
61 44 15
61 45 15
61 46 12
61 50 8
61 51 9
61 52 15
61 53 15
61 54 15
61 55 15
61 56 15
61 57 15
61 58 15
61 59 15
61 60 15
61 61 15
61 62 15
61 63 15
62 0 15
62 1 15
62 2 15
62 3 15
62 4 15
62 5 15
62 6 15
62 7 15
62 8 15
62 9 15
62 10 12
62 11 8
62 12 9
62 13 15
62 14 15
62 15 15
62 16 15
62 17 15
62 18 15
62 19 15
62 20 12
62 21 8
62 22 8
62 26 8
62 27 8
62 28 8
62 29 9
62 30 15
62 31 15
62 32 15
62 33 15
62 34 15
62 35 15
62 36 15
62 37 15
62 38 15
62 39 15
62 40 15
62 41 15
62 42 15
62 43 15
62 44 15
62 45 15
62 46 15
62 47 12
62 48 8
62 49 9
62 50 15
62 51 15
62 52 15
62 53 15
62 54 15
62 55 15
62 56 15
62 57 15
62 58 15
62 59 15
62 60 15
62 61 15
62 62 15
62 63 15
63 0 15
63 1 15
63 2 15
63 3 15
63 4 15
63 5 15
63 6 15
63 7 15
63 8 15
63 9 15
63 10 15
63 11 15
63 12 15
63 13 15
63 14 15
63 15 15
63 16 15
63 17 15
63 18 15
63 19 15
63 20 15
63 21 15
63 22 15
63 23 4
63 25 1
63 26 15
63 27 15
63 28 15
63 29 15
63 30 15
63 31 15
63 32 15
63 33 15
63 34 15
63 35 15
63 36 15
63 37 15
63 38 15
63 39 15
63 40 15
63 41 15
63 42 15
63 43 15
63 44 15
63 45 15
63 46 15
63 47 15
63 48 15
63 49 15
63 50 15
63 51 15
63 52 15
63 53 15
63 54 15
63 55 15
63 56 15
63 57 15
63 58 15
63 59 15
63 60 15
63 61 15
63 62 15
63 63 15
