0
0 60 8
0 61 9
0 62 15
0 63 15
1 59 9
1 60 15
1 61 15
1 62 15
1 63 15
2 58 9
2 59 15
2 60 15
2 61 15
2 62 15
2 63 15
3 7 8
3 8 8
3 9 8
3 10 8
3 11 8
3 12 8
3 13 8
3 14 8
3 30 8
3 31 8
3 57 1
3 58 15
3 59 15
3 60 15
3 61 15
3 62 15
3 63 15
4 5 8
4 6 9
4 7 15
4 8 15
4 9 15
4 10 15
4 11 15
4 12 15
4 13 15
4 14 15
4 15 12
4 16 8
4 28 1
4 29 4
4 30 2
4 31 2
4 32 1
4 33 4
4 57 1
4 58 15
4 59 15
4 60 15
4 61 15
4 62 15
4 63 15
5 4 9
5 5 15
5 6 15
5 7 15
5 8 15
5 9 15
5 10 15
5 11 15
5 12 15
5 13 15
5 14 15
5 15 15
5 16 15
5 17 12
5 28 1
5 29 4
5 32 1
5 33 4
5 57 1
5 58 15
5 59 15
5 60 15
5 61 15
5 62 15
5 63 15
6 3 9
6 4 15
6 5 15
6 6 15
6 7 15
6 8 15
6 9 15
6 10 15
6 11 15
6 12 15
6 13 15
6 14 15
6 15 15
6 16 15
6 17 15
6 18 12
6 28 1
6 29 4
6 32 1
6 33 4
6 57 1
6 58 15
6 59 15
6 60 15
6 61 15
6 62 15
6 63 15
7 2 1
7 3 15
7 4 15
7 5 15
7 6 15
7 7 15
7 8 15
7 9 15
7 10 15
7 11 15
7 12 15
7 13 15
7 14 15
7 15 15
7 16 15
7 17 15
7 18 15
7 19 12
7 20 8
7 21 8
7 22 8
7 28 1
7 29 12
7 30 8
7 32 1
7 33 4
7 57 1
7 58 15
7 59 15
7 60 15
7 61 15
7 62 15
7 63 15
8 2 1
8 3 15
8 4 15
8 5 15
8 6 15
8 7 15
8 8 15
8 9 15
8 10 15
8 11 15
8 12 15
8 13 15
8 14 15
8 15 15
8 16 15
8 17 15
8 18 15
8 19 15
8 20 15
8 21 15
8 22 15
8 23 12
8 29 2
8 30 2
8 57 1
8 58 15
8 59 15
8 60 15
8 61 15
8 62 15
8 63 15
9 2 9
9 3 15
9 4 15
9 5 15
9 6 15
9 7 15
9 8 15
9 9 15
9 10 15
9 11 15
9 12 15
9 13 15
9 14 15
9 15 15
9 16 15
9 17 15
9 18 15
9 19 15
9 20 15
9 21 15
9 22 15
9 23 15
9 24 12
9 25 8
9 26 8
9 57 1
9 58 15
9 59 15
9 60 15
9 61 15
9 62 15
9 63 15
10 1 1
10 2 15
10 3 15
10 4 15
10 5 15
10 6 15
10 7 15
10 8 15
10 9 15
10 10 15
10 11 15
10 12 15
10 13 15
10 14 15
10 15 15
10 16 15
10 17 15
10 18 15
10 19 15
10 20 15
10 21 15
10 22 15
10 23 15
10 24 15
10 25 15
10 26 15
10 27 12
10 57 1
10 58 15
10 59 15
10 60 15
10 61 15
10 62 15
10 63 15
11 1 1
11 2 15
11 3 15
11 4 15
11 5 15
11 6 15
11 7 15
11 8 15
11 9 15
11 10 15
11 11 15
11 12 15
11 13 15
11 14 15
11 15 15
11 16 15
11 17 15
11 18 15
11 19 15
11 20 15
11 21 15
11 22 15
11 23 15
11 24 15
11 25 15
11 26 15
11 27 15
11 28 12
11 57 1
11 58 15
11 59 15
11 60 15
11 61 15
11 62 15
11 63 15
12 1 1
12 2 15
12 3 15
12 4 15
12 5 15
12 6 15
12 7 15
12 8 15
12 9 15
12 10 15
12 11 15
12 12 15
12 13 15
12 14 15
12 15 15
12 16 15
12 17 15
12 18 15
12 19 15
12 20 15
12 21 15
12 22 15
12 23 15
12 24 15
12 25 15
12 26 15
12 27 15
12 28 15
12 29 12
12 57 1
12 58 15
12 59 15
12 60 15
12 61 15
12 62 15
12 63 15
13 2 3
13 3 15
13 4 15
13 5 15
13 6 15
13 7 15
13 8 15
13 9 15
13 10 15
13 11 15
13 12 15
13 13 15
13 14 15
13 15 15
13 16 15
13 17 15
13 18 15
13 19 15
13 20 15
13 21 15
13 22 15
13 23 15
13 24 15
13 25 7
13 26 15
13 27 15
13 28 15
13 29 15
13 30 4
13 57 1
13 58 15
13 59 15
13 60 15
13 61 15
13 62 15
13 63 15
14 3 3
14 4 15
14 5 15
14 6 15
14 7 15
14 8 15
14 9 15
14 10 15
14 11 15
14 12 15
14 13 15
14 14 15
14 15 15
14 16 15
14 17 15
14 18 15
14 19 15
14 20 15
14 21 15
14 22 15
14 23 6
14 24 2
14 26 2
14 27 3
14 28 15
14 29 15
14 30 4
14 57 1
14 58 15
14 59 15
14 60 15
14 61 15
14 62 15
14 63 15
15 4 2
15 5 2
15 6 2
15 7 2
15 8 2
15 9 11
15 10 15
15 11 15
15 12 15
15 13 15
15 14 15
15 15 15
15 16 15
15 17 15
15 18 15
15 19 15
15 20 15
15 21 15
15 22 15
15 23 4
15 28 3
15 29 15
15 30 4
15 57 1
15 58 15
15 59 15
15 60 15
15 61 15
15 62 15
15 63 15
16 8 1
16 9 15
16 10 15
16 11 15
16 12 15
16 13 15
16 14 15
16 15 15
16 16 15
16 17 15
16 18 15
16 19 15
16 20 15
16 21 15
16 22 6
16 23 8
16 26 8
16 27 8
16 28 1
16 29 15
16 30 12
16 57 1
16 58 15
16 59 15
16 60 15
16 61 15
16 62 15
16 63 15
17 3 8
17 4 8
17 5 8
17 6 8
17 7 8
17 8 9
17 9 15
17 10 15
17 11 15
17 12 15
17 13 15
17 14 15
17 15 15
17 16 15
17 17 15
17 18 15
17 19 15
17 20 15
17 21 6
17 22 9
17 23 15
17 24 4
17 26 3
17 27 15
17 28 5
17 29 15
17 30 15
17 31 4
17 57 1
17 58 15
17 59 15
17 60 15
17 61 15
17 62 15
17 63 15
18 2 1
18 3 15
18 4 15
18 5 15
18 6 15
18 7 15
18 8 15
18 9 15
18 10 15
18 11 15
18 12 15
18 13 15
18 14 15
18 15 15
18 16 15
18 17 15
18 18 15
18 19 15
18 20 6
18 21 9
18 22 15
18 23 6
18 27 3
18 28 4
18 29 3
18 30 15
18 31 4
18 57 1
18 58 15
18 59 15
18 60 15
18 61 15
18 62 15
18 63 15
19 2 9
19 3 15
19 4 15
19 5 15
19 6 15
19 7 15
19 8 15
19 9 15
19 10 15
19 11 15
19 12 15
19 13 15
19 14 15
19 15 6
19 16 11
19 17 15
19 18 15
19 19 6
19 20 9
19 21 15
19 22 6
19 27 1
19 28 12
19 29 1
19 30 15
19 31 4
19 57 1
19 58 15
19 59 15
19 60 15
19 61 15
19 62 15
19 63 15
20 1 1
20 2 15
20 3 15
20 4 15
20 5 15
20 6 15
20 7 15
20 8 15
20 9 15
20 10 15
20 11 15
20 12 15
20 13 15
20 14 15
20 15 5
20 16 15
20 17 15
20 18 6
20 19 1
20 20 15
20 21 6
20 27 1
20 28 15
20 29 12
20 30 2
20 57 1
20 58 15
20 59 15
20 60 15
20 61 15
20 62 15
20 63 15
21 1 9
21 2 15
21 3 15
21 4 15
21 5 15
21 6 15
21 7 15
21 8 15
21 9 15
21 10 15
21 11 15
21 12 15
21 13 6
21 14 2
21 16 3
21 17 15
21 18 4
21 19 1
21 20 6
21 21 8
21 22 8
21 25 8
21 26 8
21 28 3
21 29 15
21 30 12
21 57 1
21 58 15
21 59 15
21 60 15
21 61 15
21 62 15
21 63 15
22 0 1
22 1 15
22 2 15
22 3 15
22 4 15
22 5 15
22 6 15
22 7 15
22 8 15
22 9 15
22 10 15
22 11 15
22 12 15
22 13 12
22 14 8
22 17 2
22 19 9
22 20 5
22 21 6
22 22 2
22 25 2
22 26 3
22 27 4
22 29 3
22 30 15
22 31 4
22 57 1
22 58 15
22 59 15
22 60 15
22 61 15
22 62 15
22 63 15
23 0 1
23 1 15
23 2 15
23 3 15
23 4 15
23 5 15
23 6 15
23 7 15
23 8 15
23 9 15
23 10 15
23 11 15
23 12 15
23 13 15
23 14 15
23 15 4
23 16 8
23 17 8
23 18 9
23 19 15
23 20 13
23 21 4
23 26 1
23 27 4
23 30 3
23 31 4
23 57 1
23 58 15
23 59 15
23 60 15
23 61 15
23 62 15
23 63 15
24 0 1
24 1 15
24 2 15
24 3 15
24 4 15
24 5 15
24 6 15
24 7 15
24 8 6
24 9 2
24 10 2
24 11 3
24 12 15
24 13 15
24 14 6
24 15 1
24 16 15
24 17 14
24 18 10
24 19 11
24 20 15
24 21 4
24 26 1
24 27 4
24 30 1
24 31 4
24 57 1
24 58 15
24 59 15
24 60 15
24 61 15
24 62 15
24 63 15
25 1 3
25 2 15
25 3 15
25 4 15
25 5 15
25 6 15
25 7 6
25 12 2
25 13 2
25 15 1
25 16 7
25 17 15
25 18 6
25 19 2
25 20 2
25 30 1
25 31 4
25 57 1
25 58 15
25 59 15
25 60 15
25 61 15
25 62 15
25 63 15
26 1 1
26 2 15
26 3 15
26 4 15
26 5 15
26 6 15
26 7 4
26 15 1
26 16 5
26 17 14
26 26 1
26 27 4
26 30 1
26 31 4
26 57 1
26 58 15
26 59 15
26 60 15
26 61 15
26 62 15
26 63 15
27 2 3
27 3 15
27 4 15
27 5 15
27 6 15
27 7 4
27 15 1
27 16 5
27 17 15
27 18 12
27 19 8
27 20 8
27 21 8
27 22 8
27 23 8
27 25 8
27 26 9
27 27 4
27 30 1
27 31 4
27 57 1
27 58 15
27 59 15
27 60 15
27 61 15
27 62 15
27 63 15
28 3 2
28 4 3
28 5 15
28 6 15
28 7 4
28 15 1
28 16 4
28 17 2
28 18 2
28 19 2
28 20 2
28 21 2
28 22 3
28 23 15
28 24 5
28 25 15
28 26 6
28 57 1
28 58 15
28 59 15
28 60 15
28 61 15
28 62 15
28 63 15
29 5 2
29 6 2
29 15 1
29 16 12
29 23 2
29 25 2
29 57 1
29 58 15
29 59 15
29 60 15
29 61 15
29 62 15
29 63 15
30 7 8
30 8 8
30 15 1
30 16 15
30 17 12
30 48 8
30 57 1
30 58 15
30 59 15
30 60 15
30 61 15
30 62 15
30 63 15
31 6 1
31 7 15
31 8 15
31 9 12
31 10 8
31 16 2
31 17 2
31 46 8
31 47 9
31 48 15
31 49 4
31 58 3
31 59 15
31 60 15
31 61 15
31 62 15
31 63 15
32 6 1
32 7 15
32 8 15
32 9 15
32 10 15
32 11 4
32 45 9
32 46 15
32 47 6
32 48 2
32 59 2
32 60 3
32 61 15
32 62 15
32 63 15
33 6 1
33 7 15
33 8 15
33 9 15
33 10 15
33 11 12
33 12 8
33 44 1
33 45 15
33 46 6
33 61 3
33 62 15
33 63 15
34 7 11
34 8 15
34 9 15
34 10 15
34 11 15
34 12 15
34 13 4
34 44 1
34 45 6
34 62 3
34 63 15
35 6 1
35 7 15
35 8 15
35 9 15
35 10 15
35 11 6
35 12 10
35 44 1
35 45 4
35 63 2
36 6 1
36 7 15
36 8 15
36 9 15
36 10 15
36 11 13
36 12 15
36 13 4
36 18 8
36 20 8
36 21 8
36 22 8
36 23 8
36 24 8
36 44 1
36 45 4
37 6 1
37 7 15
37 8 15
37 9 15
37 10 15
37 11 15
37 12 6
37 17 1
37 18 15
37 19 4
37 20 2
37 21 2
37 22 2
37 23 3
37 24 15
37 25 12
37 26 8
37 44 1
37 45 4
38 7 3
38 8 15
38 9 15
38 10 15
38 11 6
38 12 8
38 13 8
38 14 8
38 18 2
38 24 2
38 25 3
38 26 15
38 27 4
38 35 8
38 36 8
38 37 8
38 38 8
38 39 8
38 40 8
38 41 8
38 44 1
38 45 12
39 7 1
39 8 15
39 9 15
39 10 15
39 11 4
39 12 2
39 13 2
39 14 2
39 26 2
39 28 8
39 33 8
39 34 9
39 35 15
39 36 6
39 37 2
39 38 2
39 39 2
39 40 3
39 41 15
39 42 4
39 44 1
39 45 15
39 46 12
40 8 2
40 9 2
40 10 2
40 28 2
40 33 2
40 34 2
40 35 2
40 41 2
40 45 3
40 46 15
40 47 4
41 46 3
41 47 4
42 44 1
42 45 4
42 46 1
42 47 4
43 23 8
43 24 8
43 25 8
43 26 8
43 44 9
43 45 4
43 46 1
43 47 4
44 7 8
44 8 8
44 9 8
44 10 8
44 11 8
44 22 9
44 23 15
44 24 15
44 25 15
44 26 15
44 27 4
44 43 1
44 44 15
44 45 4
45 6 9
45 7 15
45 8 15
45 9 15
45 10 15
45 11 15
45 12 12
45 21 9
45 22 15
45 23 15
45 24 15
45 25 15
45 26 15
45 27 4
45 44 2
46 5 1
46 6 15
46 7 15
46 8 15
46 9 15
46 10 15
46 11 15
46 12 15
46 13 4
46 16 8
46 20 1
46 21 15
46 22 15
46 23 15
46 24 15
46 25 15
46 26 15
46 27 4
47 5 1
47 6 15
47 7 15
47 8 15
47 9 15
47 10 15
47 11 15
47 12 15
47 13 4
47 15 9
47 16 15
47 17 12
47 21 3
47 22 15
47 23 15
47 24 15
47 25 15
47 26 6
48 5 9
48 6 15
48 7 15
48 8 15
48 9 15
48 10 15
48 11 15
48 12 15
48 13 4
48 14 1
48 15 15
48 16 15
48 17 15
48 18 4
48 22 3
48 23 15
48 24 15
48 25 14
48 30 8
48 31 8
48 32 8
48 33 8
48 34 8
48 35 8
48 44 1
48 45 4
49 4 9
49 5 15
49 6 15
49 7 15
49 8 15
49 9 15
49 10 15
49 11 15
49 12 6
49 14 1
49 15 15
49 16 15
49 17 15
49 18 12
49 22 1
49 23 15
49 24 15
49 25 15
49 26 12
49 29 9
49 30 15
49 31 15
49 32 15
49 33 15
49 34 15
49 35 15
49 36 4
49 42 8
49 44 1
49 45 4
50 3 1
50 4 15
50 5 15
50 6 15
50 7 15
50 8 15
50 9 15
50 10 15
50 11 15
50 12 4
50 15 11
50 16 15
50 17 15
50 18 15
50 19 4
50 22 1
50 23 15
50 24 15
50 25 15
50 26 15
50 27 12
50 28 9
50 29 15
50 30 15
50 31 15
50 32 15
50 33 15
50 34 15
50 35 15
50 36 4
50 41 1
50 42 15
50 43 4
50 46 8
51 3 1
51 4 15
51 5 15
51 6 15
51 7 15
51 8 15
51 9 15
51 10 15
51 11 14
51 12 8
51 14 9
51 15 15
51 16 15
51 17 15
51 18 15
51 19 4
51 22 1
51 23 15
51 24 15
51 25 15
51 26 15
51 27 15
51 28 15
51 29 15
51 30 15
51 31 15
51 32 15
51 33 15
51 34 15
51 35 15
51 36 4
51 42 2
51 45 1
51 46 15
51 47 4
52 3 9
52 4 15
52 5 15
52 6 15
52 7 15
52 8 15
52 9 15
52 10 15
52 11 15
52 12 15
52 13 13
52 14 15
52 15 15
52 16 15
52 17 15
52 18 15
52 19 4
52 22 9
52 23 15
52 24 15
52 25 15
52 26 15
52 27 15
52 28 15
52 29 15
52 30 15
52 31 15
52 32 15
52 33 15
52 34 15
52 35 15
52 36 12
52 46 3
52 47 4
53 2 1
53 3 15
53 4 15
53 5 15
53 6 15
53 7 15
53 8 15
53 9 15
53 10 15
53 11 15
53 12 15
53 13 15
53 14 15
53 15 15
53 16 15
53 17 15
53 18 15
53 19 4
53 21 9
53 22 15
53 23 15
53 24 15
53 25 15
53 26 15
53 27 15
53 28 15
53 29 15
53 30 15
53 31 15
53 32 15
53 33 15
53 34 15
53 35 15
53 36 15
53 37 12
53 46 1
53 47 12
54 3 3
54 4 15
54 5 15
54 6 15
54 7 15
54 8 15
54 9 15
54 10 15
54 11 15
54 12 15
54 13 15
54 14 15
54 15 15
54 16 15
54 17 15
54 18 14
54 20 9
54 21 15
54 22 15
54 23 15
54 24 15
54 25 15
54 26 15
54 27 15
54 28 15
54 29 15
54 30 15
54 31 15
54 32 15
54 33 15
54 34 15
54 35 15
54 36 15
54 37 15
54 38 4
54 46 1
54 47 15
54 48 4
55 4 3
55 5 15
55 6 15
55 7 15
55 8 15
55 9 15
55 10 15
55 11 15
55 12 15
55 13 15
55 14 15
55 15 15
55 16 15
55 17 15
55 18 15
55 19 13
55 20 15
55 21 15
55 22 15
55 23 15
55 24 15
55 25 15
55 26 15
55 27 15
55 28 15
55 29 15
55 30 15
55 31 15
55 32 15
55 33 15
55 34 15
55 35 15
55 36 15
55 37 15
55 38 4
55 47 2
56 5 3
56 6 15
56 7 15
56 8 15
56 9 15
56 10 15
56 11 15
56 12 15
56 13 15
56 14 15
56 15 15
56 16 15
56 17 15
56 18 15
56 19 15
56 20 15
56 21 15
56 22 15
56 23 15
56 24 15
56 25 15
56 26 15
56 27 15
56 28 15
56 29 15
56 30 15
56 31 15
56 32 15
56 33 15
56 34 15
56 35 15
56 36 15
56 37 15
56 38 4
57 6 3
57 7 15
57 8 15
57 9 15
57 10 15
57 11 15
57 12 15
57 13 15
57 14 15
57 15 15
57 16 15
57 17 15
57 18 15
57 19 15
57 20 15
57 21 15
57 22 15
57 23 15
57 24 15
57 25 15
57 26 15
57 27 15
57 28 15
57 29 15
57 30 15
57 31 15
57 32 15
57 33 15
57 34 15
57 35 15
57 36 6
57 37 2
58 1 8
58 2 8
58 6 9
58 7 15
58 8 15
58 9 15
58 10 15
58 11 15
58 12 15
58 13 15
58 14 15
58 15 15
58 16 15
58 17 15
58 18 15
58 19 15
58 20 15
58 21 15
58 22 15
58 23 15
58 24 15
58 25 15
58 26 15
58 27 15
58 28 15
58 29 15
58 30 15
58 31 15
58 32 15
58 33 15
58 34 15
58 35 15
58 36 4
59 0 9
59 1 15
59 2 15
59 3 12
59 4 8
59 5 9
59 6 15
59 7 15
59 8 15
59 9 15
59 10 15
59 11 15
59 12 15
59 13 15
59 14 15
59 15 15
59 16 15
59 17 15
59 18 15
59 19 15
59 20 15
59 21 15
59 22 15
59 23 15
59 24 15
59 25 15
59 26 15
59 27 15
59 28 15
59 29 15
59 30 15
59 31 15
59 32 15
59 33 15
59 34 15
59 35 6
60 0 15
60 1 15
60 2 15
60 3 15
60 4 15
60 5 15
60 6 15
60 7 15
60 8 15
60 9 15
60 10 15
60 11 15
60 12 15
60 13 15
60 14 15
60 15 15
60 16 15
60 17 15
60 18 15
60 19 15
60 20 15
60 21 15
60 22 15
60 23 15
60 24 15
60 25 15
60 26 15
60 27 15
60 28 15
60 29 15
60 30 15
60 31 15
60 32 15
60 33 14
60 34 2
61 0 15
61 1 15
61 2 15
61 3 15
61 4 15
61 5 15
61 6 15
61 7 15
61 8 15
61 9 15
61 10 15
61 11 15
61 12 15
61 13 15
61 14 15
61 15 15
61 16 15
61 17 15
61 18 15
61 19 15
61 20 15
61 21 15
61 22 15
61 23 15
61 24 15
61 25 15
61 26 15
61 27 15
61 28 15
61 29 15
61 30 15
61 31 15
61 32 15
61 33 15
61 34 4
62 0 15
62 1 15
62 2 15
62 3 15
62 4 15
62 5 15
62 6 15
62 7 15
62 8 15
62 9 15
62 10 15
62 11 15
62 12 15
62 13 15
62 14 15
62 15 15
62 16 15
62 17 15
62 18 15
62 19 15
62 20 15
62 21 15
62 22 15
62 23 15
62 24 15
62 25 15
62 26 15
62 27 15
62 28 15
62 29 15
62 30 15
62 31 15
62 32 15
62 33 15
62 34 4
63 0 15
63 1 15
63 2 15
63 3 15
63 4 15
63 5 15
63 6 15
63 7 15
63 8 15
63 9 15
63 10 15
63 11 15
63 12 15
63 13 15
63 14 15
63 15 15
63 16 15
63 17 15
63 18 15
63 19 15
63 20 15
63 21 15
63 22 15
63 23 15
63 24 15
63 25 15
63 26 15
63 27 15
63 28 15
63 29 15
63 30 15
63 31 15
63 32 15
63 33 15
63 34 4
