0
0 12 1
0 13 15
0 14 15
0 15 15
0 16 15
0 17 12
0 30 1
0 31 4
0 32 1
0 33 15
0 34 4
0 36 1
0 37 15
0 38 4
1 12 1
1 13 15
1 14 15
1 15 15
1 16 15
1 17 15
1 18 4
1 30 1
1 31 4
1 32 1
1 33 6
1 37 3
1 38 4
1 40 1
1 41 4
2 13 3
2 14 15
2 15 15
2 16 15
2 17 15
2 18 4
2 30 1
2 31 4
2 32 1
2 33 4
2 37 1
2 38 4
2 40 1
2 41 4
2 55 8
2 62 8
3 14 3
3 15 15
3 16 15
3 17 15
3 18 12
3 30 1
3 31 4
3 32 1
3 33 12
3 37 9
3 38 4
3 40 1
3 41 4
3 54 9
3 55 15
3 56 4
3 61 1
3 62 15
3 63 4
4 15 3
4 16 15
4 17 15
4 18 15
4 19 12
4 30 1
4 31 4
4 32 1
4 33 15
4 34 12
4 36 9
4 37 15
4 38 4
4 40 1
4 41 4
4 49 1
4 50 4
4 53 1
4 54 15
4 55 6
4 62 2
5 16 3
5 17 15
5 18 15
5 19 15
5 20 12
5 21 8
5 22 8
5 30 1
5 31 4
5 33 2
5 34 2
5 36 2
5 37 2
5 40 9
5 41 4
5 49 1
5 50 4
5 53 1
5 54 6
6 17 3
6 18 15
6 19 15
6 20 15
6 21 15
6 22 15
6 23 12
6 24 8
6 31 8
6 39 9
6 40 15
6 41 4
6 49 1
6 50 4
6 53 1
6 54 4
7 18 3
7 19 15
7 20 15
7 21 15
7 22 15
7 23 15
7 24 15
7 25 12
7 26 8
7 27 8
7 30 1
7 31 15
7 32 4
7 38 1
7 39 15
7 40 6
7 53 9
7 54 4
7 62 1
7 63 4
8 19 2
8 20 3
8 21 15
8 22 15
8 23 15
8 24 15
8 25 15
8 26 15
8 27 15
8 28 12
8 31 3
8 32 4
8 38 1
8 39 6
8 52 1
8 53 15
8 54 4
8 62 1
8 63 4
9 21 2
9 22 3
9 23 15
9 24 15
9 25 15
9 26 15
9 27 15
9 28 15
9 29 12
9 33 8
9 34 8
9 38 9
9 39 4
9 53 2
9 62 1
9 63 4
10 23 2
10 24 3
10 25 15
10 26 15
10 27 15
10 28 15
10 29 15
10 30 4
10 33 3
10 34 15
10 35 12
10 37 9
10 38 15
10 39 4
10 52 1
10 53 4
10 56 8
10 57 8
10 59 8
10 60 8
10 62 1
10 63 4
11 25 2
11 26 2
11 27 3
11 28 15
11 29 15
11 30 12
11 34 2
11 35 2
11 37 2
11 38 2
11 52 1
11 53 4
11 56 2
11 57 2
11 59 2
11 60 3
11 61 4
12 27 1
12 28 15
12 29 15
12 30 15
12 31 12
12 49 1
12 50 4
12 52 1
12 53 4
12 55 1
12 56 4
12 60 1
12 61 4
13 28 3
13 29 15
13 30 15
13 31 15
13 32 4
13 49 1
13 50 4
13 52 1
13 53 4
13 55 1
13 56 12
13 57 8
13 59 8
13 60 9
13 61 4
14 28 1
14 29 15
14 30 15
14 31 15
14 32 4
14 49 1
14 50 4
14 52 1
14 53 4
14 55 1
14 56 6
14 57 2
14 59 2
14 60 3
14 61 4
15 28 1
15 29 15
15 30 15
15 31 15
15 32 4
15 49 1
15 50 4
15 52 1
15 53 4
15 55 1
15 56 4
16 28 1
16 29 15
16 30 15
16 31 15
16 32 4
16 49 1
16 50 4
16 52 1
16 53 4
16 55 1
16 56 4
16 60 1
16 61 4
17 28 9
17 29 15
17 30 15
17 31 6
17 49 1
17 50 4
17 52 1
17 53 4
17 55 1
17 56 12
17 57 8
17 59 8
17 60 9
17 61 4
18 27 1
18 28 15
18 29 15
18 30 6
18 49 1
18 50 4
18 56 2
18 57 2
18 59 2
18 60 2
19 24 8
19 27 9
19 28 15
19 29 15
19 30 4
19 49 1
19 50 4
19 53 8
19 62 9
19 63 4
20 23 1
20 24 15
20 25 12
20 26 9
20 27 15
20 28 15
20 29 15
20 30 12
20 31 8
20 32 8
20 33 8
20 34 8
20 35 8
20 36 8
20 37 8
20 38 8
20 39 8
20 49 1
20 50 4
20 53 2
20 62 2
21 24 2
21 25 2
21 26 2
21 27 2
21 28 2
21 29 2
21 30 2
21 31 2
21 32 2
21 33 2
21 34 2
21 35 2
21 36 2
21 37 2
21 38 3
21 39 15
21 40 4
21 49 1
21 50 4
22 24 8
22 25 8
22 26 8
22 27 8
22 28 8
22 29 8
22 30 8
22 31 8
22 32 8
22 33 8
22 34 8
22 39 2
22 49 1
22 50 4
22 53 8
22 54 8
22 55 8
22 56 8
22 57 8
23 23 1
23 24 15
23 25 6
23 26 3
23 27 15
23 28 15
23 29 15
23 30 6
23 31 2
23 32 2
23 33 2
23 34 2
23 38 8
23 39 8
23 49 1
23 50 4
23 52 1
23 53 6
23 54 2
23 55 2
23 56 2
23 57 3
23 58 4
24 24 2
24 26 1
24 27 15
24 28 15
24 29 15
24 30 12
24 38 3
24 39 15
24 40 4
24 57 1
24 58 4
25 26 1
25 27 15
25 28 15
25 29 15
25 30 15
25 31 4
25 39 2
25 53 8
25 54 8
25 55 8
25 56 8
25 57 8
26 27 3
26 28 15
26 29 15
26 30 15
26 31 12
26 53 2
26 54 2
26 55 2
26 56 2
26 57 2
26 63 1
27 27 1
27 28 15
27 29 15
27 30 15
27 31 15
27 32 12
27 33 8
27 34 8
27 63 1
28 28 3
28 29 15
28 30 15
28 31 15
28 32 15
28 33 15
28 34 15
28 35 12
28 36 8
28 63 1
29 29 3
29 30 15
29 31 15
29 32 15
29 33 15
29 34 15
29 35 15
29 36 15
29 37 12
29 54 8
29 55 8
29 56 8
29 57 8
29 63 1
30 30 3
30 31 15
30 32 15
30 33 15
30 34 15
30 35 15
30 36 15
30 37 15
30 38 12
30 49 1
30 50 4
30 52 1
30 53 4
30 54 2
30 55 2
30 56 2
30 57 2
30 63 1
31 31 2
31 32 2
31 33 2
31 34 3
31 35 15
31 36 15
31 37 15
31 38 15
31 39 12
31 40 8
31 52 1
31 53 4
31 63 1
32 35 2
32 36 2
32 37 2
32 38 3
32 39 15
32 40 15
32 41 12
32 42 8
32 49 1
32 50 4
32 57 1
32 58 4
33 39 3
33 40 15
33 41 15
33 42 15
33 43 12
33 49 1
33 50 4
33 57 1
33 58 4
34 32 8
34 33 8
34 34 8
34 35 8
34 36 8
34 38 8
34 40 2
34 41 3
34 42 15
34 43 15
34 44 12
34 45 8
34 52 1
34 53 12
34 57 1
34 58 4
35 32 2
35 33 2
35 34 2
35 35 2
35 36 2
35 38 2
35 42 3
35 43 15
35 44 15
35 45 15
35 46 12
35 47 8
35 53 2
36 43 3
36 44 15
36 45 15
36 46 15
36 47 15
36 48 12
36 49 8
36 50 8
36 51 8
37 40 1
37 41 4
37 44 3
37 45 15
37 46 15
37 47 15
37 48 15
37 49 15
37 50 15
37 51 15
37 52 12
38 26 1
38 27 4
38 45 2
38 46 3
38 47 15
38 48 15
38 49 15
38 50 15
38 51 15
38 52 15
38 53 4
38 57 8
38 58 8
38 59 8
38 62 8
38 63 8
39 26 1
39 27 4
39 47 3
39 48 15
39 49 15
39 50 15
39 51 15
39 52 15
39 53 12
39 54 8
39 56 9
39 57 15
39 58 15
39 59 15
39 60 12
39 61 9
39 62 15
39 63 15
40 26 1
40 27 4
40 48 3
40 49 15
40 50 15
40 51 15
40 52 15
40 53 15
40 54 15
40 55 5
40 56 15
40 57 15
40 58 15
40 59 15
40 60 15
40 61 15
40 62 15
40 63 15
41 26 1
41 27 4
41 49 2
41 50 2
41 51 2
41 52 2
41 53 2
41 54 2
41 55 1
41 56 15
41 57 15
41 58 15
41 59 15
41 60 15
41 61 15
41 62 15
41 63 15
42 26 1
42 27 4
42 56 2
42 57 2
42 58 2
42 59 3
42 60 15
42 61 15
42 62 15
42 63 6
43 26 1
43 27 4
43 32 8
43 33 8
43 34 8
43 60 2
43 61 2
43 62 2
44 26 1
44 27 4
44 28 1
44 29 4
44 32 2
44 33 2
44 34 3
44 35 4
44 40 1
44 41 4
44 49 1
44 50 4
45 26 1
45 27 4
45 28 1
45 29 5
45 30 5
45 31 4
45 34 1
45 35 4
45 49 1
45 50 4
46 28 1
46 29 4
46 34 1
46 35 4
46 49 1
46 50 4
46 55 8
46 57 8
46 58 8
46 61 8
46 62 8
46 63 8
47 28 1
47 29 12
47 30 8
47 31 8
47 32 8
47 33 8
47 34 9
47 35 4
47 40 1
47 41 4
47 49 1
47 50 4
47 54 9
47 55 15
47 56 4
47 57 2
47 58 2
47 61 2
47 62 2
47 63 2
48 29 2
48 30 2
48 31 2
48 32 2
48 33 2
48 34 2
48 40 1
48 41 4
48 49 1
48 50 4
48 54 2
48 55 2
48 58 8
48 59 8
48 60 8
48 61 8
48 62 8
48 63 8
49 28 8
49 29 8
49 30 8
49 34 8
49 35 8
49 36 8
49 37 8
49 38 8
49 39 8
49 49 1
49 50 4
49 51 1
49 52 4
49 58 2
49 59 2
49 60 2
49 61 2
49 62 2
49 63 2
50 28 2
50 29 2
50 30 2
50 34 2
50 35 2
50 36 2
50 37 2
50 38 2
50 39 2
50 49 1
50 50 4
50 51 9
50 52 4
50 56 8
50 57 8
50 58 8
50 59 8
50 60 8
50 61 8
51 49 1
51 50 5
51 51 15
51 52 4
51 56 10
51 57 10
51 58 10
51 59 10
51 60 10
51 61 10
52 51 2
52 54 1
52 55 5
52 56 6
52 57 2
52 58 2
52 59 2
52 60 2
52 61 11
52 62 5
52 63 4
53 55 1
53 56 4
53 61 3
53 62 5
53 63 4
54 54 1
54 55 5
54 56 12
54 61 1
54 62 5
54 63 4
55 41 8
55 42 8
55 43 8
55 44 8
55 54 1
55 55 4
55 56 3
55 57 12
55 61 1
55 62 5
55 63 4
56 38 8
56 41 2
56 42 2
56 43 2
56 44 10
56 45 8
56 57 2
56 61 1
56 62 5
56 63 4
57 38 2
57 44 2
57 45 2
57 48 1
57 49 4
57 57 8
57 61 1
57 62 5
57 63 4
58 43 1
58 44 4
58 48 1
58 49 4
58 51 1
58 52 4
58 54 1
58 55 4
58 56 9
58 57 6
58 61 1
58 62 5
58 63 4
59 48 1
59 49 4
59 51 1
59 52 4
59 54 1
59 55 5
59 56 6
59 61 1
59 62 5
59 63 4
60 45 8
60 48 1
60 49 4
60 54 1
60 55 5
60 56 4
60 61 1
60 62 5
60 63 4
61 27 8
61 44 1
61 45 15
61 46 4
61 48 1
61 49 4
61 54 1
61 55 5
61 56 12
61 57 8
61 58 8
61 59 8
61 60 8
61 61 9
61 62 5
61 63 4
62 26 1
62 27 15
62 28 4
62 30 8
62 41 8
62 42 8
62 45 3
62 46 12
62 47 8
62 54 1
62 55 4
62 56 10
62 57 2
62 58 2
62 59 10
62 60 10
62 61 2
62 62 8
63 27 2
63 30 2
63 41 2
63 42 2
63 46 2
63 47 2
63 56 2
63 59 2
63 60 2
63 62 2
