0
0 8 1
0 9 15
0 10 15
0 11 15
0 12 4
1 9 2
1 10 2
1 11 2
2 7 8
3 4 8
3 5 8
3 6 9
3 7 15
3 8 4
3 18 8
3 19 8
3 20 8
3 21 8
3 22 8
3 23 8
4 3 9
4 4 15
4 5 15
4 6 15
4 7 15
4 8 4
4 17 1
4 18 6
4 19 2
4 20 2
4 21 2
4 22 2
4 23 2
4 24 1
4 25 4
5 2 1
5 3 15
5 4 15
5 5 6
5 6 2
5 7 2
5 17 1
5 18 4
5 24 1
5 25 4
6 2 9
6 3 15
6 4 6
6 10 8
6 11 8
6 12 8
6 13 8
6 14 8
6 15 8
6 17 9
6 18 4
6 24 1
6 25 12
6 29 8
6 30 8
7 1 1
7 2 15
7 3 15
7 4 4
7 9 9
7 10 15
7 11 6
7 12 2
7 13 2
7 14 2
7 15 2
7 17 2
7 21 8
7 22 8
7 24 1
7 25 6
7 29 2
7 30 3
7 31 4
8 1 1
8 2 15
8 3 15
8 4 4
8 8 1
8 9 15
8 10 6
8 16 8
8 17 9
8 18 4
8 20 1
8 21 15
8 22 15
8 23 4
8 24 1
8 25 4
8 30 1
8 31 4
9 1 1
9 2 15
9 3 15
9 4 4
9 8 1
9 9 6
9 15 1
9 16 6
9 17 3
9 18 4
9 20 1
9 21 15
9 22 15
9 23 4
9 30 1
9 31 4
10 1 1
10 2 15
10 3 15
10 4 12
10 5 8
10 7 1
10 8 5
10 9 4
10 15 1
10 16 4
10 17 1
10 18 4
10 21 2
10 22 2
10 24 1
10 25 4
10 30 1
10 31 4
11 2 3
11 3 15
11 4 15
11 5 15
11 6 4
11 7 1
11 8 5
11 9 12
11 15 1
11 16 4
11 17 1
11 18 4
11 24 1
11 25 12
11 26 8
11 27 8
11 28 8
11 29 8
11 30 9
11 31 4
12 3 3
12 4 15
12 5 15
12 6 12
12 7 1
12 8 5
12 9 15
12 10 4
12 15 1
12 16 4
12 17 1
12 18 4
12 25 2
12 26 2
12 27 2
12 28 2
12 29 2
12 30 2
13 4 3
13 5 15
13 6 15
13 7 4
13 9 2
13 11 8
13 14 8
13 15 9
13 16 4
13 17 1
13 18 4
13 19 8
13 20 8
13 21 8
13 22 8
13 23 8
13 24 1
13 25 4
14 4 1
14 5 15
14 6 15
14 7 4
14 11 2
14 14 2
14 15 2
14 19 2
14 20 2
14 21 2
14 22 2
14 23 2
14 26 8
15 4 1
15 5 15
15 6 15
15 7 4
15 17 1
15 18 4
15 26 2
16 4 1
16 5 15
16 6 15
16 7 12
16 20 8
16 21 8
16 23 8
17 4 1
17 5 15
17 6 15
17 7 15
17 8 4
17 20 2
17 21 2
17 23 2
18 4 1
18 5 15
18 6 15
18 7 15
18 8 4
19 4 1
19 5 15
19 6 15
19 7 6
20 4 9
20 5 15
20 6 15
20 7 4
21 3 9
21 4 15
21 5 15
21 6 15
21 7 4
22 2 9
22 3 15
22 4 15
22 5 15
22 6 6
23 1 1
23 2 15
23 3 15
23 4 15
23 5 6
24 1 1
24 2 15
24 3 6
24 4 2
24 13 1
24 14 4
25 0 8
25 1 9
25 2 15
25 3 4
25 13 9
25 14 4
25 15 1
25 16 4
26 0 15
26 1 15
26 2 6
26 12 1
26 13 15
26 14 4
27 0 15
27 1 6
27 12 8
27 13 2
28 0 2
28 11 1
28 12 15
28 13 4
28 14 8
29 11 9
29 12 6
29 13 1
29 14 15
29 15 4
30 10 9
30 11 15
30 12 4
30 13 1
30 14 6
30 52 8
30 53 8
30 54 8
30 55 8
30 56 8
31 8 8
31 9 9
31 10 15
31 11 6
31 13 1
31 14 4
31 51 9
31 52 15
31 53 6
31 54 2
31 55 3
31 56 15
31 57 12
32 7 9
32 8 15
32 9 6
32 10 2
32 50 9
32 51 15
32 52 6
32 56 3
32 57 15
32 58 12
33 6 1
33 7 15
33 8 6
33 13 1
33 14 12
33 49 9
33 50 15
33 51 6
33 57 3
33 58 15
33 59 12
34 6 9
34 7 6
34 11 8
34 13 1
34 14 15
34 15 12
34 48 1
34 49 15
34 50 6
34 58 3
34 59 15
34 60 4
35 5 1
35 6 15
35 7 4
35 10 1
35 11 15
35 12 12
35 14 3
35 15 15
35 16 12
35 48 1
35 49 6
35 59 3
35 60 4
36 5 9
36 6 6
36 11 3
36 12 15
36 13 4
36 15 3
36 16 15
36 17 12
36 48 1
36 49 4
36 59 1
36 60 4
37 3 8
37 4 9
37 5 15
37 6 4
37 12 2
37 16 3
37 17 15
37 18 12
37 48 1
37 49 4
37 59 1
37 60 4
38 2 9
38 3 15
38 4 6
38 5 2
38 17 3
38 18 15
38 19 4
38 48 1
38 49 12
38 59 9
38 60 4
39 1 9
39 2 15
39 3 6
39 18 2
39 48 1
39 49 15
39 50 12
39 58 9
39 59 15
39 60 4
40 1 2
40 2 2
40 49 3
40 50 15
40 51 12
40 57 9
40 58 15
40 59 6
41 2 8
41 50 3
41 51 15
41 52 12
41 53 9
41 54 4
41 55 8
41 56 9
41 57 15
41 58 6
42 2 2
42 45 8
42 46 8
42 47 8
42 51 3
42 52 6
42 53 2
42 55 2
42 56 3
42 57 6
43 44 1
43 45 15
43 46 7
43 47 15
43 48 12
43 51 9
43 52 4
43 56 1
43 57 4
44 6 1
44 7 4
44 44 1
44 45 6
44 47 3
44 48 15
44 49 12
44 50 9
44 51 15
44 52 4
44 56 1
44 57 4
45 0 1
45 1 4
45 4 1
45 5 4
45 6 1
45 7 4
45 44 1
45 45 12
45 48 2
45 49 2
45 50 2
45 51 2
45 56 1
45 57 4
46 4 1
46 5 4
46 6 1
46 7 4
46 45 2
46 56 1
46 57 4
47 4 1
47 5 4
47 6 1
47 7 4
47 44 1
47 45 4
47 48 8
47 49 8
47 50 8
47 51 8
47 56 1
47 57 4
48 1 8
48 2 8
48 3 8
48 44 1
48 45 4
48 47 9
48 48 15
48 49 6
48 50 3
48 51 15
48 52 4
48 56 1
48 57 4
49 1 2
49 2 2
49 3 2
49 46 9
49 47 15
49 48 6
49 51 3
49 52 4
49 56 1
49 57 4
50 2 8
50 3 8
50 46 2
50 47 2
50 51 9
50 52 12
50 53 8
50 55 8
50 56 9
50 57 12
51 2 2
51 3 2
51 50 9
51 51 15
51 52 6
51 53 2
51 54 1
51 55 6
51 56 3
51 57 15
51 58 12
52 49 9
52 50 15
52 51 6
52 57 3
52 58 15
52 59 12
53 48 1
53 49 15
53 50 6
53 58 3
53 59 15
53 60 4
54 48 1
54 49 6
54 59 3
54 60 4
55 48 1
55 49 4
55 59 1
55 60 4
56 0 4
56 48 1
56 49 4
56 59 1
56 60 4
57 0 4
57 48 1
57 49 12
57 59 9
57 60 4
58 48 1
58 49 15
58 50 12
58 58 9
58 59 15
58 60 4
59 49 3
59 50 15
59 51 12
59 57 9
59 58 15
59 59 6
60 50 3
60 51 15
60 52 12
60 56 9
60 57 15
60 58 6
61 0 4
61 51 3
61 52 15
61 53 12
61 54 8
61 55 9
61 56 15
61 57 6
62 0 4
62 52 2
62 53 2
62 54 2
62 55 2
62 56 2
63 0 4
