0
0 24 1
0 25 4
0 26 1
0 27 4
0 34 8
0 39 8
0 60 1
0 61 4
0 62 1
0 63 4
1 24 1
1 25 4
1 26 1
1 27 4
1 33 1
1 34 15
1 35 4
1 38 1
1 39 15
1 40 4
1 60 1
1 61 4
1 62 1
1 63 4
2 24 1
2 25 4
2 26 1
2 27 4
2 32 8
2 34 2
2 39 2
2 41 8
2 44 1
2 45 4
2 47 1
2 48 4
2 60 1
2 61 4
2 62 1
2 63 4
3 24 1
3 25 4
3 26 1
3 27 4
3 31 1
3 32 15
3 33 4
3 40 1
3 41 15
3 42 12
3 44 1
3 45 4
3 47 9
3 48 4
3 51 8
3 56 8
3 60 1
3 61 4
3 62 1
3 63 4
4 24 1
4 25 4
4 26 1
4 27 4
4 32 2
4 41 3
4 42 15
4 43 4
4 44 1
4 45 4
4 46 1
4 47 15
4 48 4
4 51 2
4 56 3
4 57 4
4 60 1
4 61 4
4 62 1
4 63 4
5 10 8
5 12 8
5 13 8
5 14 8
5 15 8
5 16 8
5 24 1
5 25 4
5 26 1
5 27 4
5 30 1
5 31 4
5 42 3
5 43 4
5 44 1
5 45 4
5 46 1
5 47 6
5 56 1
5 57 4
5 60 1
5 61 4
5 62 1
5 63 4
6 9 1
6 10 15
6 11 4
6 12 2
6 13 2
6 14 2
6 15 3
6 16 15
6 17 4
6 24 1
6 25 4
6 26 1
6 27 4
6 30 1
6 31 4
6 42 1
6 43 4
6 44 1
6 45 4
6 46 1
6 47 4
6 56 1
6 57 4
6 60 1
6 61 4
6 62 1
6 63 4
7 9 1
7 10 14
7 11 8
7 12 8
7 13 8
7 16 3
7 17 4
7 24 1
7 25 4
7 26 1
7 27 4
7 42 1
7 43 4
7 44 1
7 45 4
7 46 1
7 47 12
7 56 1
7 57 4
7 60 1
7 61 4
7 62 1
7 63 4
8 9 1
8 10 6
8 11 2
8 12 2
8 13 3
8 14 4
8 16 1
8 17 4
8 24 1
8 25 4
8 26 1
8 27 4
8 31 8
8 42 1
8 43 4
8 44 9
8 45 4
8 46 1
8 47 15
8 48 4
8 49 1
8 50 4
8 56 1
8 57 4
8 60 1
8 61 4
8 62 1
8 63 4
9 9 1
9 10 4
9 24 1
9 25 4
9 26 1
9 27 4
9 30 1
9 31 15
9 32 12
9 43 1
9 44 15
9 45 4
9 47 3
9 48 4
9 56 1
9 57 4
9 60 1
9 61 4
9 62 1
9 63 4
10 9 1
10 10 4
10 24 1
10 25 4
10 26 1
10 27 4
10 31 3
10 32 15
10 33 12
10 40 8
10 44 2
10 47 1
10 48 4
10 49 1
10 50 4
10 60 1
10 61 4
10 62 1
10 63 4
11 9 1
11 10 12
11 11 8
11 12 8
11 13 9
11 14 4
11 16 1
11 17 4
11 24 1
11 25 4
11 26 1
11 27 4
11 32 3
11 33 15
11 34 12
11 39 9
11 40 15
11 41 4
11 43 1
11 44 4
11 60 1
11 61 4
11 62 1
11 63 4
12 9 1
12 10 14
12 11 2
12 12 2
12 13 2
12 16 9
12 17 4
12 24 1
12 25 4
12 26 1
12 27 4
12 33 3
12 34 15
12 35 12
12 38 1
12 39 15
12 40 6
12 43 1
12 44 4
12 60 1
12 61 4
12 62 1
12 63 4
13 9 1
13 10 15
13 11 4
13 12 8
13 13 8
13 14 8
13 15 9
13 16 15
13 17 4
13 24 1
13 25 4
13 26 1
13 27 4
13 31 8
13 34 2
13 35 2
13 39 2
13 60 1
13 61 4
13 62 1
13 63 4
14 10 2
14 12 2
14 13 2
14 14 2
14 15 2
14 16 2
14 24 1
14 25 4
14 26 1
14 27 4
14 28 1
14 29 4
14 31 2
14 32 1
14 33 4
14 60 1
14 61 4
14 62 1
14 63 4
15 24 1
15 25 4
15 26 1
15 27 4
15 28 1
15 29 4
15 32 1
15 33 4
15 60 1
15 61 4
15 62 1
15 63 4
16 24 1
16 25 4
16 26 1
16 27 4
16 28 1
16 29 4
16 32 1
16 33 4
16 60 1
16 61 4
16 62 1
16 63 4
17 24 1
17 25 4
17 26 1
17 27 4
17 28 1
17 29 12
17 30 8
17 31 8
17 32 1
17 33 4
17 47 1
17 48 12
17 60 1
17 61 4
17 62 1
17 63 4
18 24 1
18 25 4
18 26 1
18 27 4
18 29 2
18 30 2
18 31 2
18 47 1
18 48 15
18 49 12
18 60 1
18 61 4
18 62 1
18 63 4
19 24 1
19 25 4
19 26 1
19 27 4
19 29 8
19 30 8
19 31 8
19 48 3
19 49 15
19 50 4
19 60 1
19 61 4
19 62 1
19 63 4
20 24 1
20 25 4
20 26 1
20 27 4
20 28 1
20 29 6
20 30 2
20 31 2
20 49 2
20 60 1
20 61 4
20 63 8
21 26 1
21 27 4
21 28 1
21 29 4
21 42 8
21 60 1
21 61 12
21 62 1
21 63 15
22 24 1
22 25 4
22 26 1
22 27 4
22 28 1
22 29 4
22 41 9
22 42 15
22 43 4
22 60 1
22 61 15
22 62 4
22 63 2
23 26 1
23 27 4
23 28 1
23 29 4
23 40 9
23 41 15
23 42 6
23 61 2
24 24 1
24 25 4
24 26 1
24 27 4
24 39 1
24 40 15
24 41 6
24 45 8
24 46 8
24 49 8
24 50 8
24 62 1
24 63 4
25 24 1
25 25 4
25 26 1
25 27 4
25 39 1
25 40 6
25 44 9
25 45 15
25 46 6
25 49 3
25 50 15
25 51 12
25 62 1
25 63 4
26 24 1
26 25 4
26 26 1
26 27 4
26 39 1
26 40 4
26 43 9
26 44 15
26 45 6
26 50 3
26 51 15
26 52 12
26 62 1
26 63 4
27 24 1
27 25 4
27 26 1
27 27 4
27 39 1
27 40 4
27 42 9
27 43 15
27 44 6
27 51 3
27 52 15
27 53 12
27 62 1
27 63 4
28 24 1
28 25 4
28 26 1
28 27 4
28 39 1
28 40 4
28 41 1
28 42 15
28 43 6
28 52 3
28 53 15
28 54 4
28 62 1
28 63 4
29 24 1
29 25 4
29 26 1
29 27 12
29 28 8
29 29 8
29 30 8
29 31 8
29 32 8
29 36 1
29 37 4
29 39 1
29 40 4
29 41 1
29 42 6
29 53 3
29 54 4
29 55 1
29 56 4
30 24 1
30 25 4
30 26 1
30 27 15
30 28 6
30 29 2
30 30 2
30 31 2
30 32 3
30 33 4
30 36 1
30 37 4
30 39 1
30 40 4
30 41 1
30 42 4
30 53 1
30 54 4
31 24 1
31 25 4
31 26 1
31 27 6
31 32 1
31 33 4
31 36 1
31 37 4
31 39 1
31 40 4
31 41 1
31 42 4
31 53 1
31 54 4
31 60 1
31 61 4
32 24 1
32 25 4
32 26 1
32 27 4
32 32 1
32 33 4
32 36 1
32 37 4
32 39 1
32 40 4
32 41 1
32 42 12
32 53 9
32 54 4
32 55 1
32 56 4
32 60 1
32 61 4
32 62 1
32 63 4
33 24 1
33 25 4
33 26 1
33 27 4
33 32 1
33 33 4
33 36 1
33 37 4
33 39 1
33 40 4
33 41 1
33 42 15
33 43 12
33 50 8
33 52 9
33 53 15
33 54 4
33 60 1
33 61 4
33 62 1
33 63 4
34 24 1
34 25 4
34 26 1
34 27 4
34 39 1
34 40 4
34 42 3
34 43 15
34 44 12
34 50 10
34 51 1
34 52 15
34 53 6
34 60 1
34 61 4
34 62 1
34 63 4
35 24 1
35 25 4
35 26 1
35 27 4
35 32 1
35 33 4
35 39 1
35 40 4
35 43 3
35 44 15
35 45 12
35 50 10
35 52 2
35 60 1
35 61 4
35 62 1
35 63 4
36 24 1
36 25 4
36 26 1
36 27 4
36 32 1
36 33 4
36 35 1
36 36 4
36 39 1
36 40 12
36 44 3
36 45 15
36 46 12
36 49 9
36 50 15
36 51 4
36 60 1
36 61 4
36 62 1
36 63 4
37 24 1
37 25 4
37 26 1
37 27 12
37 32 1
37 33 4
37 35 9
37 36 4
37 39 1
37 40 15
37 41 4
37 45 2
37 46 2
37 49 2
37 50 2
37 60 1
37 61 4
37 62 1
37 63 4
38 24 1
38 25 4
38 26 1
38 27 15
38 28 12
38 29 8
38 30 8
38 31 8
38 32 9
38 33 4
38 34 1
38 35 15
38 36 4
38 40 2
38 60 1
38 61 4
38 62 1
38 63 4
39 16 8
39 23 8
39 24 1
39 25 4
39 26 1
39 27 6
39 28 2
39 29 2
39 30 2
39 31 2
39 32 2
39 34 1
39 35 14
39 45 8
39 60 1
39 61 4
39 62 1
39 63 4
40 15 1
40 16 15
40 17 4
40 22 1
40 23 15
40 24 5
40 25 4
40 26 1
40 27 4
40 34 1
40 35 15
40 36 4
40 44 1
40 45 15
40 46 4
40 54 8
40 58 8
40 60 1
40 61 4
40 62 1
40 63 4
41 16 2
41 23 2
41 24 1
41 25 4
41 26 1
41 27 4
41 35 3
41 36 4
41 45 2
41 53 1
41 54 6
41 58 3
41 59 4
41 60 1
41 61 4
41 62 1
41 63 4
42 15 1
42 16 4
42 24 1
42 25 4
42 26 1
42 27 4
42 53 1
42 54 4
42 56 8
42 57 8
42 60 1
42 61 4
42 62 1
42 63 4
43 15 1
43 16 4
43 26 1
43 27 4
43 55 1
43 56 6
43 57 3
43 58 5
43 59 4
43 60 1
43 61 4
43 62 1
43 63 4
44 24 1
44 25 4
44 26 1
44 27 4
44 29 1
44 30 12
44 35 1
44 36 4
44 55 1
44 56 4
44 57 1
44 58 5
44 59 4
44 60 1
44 61 4
44 62 1
44 63 4
45 15 1
45 16 4
45 24 1
45 25 4
45 26 1
45 27 4
45 30 10
45 55 1
45 56 4
45 57 1
45 58 5
45 59 4
45 60 1
45 61 4
45 62 1
45 63 4
46 16 8
46 23 8
46 24 1
46 25 4
46 26 1
46 27 4
46 29 1
46 30 14
46 58 1
46 59 4
46 60 1
46 61 4
46 62 1
46 63 4
47 15 1
47 16 15
47 17 4
47 22 1
47 23 15
47 24 5
47 25 4
47 26 1
47 27 4
47 30 10
47 54 8
47 55 8
47 57 8
47 58 1
47 59 4
47 60 1
47 61 4
47 62 1
47 63 4
48 16 2
48 23 2
48 24 1
48 25 4
48 29 1
48 30 14
48 38 8
48 39 8
48 40 8
48 45 8
48 46 8
48 47 8
48 54 2
48 55 2
48 57 2
48 60 1
48 61 4
48 62 1
48 63 4
49 24 1
49 25 12
49 29 8
49 30 2
49 37 1
49 38 6
49 39 2
49 40 2
49 45 2
49 46 2
49 47 3
49 48 4
49 56 8
49 60 1
49 61 4
49 62 1
49 63 4
50 24 1
50 25 15
50 26 12
50 28 1
50 29 15
50 30 12
50 37 1
50 38 4
50 47 1
50 48 4
50 55 1
50 56 15
50 57 12
50 60 1
50 61 4
50 62 1
50 63 4
51 25 3
51 26 15
51 27 12
51 29 3
51 30 15
51 31 4
51 47 1
51 48 4
51 51 8
51 56 3
51 57 15
51 58 12
51 60 1
51 61 4
51 62 1
51 63 4
52 26 3
52 27 15
52 28 12
52 29 9
52 30 15
52 31 4
52 37 1
52 38 4
52 47 1
52 48 4
52 50 9
52 51 15
52 52 4
52 57 3
52 58 15
52 59 12
52 60 1
52 61 4
52 62 1
52 63 4
53 27 3
53 28 15
53 29 15
53 30 6
53 37 1
53 38 4
53 47 1
53 48 4
53 49 1
53 50 15
53 51 6
53 58 3
53 59 15
53 60 5
53 61 4
53 62 1
53 63 4
54 28 2
54 29 2
54 37 1
54 38 4
54 47 1
54 48 4
54 49 1
54 50 15
54 51 12
54 58 9
54 59 15
54 60 5
54 61 4
54 62 1
54 63 4
55 34 8
55 35 8
55 37 1
55 38 4
55 47 1
55 48 4
55 50 3
55 51 15
55 52 12
55 57 9
55 58 15
55 59 6
55 60 1
55 61 4
55 62 1
55 63 4
56 33 9
56 34 15
56 35 15
56 36 4
56 37 1
56 38 12
56 39 8
56 40 8
56 41 8
56 42 8
56 43 8
56 44 8
56 45 8
56 46 8
56 47 9
56 48 4
56 51 3
56 52 15
56 53 12
56 56 9
56 57 15
56 58 6
56 60 1
56 61 4
56 62 1
56 63 4
57 32 1
57 33 15
57 34 6
57 35 2
57 37 8
57 38 2
57 39 2
57 40 2
57 41 2
57 42 2
57 43 2
57 44 2
57 45 2
57 46 2
57 47 2
57 52 3
57 53 15
57 54 12
57 55 9
57 56 15
57 57 6
57 60 1
57 61 4
57 62 1
57 63 4
58 32 1
58 33 15
58 34 12
58 36 1
58 37 15
58 38 12
58 53 3
58 54 15
58 55 15
58 56 6
58 60 9
58 61 4
58 62 1
58 63 4
59 33 3
59 34 15
59 35 12
59 37 3
59 38 15
59 39 4
59 40 8
59 41 8
59 42 8
59 43 8
59 44 8
59 45 8
59 46 8
59 47 8
59 48 8
59 49 8
59 50 8
59 51 8
59 52 8
59 53 8
59 54 10
59 55 10
59 56 8
59 57 8
59 58 8
59 59 9
59 60 15
59 61 4
59 62 9
59 63 4
60 24 8
60 34 3
60 35 15
60 36 12
60 38 2
60 40 2
60 41 2
60 42 2
60 43 2
60 44 2
60 45 2
60 46 2
60 47 2
60 48 2
60 49 2
60 50 2
60 51 2
60 52 2
60 53 2
60 54 2
60 55 2
60 56 2
60 57 2
60 58 2
60 59 2
60 60 2
60 61 1
60 62 15
60 63 4
61 23 1
61 24 15
61 25 4
61 35 3
61 36 15
61 37 12
61 38 8
61 39 8
61 40 8
61 41 8
61 42 8
61 43 8
61 44 8
61 45 8
61 46 8
61 47 8
61 48 8
61 49 8
61 50 8
61 51 8
61 52 8
61 53 8
61 54 8
61 55 8
61 56 8
61 57 8
61 58 8
61 59 8
61 60 8
61 62 2
62 24 2
62 36 2
62 37 2
62 38 2
62 39 2
62 40 2
62 41 2
62 42 2
62 43 2
62 44 2
62 45 2
62 46 2
62 47 2
62 48 2
62 49 2
62 50 2
62 51 2
62 52 2
62 53 2
62 54 2
62 55 2
62 56 2
62 57 2
62 58 2
62 59 2
62 60 2
