0
27 49 8
28 48 9
28 49 15
28 50 12
29 47 1
29 48 15
29 49 15
29 50 15
29 51 12
30 47 9
30 48 15
30 49 15
30 50 15
30 51 15
30 52 12
31 42 8
31 43 8
31 46 9
31 47 15
31 48 15
31 49 15
31 50 15
31 51 15
31 52 15
31 53 4
32 41 9
32 42 15
32 43 15
32 44 4
32 45 1
32 46 15
32 47 15
32 48 15
32 49 15
32 50 15
32 51 15
32 52 6
33 40 9
33 41 15
33 42 15
33 43 15
33 44 4
33 45 1
33 46 15
33 47 15
33 48 15
33 49 15
33 50 15
33 51 6
34 39 1
34 40 15
34 41 15
34 42 15
34 43 15
34 44 4
34 45 1
34 46 15
34 47 15
34 48 15
34 49 15
34 50 15
34 51 4
35 40 3
35 41 15
35 42 15
35 43 15
35 44 12
35 46 11
35 47 15
35 48 15
35 49 15
35 50 6
36 38 1
36 39 4
36 40 1
36 41 15
36 42 15
36 43 15
36 44 15
36 45 13
36 46 15
36 47 15
36 48 15
36 49 15
36 50 4
37 38 1
37 39 4
37 40 9
37 41 15
37 42 15
37 43 15
37 44 15
37 45 15
37 46 15
37 47 15
37 48 15
37 49 6
38 36 8
38 37 8
38 39 1
38 40 15
38 41 15
38 42 15
38 43 6
38 44 2
38 45 2
38 46 3
38 47 15
38 48 15
38 49 4
39 32 8
39 36 2
39 37 2
39 39 1
39 40 15
39 41 15
39 42 15
39 43 4
39 46 1
39 47 15
39 48 15
39 49 4
40 31 9
40 32 15
40 33 12
40 40 3
40 41 15
40 42 6
40 46 1
40 47 15
40 48 15
40 49 4
41 30 1
41 31 15
41 32 15
41 33 15
41 34 4
41 41 2
41 47 3
41 48 15
41 49 4
42 30 1
42 31 15
42 32 15
42 33 15
42 34 4
42 48 2
43 30 1
43 31 15
43 32 15
43 33 15
43 34 12
44 31 3
44 32 15
44 33 15
44 34 15
44 35 12
45 32 3
45 33 15
45 34 15
45 35 15
45 36 4
46 33 3
46 34 15
46 35 15
46 36 4
47 33 9
47 34 15
47 35 15
47 36 4
48 32 9
48 33 15
48 34 15
48 35 6
49 31 9
49 32 15
49 33 15
49 34 15
49 35 4
50 30 9
50 31 15
50 32 15
50 33 15
50 34 6
51 29 9
51 30 15
51 31 15
51 32 15
51 33 15
51 34 4
51 43 8
51 52 8
51 53 8
51 54 8
51 55 8
52 28 9
52 29 15
52 30 15
52 31 15
52 32 15
52 33 6
52 42 1
52 43 15
52 44 12
52 45 8
52 51 1
52 52 15
52 53 6
52 54 3
52 55 15
52 56 4
53 27 9
53 28 15
53 29 15
53 30 15
53 31 6
53 32 2
53 43 11
53 44 15
53 45 15
53 46 4
53 51 1
53 52 14
53 55 3
53 56 4
53 61 8
53 62 8
53 63 8
54 20 8
54 21 8
54 22 8
54 23 8
54 26 9
54 27 15
54 28 15
54 29 15
54 30 7
54 31 4
54 42 9
54 43 15
54 44 15
54 45 15
54 46 12
54 51 1
54 52 15
54 53 4
54 55 1
54 56 4
54 60 9
54 61 15
54 62 15
54 63 15
55 8 8
55 9 8
55 19 1
55 20 15
55 21 15
55 22 15
55 23 15
55 24 4
55 25 1
55 26 15
55 27 15
55 28 15
55 29 15
55 30 4
55 35 8
55 36 8
55 41 1
55 42 15
55 43 15
55 44 15
55 45 15
55 46 15
55 47 12
55 48 8
55 52 2
55 58 8
55 59 9
55 60 15
55 61 15
55 62 15
55 63 15
56 7 9
56 8 15
56 9 15
56 10 12
56 16 8
56 17 8
56 18 8
56 19 1
56 20 15
56 21 7
56 22 15
56 23 15
56 24 12
56 25 9
56 26 15
56 27 15
56 28 15
56 29 15
56 30 4
56 34 1
56 35 15
56 36 15
56 37 12
56 41 1
56 42 15
56 43 15
56 44 15
56 45 15
56 46 15
56 47 15
56 48 15
56 49 12
56 57 1
56 58 15
56 59 15
56 60 15
56 61 15
56 62 15
56 63 15
57 6 1
57 7 15
57 8 15
57 9 15
57 10 15
57 11 12
57 15 9
57 16 15
57 17 15
57 18 15
57 19 4
57 20 2
57 22 11
57 23 15
57 24 15
57 25 15
57 26 15
57 27 15
57 28 15
57 29 15
57 30 4
57 34 9
57 35 15
57 36 15
57 37 15
57 38 12
57 41 1
57 42 15
57 43 15
57 44 15
57 45 15
57 46 15
57 47 15
57 48 15
57 49 15
57 50 12
57 57 9
57 58 15
57 59 15
57 60 15
57 61 15
57 62 15
57 63 15
58 5 8
58 6 9
58 7 15
58 8 15
58 9 15
58 10 15
58 11 15
58 12 12
58 13 8
58 14 9
58 15 15
58 16 15
58 17 15
58 18 15
58 19 4
58 21 9
58 22 15
58 23 15
58 24 15
58 25 15
58 26 15
58 27 15
58 28 15
58 29 15
58 30 4
58 32 8
58 33 9
58 34 15
58 35 15
58 36 15
58 37 15
58 38 15
58 39 12
58 40 8
58 41 9
58 42 15
58 43 15
58 44 15
58 45 15
58 46 15
58 47 15
58 48 15
58 49 15
58 50 15
58 51 12
58 52 8
58 53 8
58 56 1
58 57 15
58 58 15
58 59 15
58 60 15
58 61 15
58 62 15
58 63 15
59 4 9
59 5 15
59 6 15
59 7 15
59 8 15
59 9 15
59 10 15
59 11 15
59 12 15
59 13 15
59 14 15
59 15 15
59 16 15
59 17 15
59 18 15
59 19 12
59 20 9
59 21 15
59 22 15
59 23 15
59 24 15
59 25 15
59 26 15
59 27 15
59 28 15
59 29 6
59 31 9
59 32 15
59 33 15
59 34 15
59 35 15
59 36 15
59 37 15
59 38 15
59 39 15
59 40 15
59 41 15
59 42 15
59 43 15
59 44 15
59 45 15
59 46 15
59 47 15
59 48 15
59 49 15
59 50 15
59 51 15
59 52 15
59 53 15
59 54 12
59 55 8
59 56 9
59 57 15
59 58 15
59 59 15
59 60 15
59 61 15
59 62 15
59 63 15
60 3 9
60 4 15
60 5 15
60 6 15
60 7 15
60 8 15
60 9 15
60 10 15
60 11 15
60 12 15
60 13 15
60 14 15
60 15 15
60 16 15
60 17 15
60 18 15
60 19 15
60 20 15
60 21 15
60 22 15
60 23 15
60 24 15
60 25 15
60 26 15
60 27 15
60 28 15
60 29 12
60 30 9
60 31 15
60 32 15
60 33 15
60 34 15
60 35 15
60 36 15
60 37 15
60 38 15
60 39 15
60 40 15
60 41 15
60 42 15
60 43 15
60 44 15
60 45 15
60 46 15
60 47 15
60 48 15
60 49 15
60 50 15
60 51 15
60 52 15
60 53 15
60 54 15
60 55 15
60 56 15
60 57 15
60 58 15
60 59 15
60 60 15
60 61 15
60 62 15
60 63 15
61 2 9
61 3 15
61 4 15
61 5 15
61 6 15
61 7 15
61 8 15
61 9 15
61 10 15
61 11 15
61 12 15
61 13 15
61 14 15
61 15 15
61 16 15
61 17 15
61 18 15
61 19 15
61 20 15
61 21 15
61 22 15
61 23 15
61 24 15
61 25 15
61 26 15
61 27 15
61 28 15
61 29 15
61 30 15
61 31 15
61 32 15
61 33 15
61 34 15
61 35 15
61 36 15
61 37 15
61 38 15
61 39 15
61 40 15
61 41 15
61 42 15
61 43 15
61 44 15
61 45 15
61 46 15
61 47 15
61 48 15
61 49 15
61 50 15
61 51 15
61 52 15
61 53 15
61 54 15
61 55 15
61 56 15
61 57 15
61 58 15
61 59 15
61 60 15
61 61 15
61 62 15
61 63 15
62 1 9
62 2 15
62 3 15
62 4 15
62 5 15
62 6 15
62 7 15
62 8 15
62 9 15
62 10 15
62 11 15
62 12 15
62 13 15
62 14 15
62 15 15
62 16 15
62 17 15
62 18 15
62 19 15
62 20 15
62 21 15
62 22 15
62 23 15
62 24 15
62 25 15
62 26 15
62 27 15
62 28 15
62 29 15
62 30 15
62 31 15
62 32 15
62 33 15
62 34 15
62 35 15
62 36 15
62 37 15
62 38 15
62 39 15
62 40 15
62 41 15
62 42 15
62 43 15
62 44 15
62 45 15
62 46 15
62 47 15
62 48 15
62 49 15
62 50 15
62 51 15
62 52 15
62 53 15
62 54 15
62 55 15
62 56 15
62 57 15
62 58 15
62 59 15
62 60 15
62 61 15
62 62 15
62 63 15
63 0 1
63 1 15
63 2 15
63 3 15
63 4 15
63 5 15
63 6 15
63 7 15
63 8 15
63 9 15
63 10 15
63 11 15
63 12 15
63 13 15
63 14 15
63 15 15
63 16 15
63 17 15
63 18 15
63 19 15
63 20 15
63 21 15
63 22 15
63 23 15
63 24 15
63 25 15
63 26 15
63 27 15
63 28 15
63 29 15
63 30 15
63 31 15
63 32 15
63 33 15
63 34 15
63 35 15
63 36 15
63 37 15
63 38 15
63 39 15
63 40 15
63 41 15
63 42 15
63 43 15
63 44 15
63 45 15
63 46 15
63 47 15
63 48 15
63 49 15
63 50 15
63 51 15
63 52 15
63 53 15
63 54 15
63 55 15
63 56 15
63 57 15
63 58 15
63 59 15
63 60 15
63 61 15
63 62 15
63 63 15
