0
0 0 15
0 1 15
0 2 15
0 3 15
0 4 15
0 5 15
0 6 15
0 7 15
0 8 15
0 9 15
0 10 15
0 11 15
0 12 15
0 13 15
0 14 4
0 48 1
0 49 15
0 50 12
0 56 1
0 57 4
0 61 1
0 62 15
0 63 15
1 0 15
1 1 15
1 2 15
1 3 15
1 4 15
1 5 15
1 6 15
1 7 15
1 8 15
1 9 15
1 10 15
1 11 15
1 12 15
1 13 15
1 14 4
1 49 3
1 50 15
1 51 12
1 61 1
1 62 15
1 63 15
2 0 15
2 1 15
2 2 15
2 3 15
2 4 15
2 5 15
2 6 15
2 7 15
2 8 15
2 9 15
2 10 15
2 11 15
2 12 15
2 13 15
2 14 4
2 50 3
2 51 15
2 52 4
2 54 1
2 55 4
2 59 1
2 60 4
2 61 1
2 62 15
2 63 15
3 0 15
3 1 15
3 2 15
3 3 15
3 4 15
3 5 15
3 6 15
3 7 15
3 8 15
3 9 15
3 10 15
3 11 15
3 12 15
3 13 6
3 51 2
3 59 1
3 60 4
3 61 9
3 62 15
3 63 15
4 0 15
4 1 15
4 2 15
4 3 15
4 4 15
4 5 15
4 6 15
4 7 15
4 8 15
4 9 15
4 10 15
4 11 15
4 12 15
4 13 4
4 60 1
4 61 15
4 62 15
4 63 15
5 0 15
5 1 15
5 2 15
5 3 15
5 4 15
5 5 15
5 6 15
5 7 15
5 8 15
5 9 15
5 10 15
5 11 15
5 12 6
5 39 8
5 40 8
5 41 8
5 42 8
5 58 1
5 59 4
5 60 1
5 61 15
5 62 15
5 63 15
6 0 15
6 1 15
6 2 15
6 3 15
6 4 15
6 5 15
6 6 15
6 7 15
6 8 15
6 9 15
6 10 15
6 11 15
6 12 4
6 37 8
6 38 9
6 39 15
6 40 15
6 41 15
6 42 15
6 43 12
6 48 8
6 58 9
6 59 4
6 60 9
6 61 15
6 62 15
6 63 15
7 0 15
7 1 15
7 2 15
7 3 15
7 4 15
7 5 15
7 6 15
7 7 15
7 8 15
7 9 15
7 10 15
7 11 15
7 12 4
7 36 9
7 37 15
7 38 15
7 39 15
7 40 15
7 41 15
7 42 15
7 43 15
7 44 12
7 47 1
7 48 15
7 49 12
7 54 8
7 55 8
7 57 1
7 58 15
7 59 5
7 60 15
7 61 15
7 62 15
7 63 15
8 0 15
8 1 15
8 2 15
8 3 15
8 4 15
8 5 15
8 6 15
8 7 15
8 8 15
8 9 15
8 10 15
8 11 6
8 35 1
8 36 15
8 37 15
8 38 15
8 39 15
8 40 15
8 41 15
8 42 15
8 43 15
8 44 15
8 45 12
8 48 3
8 49 15
8 50 12
8 51 8
8 52 8
8 53 9
8 54 15
8 55 6
8 58 2
8 59 9
8 60 15
8 61 15
8 62 15
8 63 15
9 0 15
9 1 15
9 2 15
9 3 15
9 4 15
9 5 15
9 6 15
9 7 15
9 8 15
9 9 15
9 10 15
9 11 12
9 35 9
9 36 15
9 37 15
9 38 15
9 39 15
9 40 15
9 41 15
9 42 15
9 43 15
9 44 15
9 45 15
9 46 12
9 49 2
9 50 2
9 51 2
9 52 10
9 53 10
9 54 10
9 55 8
9 58 1
9 59 15
9 60 15
9 61 15
9 62 15
9 63 15
10 0 15
10 1 15
10 2 15
10 3 15
10 4 15
10 5 15
10 6 6
10 7 3
10 8 15
10 9 15
10 10 15
10 11 15
10 12 12
10 13 8
10 14 8
10 15 8
10 16 8
10 17 8
10 34 1
10 35 15
10 36 15
10 37 15
10 38 15
10 39 15
10 40 15
10 41 15
10 42 15
10 43 15
10 44 15
10 45 15
10 46 15
10 47 12
10 48 8
10 49 8
10 50 8
10 51 9
10 52 15
10 53 15
10 54 15
10 55 15
10 56 4
10 58 1
10 59 15
10 60 15
10 61 15
10 62 15
10 63 15
11 0 15
11 1 15
11 2 15
11 3 15
11 4 15
11 5 6
11 7 1
11 8 15
11 9 15
11 10 15
11 11 15
11 12 15
11 13 15
11 14 15
11 15 15
11 16 15
11 17 15
11 18 12
11 34 1
11 35 15
11 36 15
11 37 15
11 38 15
11 39 15
11 40 15
11 41 15
11 42 15
11 43 15
11 44 15
11 45 15
11 46 15
11 47 15
11 48 15
11 49 15
11 50 15
11 51 15
11 52 15
11 53 15
11 54 15
11 55 15
11 56 4
11 58 1
11 59 15
11 60 15
11 61 15
11 62 15
11 63 15
12 0 15
12 1 15
12 2 15
12 3 15
12 4 15
12 5 12
12 7 1
12 8 15
12 9 15
12 10 15
12 11 15
12 12 15
12 13 15
12 14 15
12 15 15
12 16 15
12 17 15
12 18 15
12 19 4
12 34 9
12 35 15
12 36 15
12 37 15
12 38 15
12 39 15
12 40 15
12 41 15
12 42 15
12 43 15
12 44 6
12 45 2
12 46 2
12 47 2
12 48 2
12 49 2
12 50 2
12 51 2
12 52 2
12 53 2
12 54 2
12 55 2
12 59 3
12 60 15
12 61 15
12 62 15
12 63 15
13 0 15
13 1 15
13 2 15
13 3 15
13 4 15
13 5 15
13 6 12
13 7 9
13 8 15
13 9 15
13 10 15
13 11 15
13 12 15
13 13 15
13 14 15
13 15 15
13 16 15
13 17 15
13 18 15
13 19 12
13 32 8
13 33 9
13 34 15
13 35 15
13 36 15
13 37 15
13 38 15
13 39 15
13 40 15
13 41 15
13 42 6
13 43 2
13 45 8
13 46 8
13 47 8
13 56 8
13 60 3
13 61 15
13 62 15
13 63 15
14 0 15
14 1 15
14 2 15
14 3 15
14 4 15
14 5 15
14 6 15
14 7 15
14 8 15
14 9 15
14 10 15
14 11 15
14 12 15
14 13 15
14 14 15
14 15 15
14 16 15
14 17 15
14 18 15
14 19 15
14 20 4
14 31 9
14 32 15
14 33 15
14 34 15
14 35 15
14 36 15
14 37 15
14 38 15
14 39 15
14 40 15
14 41 15
14 42 4
14 44 1
14 45 15
14 46 15
14 47 15
14 48 12
14 49 8
14 52 8
14 53 8
14 54 8
14 55 9
14 56 15
14 57 12
14 60 1
14 61 15
14 62 15
14 63 15
15 0 15
15 1 15
15 2 15
15 3 15
15 4 15
15 5 15
15 6 15
15 7 15
15 8 15
15 9 15
15 10 15
15 11 15
15 12 15
15 13 15
15 14 15
15 15 15
15 16 15
15 17 15
15 18 15
15 19 15
15 20 4
15 28 8
15 29 8
15 30 9
15 31 15
15 32 15
15 33 15
15 34 15
15 35 15
15 36 15
15 37 15
15 38 15
15 39 15
15 40 6
15 41 2
15 45 2
15 46 3
15 47 15
15 48 15
15 49 15
15 50 4
15 51 1
15 52 15
15 53 15
15 54 15
15 55 15
15 56 15
15 57 15
15 58 4
15 60 1
15 61 15
15 62 15
15 63 15
16 0 15
16 1 15
16 2 15
16 3 15
16 4 15
16 5 15
16 6 15
16 7 15
16 8 15
16 9 15
16 10 15
16 11 15
16 12 15
16 13 15
16 14 15
16 15 15
16 16 15
16 17 15
16 18 15
16 19 15
16 20 12
16 21 8
16 22 8
16 26 8
16 27 9
16 28 15
16 29 15
16 30 15
16 31 15
16 32 15
16 33 15
16 34 15
16 35 15
16 36 6
16 37 2
16 38 2
16 39 2
16 42 8
16 44 8
16 45 8
16 46 1
16 47 15
16 48 15
16 49 15
16 50 4
16 52 3
16 53 15
16 54 15
16 55 15
16 56 15
16 57 15
16 58 4
16 60 1
16 61 15
16 62 15
16 63 15
17 0 15
17 1 15
17 2 15
17 3 15
17 4 15
17 5 15
17 6 15
17 7 15
17 8 15
17 9 15
17 10 15
17 11 15
17 12 15
17 13 15
17 14 15
17 15 15
17 16 15
17 17 15
17 18 15
17 19 15
17 20 15
17 21 15
17 22 15
17 23 4
17 25 1
17 26 15
17 27 15
17 28 15
17 29 15
17 30 15
17 31 15
17 32 15
17 33 15
17 34 6
17 35 2
17 41 1
17 42 6
17 44 2
17 45 3
17 46 4
17 47 3
17 48 15
17 49 15
17 50 4
17 52 1
17 53 15
17 54 15
17 55 15
17 56 15
17 57 15
17 58 4
17 60 1
17 61 15
17 62 15
17 63 15
18 0 15
18 1 15
18 2 15
18 3 15
18 4 15
18 5 15
18 6 15
18 7 15
18 8 15
18 9 15
18 10 15
18 11 15
18 12 15
18 13 15
18 14 15
18 15 15
18 16 15
18 17 15
18 18 15
18 19 15
18 20 15
18 21 15
18 22 15
18 23 4
18 25 1
18 26 15
18 27 15
18 28 15
18 29 15
18 30 15
18 31 15
18 32 15
18 33 15
18 34 4
18 36 8
18 37 8
18 41 1
18 42 4
18 43 8
18 45 1
18 46 4
18 47 1
18 48 15
18 49 15
18 50 4
18 52 1
18 53 15
18 54 15
18 55 15
18 56 15
18 57 15
18 58 4
18 60 1
18 61 15
18 62 15
18 63 15
19 0 15
19 1 15
19 2 15
19 3 15
19 4 15
19 5 15
19 6 15
19 7 15
19 8 15
19 9 15
19 10 15
19 11 15
19 12 15
19 13 15
19 14 15
19 15 15
19 16 15
19 17 15
19 18 15
19 19 15
19 20 15
19 21 15
19 22 15
19 23 4
19 25 1
19 26 15
19 27 15
19 28 15
19 29 15
19 30 15
19 31 15
19 32 15
19 33 15
19 34 4
19 35 1
19 36 6
19 37 3
19 38 4
19 42 1
19 43 15
19 44 4
19 45 1
19 46 4
19 47 1
19 48 15
19 49 15
19 50 4
19 52 1
19 53 15
19 54 15
19 55 15
19 56 15
19 57 15
19 58 4
19 60 1
19 61 15
19 62 15
19 63 15
20 0 15
20 1 15
20 2 15
20 3 15
20 4 15
20 5 15
20 6 15
20 7 15
20 8 15
20 9 15
20 10 15
20 11 15
20 12 15
20 13 15
20 14 15
20 15 15
20 16 15
20 17 15
20 18 15
20 19 15
20 20 15
20 21 15
20 22 15
20 23 4
20 25 1
20 26 15
20 27 15
20 28 15
20 29 15
20 30 15
20 31 15
20 32 15
20 33 6
20 35 1
20 36 4
20 37 1
20 38 4
20 41 8
20 43 3
20 44 4
20 45 1
20 46 4
20 47 1
20 48 15
20 49 15
20 50 4
20 52 9
20 53 15
20 54 15
20 55 15
20 56 15
20 57 15
20 58 4
20 60 9
20 61 15
20 62 15
20 63 15
21 0 15
21 1 15
21 2 15
21 3 15
21 4 15
21 5 15
21 6 15
21 7 15
21 8 15
21 9 15
21 10 15
21 11 15
21 12 15
21 13 15
21 14 15
21 15 15
21 16 15
21 17 15
21 18 15
21 19 15
21 20 15
21 21 15
21 22 15
21 23 4
21 25 1
21 26 15
21 27 15
21 28 15
21 29 15
21 30 15
21 31 15
21 32 15
21 33 4
21 35 1
21 36 4
21 37 1
21 38 4
21 39 1
21 40 4
21 41 3
21 42 4
21 43 1
21 44 4
21 45 1
21 46 4
21 47 1
21 48 15
21 49 15
21 50 4
21 51 1
21 52 15
21 53 15
21 54 15
21 55 15
21 56 15
21 57 15
21 58 4
21 59 1
21 60 15
21 61 15
21 62 15
21 63 15
22 0 15
22 1 15
22 2 15
22 3 15
22 4 15
22 5 15
22 6 15
22 7 15
22 8 15
22 9 15
22 10 15
22 11 15
22 12 15
22 13 15
22 14 15
22 15 15
22 16 15
22 17 15
22 18 15
22 19 15
22 20 15
22 21 15
22 22 15
22 23 4
22 25 1
22 26 15
22 27 15
22 28 15
22 29 15
22 30 15
22 31 15
22 32 15
22 33 4
22 35 1
22 36 4
22 37 1
22 38 4
22 39 1
22 40 4
22 41 1
22 42 4
22 43 1
22 44 4
22 45 1
22 46 4
22 47 1
22 48 15
22 49 15
22 50 12
22 51 9
22 52 15
22 53 15
22 54 15
22 55 15
22 56 15
22 57 15
22 58 12
22 59 1
22 60 15
22 61 15
22 62 15
22 63 15
23 0 15
23 1 15
23 2 15
23 3 15
23 4 15
23 5 15
23 6 15
23 7 15
23 8 15
23 9 15
23 10 15
23 11 15
23 12 15
23 13 15
23 14 15
23 15 15
23 16 15
23 17 15
23 18 15
23 19 15
23 20 6
23 21 2
23 22 2
23 26 3
23 27 15
23 28 15
23 29 15
23 30 15
23 31 15
23 32 15
23 33 4
23 35 1
23 36 4
23 37 1
23 38 12
23 43 1
23 44 4
23 45 1
23 46 4
23 48 3
23 49 15
23 50 15
23 51 15
23 52 15
23 53 15
23 54 15
23 55 15
23 56 15
23 57 15
23 58 15
23 59 13
23 60 15
23 61 15
23 62 15
23 63 15
24 0 15
24 1 15
24 2 15
24 3 15
24 4 15
24 5 15
24 6 15
24 7 15
24 8 15
24 9 15
24 10 15
24 11 15
24 12 15
24 13 15
24 14 15
24 15 15
24 16 15
24 17 6
24 18 2
24 19 2
24 27 2
24 28 2
24 29 3
24 30 15
24 31 15
24 32 6
24 35 1
24 36 4
24 37 1
24 38 15
24 39 12
24 43 1
24 44 12
24 45 9
24 46 4
24 48 1
24 49 15
24 50 15
24 51 15
24 52 15
24 53 15
24 54 15
24 55 15
24 56 15
24 57 15
24 58 15
24 59 15
24 60 15
24 61 15
24 62 15
24 63 15
25 0 15
25 1 15
25 2 15
25 3 15
25 4 15
25 5 15
25 6 15
25 7 15
25 8 15
25 9 15
25 10 15
25 11 15
25 12 15
25 13 15
25 14 15
25 15 15
25 16 6
25 30 2
25 31 2
25 35 1
25 36 4
25 38 2
25 39 2
25 44 2
25 45 2
25 48 9
25 49 15
25 50 15
25 51 15
25 52 15
25 53 15
25 54 15
25 55 15
25 56 15
25 57 15
25 58 15
25 59 15
25 60 15
25 61 15
25 62 15
25 63 15
26 0 15
26 1 15
26 2 15
26 3 15
26 4 15
26 5 15
26 6 15
26 7 15
26 8 15
26 9 15
26 10 15
26 11 15
26 12 15
26 13 15
26 14 15
26 15 15
26 16 4
26 36 8
26 37 8
26 38 8
26 39 8
26 47 1
26 48 15
26 49 15
26 50 15
26 51 15
26 52 15
26 53 15
26 54 15
26 55 15
26 56 15
26 57 15
26 58 15
26 59 15
26 60 15
26 61 15
26 62 15
26 63 15
27 0 15
27 1 15
27 2 15
27 3 15
27 4 15
27 5 15
27 6 15
27 7 15
27 8 15
27 9 15
27 10 15
27 11 15
27 12 15
27 13 15
27 14 15
27 15 15
27 16 4
27 36 2
27 37 2
27 38 2
27 39 2
27 47 9
27 48 15
27 49 15
27 50 15
27 51 15
27 52 15
27 53 15
27 54 15
27 55 15
27 56 15
27 57 15
27 58 15
27 59 15
27 60 15
27 61 15
27 62 15
27 63 15
28 0 15
28 1 15
28 2 15
28 3 15
28 4 15
28 5 15
28 6 15
28 7 15
28 8 15
28 9 15
28 10 15
28 11 15
28 12 15
28 13 15
28 14 15
28 15 6
28 46 9
28 47 15
28 48 15
28 49 15
28 50 15
28 51 15
28 52 15
28 53 15
28 54 15
28 55 15
28 56 15
28 57 15
28 58 15
28 59 15
28 60 15
28 61 15
28 62 15
28 63 15
29 0 15
29 1 15
29 2 15
29 3 15
29 4 15
29 5 15
29 6 15
29 7 15
29 8 15
29 9 15
29 10 15
29 11 15
29 12 15
29 13 15
29 14 6
29 45 9
29 46 15
29 47 15
29 48 15
29 49 15
29 50 15
29 51 15
29 52 15
29 53 15
29 54 15
29 55 15
29 56 15
29 57 15
29 58 15
29 59 15
29 60 15
29 61 15
29 62 15
29 63 15
30 0 15
30 1 15
30 2 15
30 3 15
30 4 15
30 5 15
30 6 15
30 7 15
30 8 15
30 9 15
30 10 15
30 11 15
30 12 15
30 13 15
30 14 4
30 40 8
30 44 1
30 45 15
30 46 15
30 47 15
30 48 15
30 49 15
30 50 15
30 51 15
30 52 15
30 53 15
30 54 15
30 55 15
30 56 15
30 57 15
30 58 15
30 59 15
30 60 15
30 61 15
30 62 15
30 63 15
31 0 15
31 1 15
31 2 15
31 3 15
31 4 15
31 5 15
31 6 15
31 7 15
31 8 15
31 9 15
31 10 15
31 11 6
31 12 2
31 13 2
31 38 1
31 39 4
31 40 3
31 41 4
31 44 1
31 45 15
31 46 15
31 47 15
31 48 15
31 49 15
31 50 15
31 51 15
31 52 15
31 53 15
31 54 15
31 55 15
31 56 15
31 57 15
31 58 15
31 59 15
31 60 15
31 61 15
31 62 15
31 63 15
32 0 15
32 1 15
32 2 15
32 3 15
32 4 15
32 5 15
32 6 15
32 7 15
32 8 15
32 9 15
32 10 6
32 38 1
32 39 12
32 40 9
32 41 4
32 44 1
32 45 15
32 46 15
32 47 15
32 48 15
32 49 15
32 50 15
32 51 15
32 52 15
32 53 15
32 54 15
32 55 15
32 56 15
32 57 15
32 58 15
32 59 15
32 60 15
32 61 15
32 62 15
32 63 15
33 0 15
33 1 15
33 2 15
33 3 15
33 4 15
33 5 15
33 6 15
33 7 15
33 8 6
33 9 2
33 39 2
33 40 2
33 44 1
33 45 15
33 46 15
33 47 15
33 48 15
33 49 15
33 50 15
33 51 15
33 52 15
33 53 15
33 54 15
33 55 15
33 56 15
33 57 15
33 58 15
33 59 15
33 60 15
33 61 15
33 62 15
33 63 15
34 0 15
34 1 15
34 2 15
34 3 15
34 4 15
34 5 15
34 6 15
34 7 15
34 8 4
34 45 3
34 46 15
34 47 15
34 48 15
34 49 15
34 50 15
34 51 15
34 52 15
34 53 15
34 54 15
34 55 15
34 56 15
34 57 15
34 58 15
34 59 15
34 60 15
34 61 15
34 62 15
34 63 15
35 0 15
35 1 15
35 2 15
35 3 15
35 4 15
35 5 15
35 6 15
35 7 15
35 8 4
35 21 8
35 22 8
35 23 8
35 33 8
35 34 8
35 35 8
35 45 1
35 46 15
35 47 15
35 48 15
35 49 15
35 50 15
35 51 15
35 52 15
35 53 15
35 54 15
35 55 15
35 56 15
35 57 15
35 58 15
35 59 15
35 60 15
35 61 15
35 62 15
35 63 15
36 0 15
36 1 15
36 2 15
36 3 15
36 4 15
36 5 15
36 6 15
36 7 15
36 8 4
36 20 1
36 21 15
36 22 7
36 23 15
36 24 4
36 32 1
36 33 15
36 34 7
36 35 15
36 36 4
36 45 1
36 46 15
36 47 15
36 48 15
36 49 15
36 50 15
36 51 15
36 52 15
36 53 15
36 54 15
36 55 15
36 56 15
36 57 15
36 58 15
36 59 15
36 60 15
36 61 15
36 62 15
36 63 15
37 0 15
37 1 15
37 2 15
37 3 15
37 4 15
37 5 15
37 6 15
37 7 6
37 20 9
37 21 6
37 23 3
37 24 12
37 25 8
37 26 8
37 27 8
37 30 8
37 31 8
37 32 9
37 33 6
37 35 3
37 36 12
37 46 3
37 47 15
37 48 15
37 49 15
37 50 15
37 51 15
37 52 15
37 53 15
37 54 15
37 55 15
37 56 15
37 57 15
37 58 15
37 59 15
37 60 15
37 61 15
37 62 15
37 63 15
38 0 15
38 1 15
38 2 15
38 3 15
38 4 15
38 5 15
38 6 15
38 7 4
38 19 9
38 20 15
38 21 4
38 24 2
38 25 2
38 26 3
38 27 15
38 28 4
38 29 1
38 30 15
38 31 6
38 32 2
38 35 1
38 36 15
38 37 12
38 47 3
38 48 15
38 49 15
38 50 15
38 51 15
38 52 15
38 53 15
38 54 15
38 55 15
38 56 15
38 57 15
38 58 15
38 59 15
38 60 15
38 61 15
38 62 15
38 63 15
39 0 15
39 1 15
39 2 15
39 3 15
39 4 15
39 5 15
39 6 15
39 7 4
39 15 8
39 16 8
39 17 8
39 18 9
39 19 15
39 20 6
39 21 8
39 22 8
39 23 8
39 24 8
39 25 8
39 26 9
39 27 15
39 28 4
39 29 1
39 30 15
39 31 12
39 32 8
39 33 8
39 34 8
39 35 8
39 36 3
39 37 15
39 38 12
39 39 8
39 40 8
39 41 8
39 48 3
39 49 15
39 50 15
39 51 15
39 52 15
39 53 15
39 54 15
39 55 15
39 56 15
39 57 15
39 58 15
39 59 15
39 60 15
39 61 15
39 62 15
39 63 15
40 0 15
40 1 15
40 2 15
40 3 15
40 4 15
40 5 15
40 6 15
40 7 4
40 14 1
40 15 15
40 16 7
40 17 15
40 18 15
40 19 6
40 20 9
40 21 15
40 22 6
40 23 2
40 24 2
40 25 2
40 26 2
40 27 2
40 30 2
40 31 2
40 32 2
40 33 2
40 34 3
40 35 15
40 36 12
40 37 3
40 38 15
40 39 15
40 40 7
40 41 15
40 42 4
40 49 2
40 50 3
40 51 15
40 52 15
40 53 15
40 54 15
40 55 15
40 56 15
40 57 15
40 58 15
40 59 15
40 60 15
40 61 15
40 62 15
40 63 15
41 0 15
41 1 15
41 2 15
41 3 15
41 4 15
41 5 15
41 6 15
41 7 4
41 14 1
41 15 14
41 17 2
41 18 2
41 19 9
41 20 15
41 21 6
41 30 8
41 31 8
41 32 8
41 33 8
41 35 3
41 36 15
41 37 12
41 38 2
41 39 2
41 41 11
41 42 4
41 50 1
41 51 15
41 52 15
41 53 15
41 54 15
41 55 15
41 56 15
41 57 15
41 58 15
41 59 15
41 60 15
41 61 15
41 62 15
41 63 15
42 0 15
42 1 15
42 2 15
42 3 15
42 4 15
42 5 15
42 6 15
42 7 4
42 14 1
42 15 15
42 16 4
42 18 9
42 19 15
42 20 14
42 21 8
42 22 8
42 23 8
42 24 8
42 29 1
42 30 6
42 31 2
42 32 2
42 33 3
42 34 4
42 36 3
42 37 15
42 38 12
42 40 1
42 41 15
42 42 4
42 51 3
42 52 15
42 53 15
42 54 15
42 55 15
42 56 15
42 57 15
42 58 15
42 59 15
42 60 15
42 61 15
42 62 15
42 63 15
43 0 15
43 1 15
43 2 15
43 3 15
43 4 15
43 5 15
43 6 6
43 15 3
43 16 4
43 17 1
43 18 15
43 19 7
43 20 6
43 21 2
43 22 2
43 23 2
43 24 3
43 25 4
43 33 1
43 34 4
43 37 3
43 38 15
43 39 4
43 40 1
43 41 6
43 52 3
43 53 15
43 54 15
43 55 15
43 56 15
43 57 15
43 58 15
43 59 15
43 60 15
43 61 15
43 62 15
43 63 15
44 0 15
44 1 15
44 2 15
44 3 15
44 4 15
44 5 15
44 6 4
44 15 1
44 16 4
44 17 1
44 18 6
44 19 1
44 20 4
44 29 1
44 30 4
44 33 1
44 34 4
44 38 3
44 39 4
44 40 1
44 41 4
44 53 3
44 54 15
44 55 15
44 56 15
44 57 15
44 58 15
44 59 15
44 60 15
44 61 15
44 62 15
44 63 15
45 0 15
45 1 15
45 2 15
45 3 15
45 4 15
45 5 6
45 15 1
45 16 4
45 17 1
45 18 4
45 19 1
45 20 4
45 24 1
45 25 4
45 29 1
45 30 12
45 31 8
45 32 8
45 33 9
45 34 4
45 38 1
45 39 4
45 40 1
45 41 4
45 53 1
45 54 15
45 55 15
45 56 15
45 57 15
45 58 15
45 59 15
45 60 15
45 61 15
45 62 15
45 63 15
46 0 15
46 1 15
46 2 15
46 3 15
46 4 15
46 5 12
46 15 1
46 16 4
46 17 1
46 18 4
46 19 1
46 20 12
46 21 8
46 22 8
46 23 8
46 24 9
46 25 4
46 30 2
46 31 2
46 32 2
46 33 2
46 38 1
46 39 4
46 40 1
46 41 4
46 53 1
46 54 15
46 55 15
46 56 15
46 57 15
46 58 15
46 59 15
46 60 15
46 61 15
46 62 15
46 63 15
47 0 15
47 1 15
47 2 15
47 3 15
47 4 15
47 5 15
47 6 4
47 15 1
47 16 4
47 17 1
47 18 4
47 20 2
47 21 2
47 22 2
47 23 2
47 24 10
47 25 8
47 26 8
47 27 8
47 29 8
47 30 8
47 31 8
47 32 8
47 38 1
47 39 4
47 40 1
47 41 4
47 53 1
47 54 15
47 55 15
47 56 15
47 57 6
47 58 3
47 59 15
47 60 15
47 61 15
47 62 15
47 63 15
48 0 15
48 1 15
48 2 15
48 3 15
48 4 6
48 5 2
48 15 1
48 16 4
48 17 1
48 18 4
48 23 9
48 24 15
48 25 6
48 26 2
48 27 2
48 29 2
48 30 2
48 31 3
48 32 15
48 33 12
48 38 1
48 39 4
48 40 1
48 41 4
48 53 1
48 54 15
48 55 15
48 56 15
48 57 4
48 59 3
48 60 15
48 61 15
48 62 15
48 63 15
49 0 15
49 1 15
49 2 15
49 3 15
49 4 4
49 15 1
49 16 4
49 17 1
49 18 12
49 19 8
49 20 8
49 21 8
49 22 9
49 23 15
49 24 6
49 25 8
49 26 8
49 27 8
49 29 8
49 30 8
49 31 8
49 32 3
49 33 15
49 34 12
49 35 8
49 36 8
49 37 8
49 38 9
49 39 4
49 40 1
49 41 4
49 53 1
49 54 15
49 55 15
49 56 15
49 57 4
49 59 1
49 60 15
49 61 15
49 62 15
49 63 15
50 0 15
50 1 15
50 2 15
50 3 15
50 4 12
50 15 1
50 16 4
50 17 1
50 18 6
50 19 2
50 20 2
50 21 2
50 22 2
50 23 2
50 24 9
50 25 15
50 26 6
50 27 2
50 29 2
50 30 3
50 31 15
50 32 12
50 33 2
50 34 2
50 35 2
50 36 2
50 37 2
50 38 3
50 39 4
50 40 1
50 41 4
50 54 3
50 55 15
50 56 15
50 57 4
50 59 1
50 60 15
50 61 15
50 62 15
50 63 15
51 0 15
51 1 15
51 2 15
51 3 15
51 4 15
51 5 4
51 14 8
51 15 9
51 16 4
51 17 1
51 18 12
51 19 8
51 21 8
51 22 8
51 23 9
51 24 15
51 25 6
51 31 3
51 32 15
51 33 12
51 34 8
51 35 8
51 36 8
51 38 9
51 39 4
51 40 1
51 41 12
51 42 8
51 44 8
51 45 8
51 46 8
51 54 1
51 55 15
51 56 15
51 57 4
51 59 1
51 60 15
51 61 15
51 62 15
51 63 15
52 0 15
52 1 15
52 2 15
52 3 15
52 4 15
52 5 12
52 13 1
52 14 15
52 15 6
52 17 1
52 18 6
52 19 2
52 21 2
52 22 2
52 23 3
52 24 6
52 32 3
52 33 6
52 34 2
52 35 2
52 36 2
52 38 3
52 39 4
52 41 3
52 42 15
52 43 5
52 44 6
52 45 2
52 46 3
52 47 4
52 55 2
52 56 2
52 60 2
52 61 2
52 62 3
52 63 15
53 0 15
53 1 15
53 2 6
53 3 2
53 4 2
53 5 3
53 6 4
53 14 10
53 18 8
53 23 1
53 24 4
53 32 1
53 33 4
53 38 8
53 42 11
53 43 5
53 44 4
53 46 1
53 47 4
53 63 10
54 0 15
54 1 15
54 2 4
54 13 1
54 14 15
54 15 12
54 16 8
54 17 1
54 18 15
54 19 12
54 23 1
54 24 4
54 32 1
54 33 4
54 37 9
54 38 15
54 39 4
54 40 8
54 41 9
54 42 15
54 43 5
54 44 12
54 45 8
54 46 9
54 47 4
54 60 8
54 61 8
54 62 9
54 63 15
55 0 15
55 1 15
55 2 4
55 5 1
55 6 4
55 14 2
55 15 3
55 16 15
55 17 12
55 18 3
55 19 15
55 20 12
55 36 9
55 37 15
55 38 6
55 39 9
55 40 15
55 41 6
55 42 2
55 44 2
55 45 2
55 46 2
55 59 1
55 60 15
55 61 15
55 62 15
55 63 15
56 0 15
56 1 15
56 2 12
56 3 8
56 4 8
56 5 9
56 6 12
56 16 3
56 17 15
56 18 12
56 19 3
56 20 15
56 21 12
56 23 1
56 24 4
56 32 1
56 33 4
56 35 9
56 36 15
56 37 6
56 38 9
56 39 15
56 40 6
56 59 1
56 60 15
56 61 15
56 62 15
56 63 15
57 0 11
57 1 15
57 2 15
57 3 15
57 4 15
57 5 15
57 6 15
57 7 4
57 17 3
57 18 15
57 19 12
57 20 3
57 21 15
57 22 12
57 23 9
57 24 12
57 25 8
57 26 8
57 27 8
57 28 8
57 29 8
57 30 8
57 31 8
57 32 9
57 33 12
57 34 9
57 35 15
57 36 6
57 37 9
57 38 15
57 39 6
57 60 2
57 61 2
57 62 3
57 63 15
58 0 15
58 1 15
58 2 15
58 3 15
58 4 15
58 5 15
58 6 15
58 7 4
58 10 1
58 11 4
58 18 3
58 19 15
58 20 12
58 21 2
58 22 2
58 23 2
58 24 2
58 25 2
58 26 2
58 27 2
58 28 2
58 29 2
58 30 2
58 31 2
58 32 2
58 33 2
58 34 2
58 35 2
58 36 9
58 37 15
58 38 6
58 60 8
58 61 8
58 63 10
59 0 15
59 1 15
59 2 15
59 3 15
59 4 15
59 5 15
59 6 15
59 7 4
59 10 1
59 11 4
59 19 3
59 20 15
59 21 12
59 22 8
59 23 8
59 24 8
59 25 8
59 26 8
59 27 8
59 28 8
59 29 8
59 30 8
59 31 8
59 32 8
59 33 8
59 34 8
59 35 9
59 36 15
59 37 6
59 44 8
59 45 8
59 46 8
59 47 8
59 57 8
59 58 8
59 59 9
59 60 15
59 61 15
59 62 13
59 63 15
60 0 15
60 1 15
60 2 15
60 3 15
60 4 15
60 5 15
60 6 15
60 7 4
60 10 1
60 11 4
60 20 2
60 21 2
60 22 2
60 23 2
60 24 2
60 25 2
60 26 2
60 27 2
60 28 2
60 29 2
60 30 2
60 31 2
60 32 2
60 33 2
60 34 2
60 35 2
60 36 2
60 41 8
60 42 8
60 43 9
60 44 15
60 45 15
60 46 15
60 47 15
60 48 12
60 56 1
60 57 15
60 58 15
60 59 15
60 60 15
60 61 15
60 62 15
60 63 15
61 0 15
61 1 15
61 2 15
61 3 15
61 4 15
61 5 15
61 6 15
61 7 12
61 8 8
61 9 8
61 10 9
61 11 4
61 12 8
61 14 8
61 15 8
61 16 8
61 17 8
61 18 8
61 40 1
61 41 15
61 42 15
61 43 15
61 44 15
61 45 15
61 46 15
61 47 15
61 48 15
61 49 12
61 53 8
61 54 8
61 55 8
61 56 9
61 57 15
61 58 15
61 59 15
61 60 15
61 61 15
61 62 15
61 63 15
62 0 15
62 1 15
62 2 15
62 3 15
62 4 15
62 5 15
62 6 15
62 7 14
62 8 10
62 9 10
62 10 10
62 11 9
62 12 15
62 13 13
62 14 15
62 15 15
62 16 15
62 17 15
62 18 15
62 19 12
62 20 8
62 21 8
62 40 9
62 41 15
62 42 15
62 43 15
62 44 15
62 45 15
62 46 15
62 47 15
62 48 15
62 49 15
62 50 12
62 51 8
62 52 9
62 53 15
62 54 15
62 55 15
62 56 15
62 57 15
62 58 15
62 59 15
62 60 15
62 61 15
62 62 15
62 63 15
63 0 15
63 1 15
63 2 15
63 3 15
63 4 15
63 5 15
63 6 15
63 7 15
63 8 6
63 9 2
63 10 2
63 11 3
63 12 15
63 13 15
63 14 15
63 15 15
63 16 15
63 17 15
63 18 15
63 19 15
63 20 15
63 21 15
63 22 4
63 39 1
63 40 15
63 41 15
63 42 15
63 43 15
63 44 15
63 45 15
63 46 15
63 47 15
63 48 15
63 49 15
63 50 15
63 51 15
63 52 15
63 53 15
63 54 15
63 55 15
63 56 15
63 57 15
63 58 15
63 59 15
63 60 15
63 61 15
63 62 15
63 63 15
