0
0 0 15
0 1 15
0 2 15
0 3 15
0 4 15
0 5 15
0 6 15
0 7 15
0 8 15
0 9 15
0 10 15
0 11 15
0 12 15
0 13 15
0 14 15
0 15 15
0 16 15
0 17 15
0 18 15
0 19 15
0 20 15
0 21 15
0 22 15
0 23 15
0 24 15
0 25 15
0 26 15
0 27 15
0 28 15
0 29 15
0 30 15
0 31 15
0 32 15
0 33 15
0 34 4
1 0 15
1 1 15
1 2 15
1 3 15
1 4 15
1 5 15
1 6 15
1 7 15
1 8 15
1 9 15
1 10 15
1 11 15
1 12 15
1 13 15
1 14 15
1 15 15
1 16 15
1 17 15
1 18 15
1 19 15
1 20 15
1 21 15
1 22 15
1 23 15
1 24 15
1 25 15
1 26 15
1 27 15
1 28 15
1 29 15
1 30 15
1 31 15
1 32 15
1 33 6
2 0 15
2 1 15
2 2 15
2 3 15
2 4 15
2 5 15
2 6 15
2 7 15
2 8 15
2 9 15
2 10 15
2 11 15
2 12 15
2 13 15
2 14 15
2 15 15
2 16 15
2 17 15
2 18 15
2 19 15
2 20 15
2 21 15
2 22 15
2 23 15
2 24 15
2 25 15
2 26 15
2 27 15
2 28 15
2 29 15
2 30 15
2 31 15
2 32 15
2 33 4
3 0 15
3 1 15
3 2 15
3 3 15
3 4 15
3 5 15
3 6 6
3 7 2
3 8 2
3 9 3
3 10 15
3 11 15
3 12 15
3 13 15
3 14 15
3 15 15
3 16 15
3 17 15
3 18 15
3 19 15
3 20 15
3 21 15
3 22 15
3 23 15
3 24 15
3 25 15
3 26 15
3 27 15
3 28 15
3 29 15
3 30 15
3 31 15
3 32 6
4 0 15
4 1 15
4 2 15
4 3 15
4 4 15
4 5 6
4 10 3
4 11 15
4 12 15
4 13 15
4 14 15
4 15 15
4 16 15
4 17 15
4 18 15
4 19 15
4 20 15
4 21 15
4 22 15
4 23 15
4 24 15
4 25 15
4 26 15
4 27 15
4 28 15
4 29 15
4 30 15
4 31 6
5 0 15
5 1 15
5 2 15
5 3 15
5 4 15
5 5 4
5 11 3
5 12 15
5 13 15
5 14 15
5 15 15
5 16 15
5 17 15
5 18 15
5 19 15
5 20 15
5 21 15
5 22 15
5 23 15
5 24 15
5 25 15
5 26 15
5 27 15
5 28 15
5 29 6
5 30 2
6 0 15
6 1 15
6 2 15
6 3 15
6 4 15
6 5 4
6 11 1
6 12 15
6 13 15
6 14 15
6 15 15
6 16 15
6 17 15
6 18 15
6 19 15
6 20 15
6 21 15
6 22 15
6 23 15
6 24 15
6 25 15
6 26 6
6 27 2
6 28 2
7 0 15
7 1 15
7 2 15
7 3 15
7 4 15
7 5 4
7 11 1
7 12 15
7 13 15
7 14 15
7 15 15
7 16 15
7 17 15
7 18 15
7 19 15
7 20 15
7 21 15
7 22 15
7 23 15
7 24 15
7 25 6
8 0 15
8 1 15
8 2 15
8 3 15
8 4 15
8 5 4
8 11 1
8 12 15
8 13 15
8 14 15
8 15 15
8 16 15
8 17 15
8 18 15
8 19 15
8 20 15
8 21 15
8 22 15
8 23 15
8 24 6
9 0 15
9 1 15
9 2 15
9 3 15
9 4 15
9 5 4
9 11 9
9 12 15
9 13 15
9 14 15
9 15 15
9 16 15
9 17 15
9 18 15
9 19 15
9 20 15
9 21 15
9 22 15
9 23 6
10 0 15
10 1 15
10 2 15
10 3 15
10 4 15
10 5 12
10 10 9
10 11 15
10 12 15
10 13 15
10 14 15
10 15 15
10 16 15
10 17 15
10 18 15
10 19 15
10 20 6
10 21 2
10 22 2
11 0 15
11 1 15
11 2 15
11 3 15
11 4 15
11 5 15
11 6 12
11 7 8
11 8 8
11 9 9
11 10 15
11 11 15
11 12 15
11 13 15
11 14 15
11 15 15
11 16 15
11 17 15
11 18 15
11 19 6
12 0 15
12 1 15
12 2 15
12 3 15
12 4 15
12 5 15
12 6 15
12 7 15
12 8 15
12 9 15
12 10 15
12 11 15
12 12 15
12 13 15
12 14 15
12 15 15
12 16 15
12 17 6
12 18 2
13 0 15
13 1 15
13 2 15
13 3 15
13 4 15
13 5 15
13 6 15
13 7 15
13 8 15
13 9 15
13 10 15
13 11 15
13 12 15
13 13 15
13 14 15
13 15 15
13 16 6
14 0 15
14 1 15
14 2 15
14 3 15
14 4 15
14 5 15
14 6 15
14 7 15
14 8 15
14 9 15
14 10 15
14 11 15
14 12 15
14 13 15
14 14 15
14 15 6
15 0 15
15 1 15
15 2 15
15 3 15
15 4 15
15 5 15
15 6 15
15 7 15
15 8 15
15 9 15
15 10 15
15 11 15
15 12 15
15 13 15
15 14 15
15 15 4
15 56 8
15 57 8
15 58 8
15 59 8
16 0 15
16 1 15
16 2 15
16 3 15
16 4 15
16 5 15
16 6 15
16 7 15
16 8 15
16 9 15
16 10 15
16 11 15
16 12 15
16 13 15
16 14 15
16 15 4
16 55 1
16 56 15
16 57 6
16 58 3
16 59 15
16 60 4
17 0 15
17 1 15
17 2 15
17 3 15
17 4 15
17 5 15
17 6 15
17 7 15
17 8 15
17 9 15
17 10 15
17 11 15
17 12 15
17 13 15
17 14 6
17 55 1
17 56 6
17 59 3
17 60 4
18 0 15
18 1 15
18 2 15
18 3 15
18 4 15
18 5 15
18 6 15
18 7 15
18 8 15
18 9 15
18 10 15
18 11 15
18 12 15
18 13 15
18 14 4
18 59 1
18 60 4
19 0 15
19 1 15
19 2 15
19 3 15
19 4 15
19 5 15
19 6 15
19 7 15
19 8 15
19 9 15
19 10 15
19 11 15
19 12 15
19 13 6
19 55 1
19 56 12
19 59 9
19 60 4
20 0 15
20 1 15
20 2 15
20 3 15
20 4 15
20 5 15
20 6 15
20 7 15
20 8 15
20 9 15
20 10 15
20 11 15
20 12 6
20 55 1
20 56 15
20 57 12
20 58 9
20 59 15
20 60 4
21 0 15
21 1 15
21 2 15
21 3 15
21 4 15
21 5 15
21 6 15
21 7 15
21 8 15
21 9 15
21 10 15
21 11 15
21 12 4
21 56 2
21 57 2
21 58 2
21 59 2
21 63 8
22 0 15
22 1 15
22 2 15
22 3 15
22 4 15
22 5 15
22 6 15
22 7 15
22 8 15
22 9 15
22 10 15
22 11 15
22 12 4
22 62 9
22 63 15
23 0 15
23 1 15
23 2 15
23 3 15
23 4 15
23 5 15
23 6 15
23 7 15
23 8 15
23 9 15
23 10 15
23 11 15
23 12 4
23 60 8
23 61 9
23 62 15
23 63 15
24 0 15
24 1 15
24 2 15
24 3 15
24 4 15
24 5 15
24 6 15
24 7 15
24 8 15
24 9 15
24 10 15
24 11 15
24 12 4
24 59 9
24 60 15
24 61 15
24 62 15
24 63 15
25 0 15
25 1 15
25 2 15
25 3 15
25 4 15
25 5 15
25 6 15
25 7 15
25 8 15
25 9 15
25 10 15
25 11 15
25 12 4
25 58 1
25 59 15
25 60 15
25 61 15
25 62 15
25 63 15
26 0 15
26 1 15
26 2 15
26 3 15
26 4 15
26 5 15
26 6 15
26 7 15
26 8 15
26 9 15
26 10 15
26 11 15
26 12 4
26 58 9
26 59 15
26 60 15
26 61 15
26 62 15
26 63 15
27 0 15
27 1 15
27 2 15
27 3 15
27 4 15
27 5 15
27 6 15
27 7 15
27 8 15
27 9 15
27 10 15
27 11 6
27 56 8
27 57 9
27 58 15
27 59 15
27 60 15
27 61 15
27 62 15
27 63 15
28 0 15
28 1 15
28 2 15
28 3 15
28 4 15
28 5 15
28 6 15
28 7 15
28 8 15
28 9 15
28 10 15
28 11 12
28 55 9
28 56 15
28 57 15
28 58 15
28 59 15
28 60 15
28 61 15
28 62 15
28 63 15
29 0 15
29 1 15
29 2 15
29 3 15
29 4 15
29 5 15
29 6 15
29 7 15
29 8 15
29 9 15
29 10 15
29 11 15
29 12 4
29 54 9
29 55 15
29 56 15
29 57 15
29 58 15
29 59 15
29 60 15
29 61 15
29 62 15
29 63 15
30 0 15
30 1 15
30 2 15
30 3 15
30 4 15
30 5 15
30 6 15
30 7 15
30 8 15
30 9 15
30 10 15
30 11 15
30 12 4
30 53 9
30 54 15
30 55 15
30 56 15
30 57 15
30 58 15
30 59 15
30 60 15
30 61 15
30 62 15
30 63 15
31 0 15
31 1 15
31 2 15
31 3 15
31 4 15
31 5 15
31 6 15
31 7 15
31 8 15
31 9 15
31 10 15
31 11 15
31 12 12
31 52 9
31 53 15
31 54 15
31 55 15
31 56 15
31 57 15
31 58 15
31 59 15
31 60 15
31 61 15
31 62 15
31 63 15
32 0 15
32 1 15
32 2 15
32 3 15
32 4 15
32 5 15
32 6 15
32 7 15
32 8 15
32 9 15
32 10 15
32 11 15
32 12 15
32 13 4
32 51 9
32 52 15
32 53 15
32 54 15
32 55 15
32 56 15
32 57 15
32 58 15
32 59 15
32 60 15
32 61 15
32 62 15
32 63 15
33 0 15
33 1 15
33 2 15
33 3 15
33 4 15
33 5 15
33 6 15
33 7 15
33 8 15
33 9 15
33 10 15
33 11 15
33 12 15
33 13 12
33 50 9
33 51 15
33 52 15
33 53 15
33 54 15
33 55 15
33 56 15
33 57 15
33 58 15
33 59 15
33 60 15
33 61 15
33 62 15
33 63 15
34 0 15
34 1 15
34 2 15
34 3 15
34 4 15
34 5 15
34 6 15
34 7 15
34 8 15
34 9 15
34 10 15
34 11 15
34 12 15
34 13 15
34 14 12
34 15 8
34 49 1
34 50 15
34 51 15
34 52 15
34 53 15
34 54 15
34 55 15
34 56 15
34 57 15
34 58 15
34 59 15
34 60 15
34 61 15
34 62 15
34 63 15
35 0 15
35 1 15
35 2 15
35 3 15
35 4 15
35 5 15
35 6 15
35 7 15
35 8 15
35 9 15
35 10 15
35 11 15
35 12 15
35 13 15
35 14 15
35 15 15
35 16 12
35 17 8
35 48 8
35 49 9
35 50 15
35 51 15
35 52 15
35 53 15
35 54 15
35 55 15
35 56 15
35 57 15
35 58 15
35 59 15
35 60 15
35 61 15
35 62 15
35 63 15
36 0 15
36 1 15
36 2 15
36 3 15
36 4 15
36 5 15
36 6 15
36 7 15
36 8 15
36 9 15
36 10 15
36 11 15
36 12 15
36 13 15
36 14 15
36 15 15
36 16 15
36 17 15
36 18 12
36 47 1
36 48 15
36 49 15
36 50 15
36 51 15
36 52 15
36 53 15
36 54 15
36 55 15
36 56 15
36 57 15
36 58 15
36 59 15
36 60 15
36 61 15
36 62 15
36 63 15
37 0 15
37 1 15
37 2 15
37 3 15
37 4 15
37 5 15
37 6 15
37 7 15
37 8 15
37 9 15
37 10 15
37 11 15
37 12 15
37 13 15
37 14 15
37 15 15
37 16 15
37 17 15
37 18 15
37 19 12
37 20 8
37 26 8
37 27 8
37 28 8
37 30 8
37 48 3
37 49 15
37 50 15
37 51 15
37 52 15
37 53 15
37 54 15
37 55 15
37 56 15
37 57 15
37 58 15
37 59 15
37 60 15
37 61 15
37 62 15
37 63 15
38 0 15
38 1 15
38 2 15
38 3 15
38 4 15
38 5 15
38 6 15
38 7 15
38 8 15
38 9 15
38 10 15
38 11 15
38 12 15
38 13 15
38 14 15
38 15 15
38 16 15
38 17 15
38 18 15
38 19 15
38 20 15
38 21 12
38 22 8
38 23 8
38 24 8
38 25 9
38 26 15
38 27 15
38 28 15
38 29 5
38 30 15
38 31 12
38 32 8
38 36 8
38 37 8
38 38 8
38 39 8
38 47 8
38 49 3
38 50 15
38 51 15
38 52 15
38 53 15
38 54 15
38 55 15
38 56 15
38 57 15
38 58 15
38 59 15
38 60 15
38 61 15
38 62 15
38 63 15
39 0 15
39 1 15
39 2 15
39 3 15
39 4 15
39 5 15
39 6 15
39 7 15
39 8 15
39 9 15
39 10 15
39 11 15
39 12 15
39 13 15
39 14 15
39 15 15
39 16 15
39 17 15
39 18 15
39 19 15
39 20 15
39 21 15
39 22 15
39 23 15
39 24 15
39 25 15
39 26 15
39 27 15
39 28 15
39 29 5
39 30 15
39 31 15
39 32 15
39 33 12
39 34 8
39 35 9
39 36 15
39 37 15
39 38 15
39 39 15
39 40 12
39 41 8
39 43 8
39 44 8
39 46 1
39 47 15
39 48 4
39 49 9
39 50 15
39 51 15
39 52 15
39 53 15
39 54 15
39 55 15
39 56 15
39 57 15
39 58 15
39 59 15
39 60 15
39 61 15
39 62 15
39 63 15
40 0 15
40 1 15
40 2 15
40 3 15
40 4 15
40 5 15
40 6 15
40 7 15
40 8 15
40 9 15
40 10 15
40 11 15
40 12 15
40 13 15
40 14 15
40 15 15
40 16 15
40 17 6
40 18 2
40 19 2
40 20 3
40 21 15
40 22 15
40 23 15
40 24 15
40 25 6
40 26 2
40 27 2
40 28 2
40 30 2
40 31 3
40 32 15
40 33 15
40 34 15
40 35 15
40 36 15
40 37 15
40 38 15
40 39 15
40 40 15
40 41 15
40 42 5
40 43 15
40 44 15
40 45 12
40 46 8
40 47 2
40 48 1
40 49 15
40 50 15
40 51 15
40 52 15
40 53 15
40 54 15
40 55 15
40 56 15
40 57 15
40 58 15
40 59 15
40 60 15
40 61 15
40 62 15
40 63 15
41 0 15
41 1 15
41 2 15
41 3 15
41 4 15
41 5 15
41 6 15
41 7 15
41 8 15
41 9 15
41 10 15
41 11 15
41 12 15
41 13 15
41 14 15
41 15 6
41 16 2
41 21 2
41 22 2
41 23 2
41 24 2
41 32 3
41 33 15
41 34 15
41 35 15
41 36 6
41 37 2
41 38 2
41 39 3
41 40 15
41 41 15
41 42 5
41 43 15
41 44 15
41 45 15
41 46 15
41 47 12
41 48 9
41 49 15
41 50 15
41 51 15
41 52 15
41 53 15
41 54 15
41 55 15
41 56 15
41 57 15
41 58 15
41 59 15
41 60 15
41 61 15
41 62 15
41 63 15
42 0 15
42 1 15
42 2 15
42 3 15
42 4 15
42 5 15
42 6 15
42 7 15
42 8 15
42 9 15
42 10 15
42 11 15
42 12 15
42 13 15
42 14 6
42 33 2
42 34 2
42 35 2
42 40 2
42 41 2
42 43 2
42 44 2
42 45 3
42 46 15
42 47 15
42 48 15
42 49 15
42 50 15
42 51 15
42 52 15
42 53 15
42 54 15
42 55 15
42 56 15
42 57 15
42 58 15
42 59 15
42 60 15
42 61 15
42 62 15
42 63 15
43 0 15
43 1 15
43 2 15
43 3 15
43 4 15
43 5 15
43 6 15
43 7 15
43 8 15
43 9 15
43 10 15
43 11 15
43 12 15
43 13 6
43 46 3
43 47 15
43 48 15
43 49 15
43 50 15
43 51 15
43 52 15
43 53 15
43 54 15
43 55 15
43 56 15
43 57 15
43 58 15
43 59 15
43 60 15
43 61 15
43 62 15
43 63 15
44 0 15
44 1 15
44 2 15
44 3 15
44 4 15
44 5 15
44 6 15
44 7 15
44 8 15
44 9 15
44 10 15
44 11 15
44 12 6
44 47 3
44 48 15
44 49 15
44 50 15
44 51 15
44 52 15
44 53 15
44 54 15
44 55 15
44 56 15
44 57 15
44 58 15
44 59 15
44 60 15
44 61 15
44 62 15
44 63 15
45 0 15
45 1 15
45 2 15
45 3 15
45 4 15
45 5 15
45 6 15
45 7 15
45 8 15
45 9 15
45 10 15
45 11 15
45 12 4
45 48 3
45 49 15
45 50 15
45 51 15
45 52 15
45 53 15
45 54 15
45 55 15
45 56 15
45 57 15
45 58 15
45 59 15
45 60 15
45 61 15
45 62 15
45 63 15
46 0 15
46 1 15
46 2 15
46 3 15
46 4 15
46 5 15
46 6 15
46 7 15
46 8 15
46 9 15
46 10 15
46 11 6
46 49 3
46 50 15
46 51 15
46 52 15
46 53 15
46 54 15
46 55 15
46 56 15
46 57 15
46 58 15
46 59 15
46 60 15
46 61 15
46 62 15
46 63 15
47 0 15
47 1 15
47 2 15
47 3 15
47 4 15
47 5 15
47 6 15
47 7 15
47 8 15
47 9 15
47 10 15
47 11 4
47 50 3
47 51 15
47 52 15
47 53 15
47 54 15
47 55 15
47 56 15
47 57 15
47 58 15
47 59 15
47 60 15
47 61 15
47 62 15
47 63 15
48 0 15
48 1 15
48 2 15
48 3 15
48 4 15
48 5 15
48 6 15
48 7 15
48 8 15
48 9 15
48 10 6
48 39 8
48 40 8
48 41 8
48 42 8
48 43 8
48 44 8
48 46 8
48 51 3
48 52 15
48 53 15
48 54 15
48 55 15
48 56 15
48 57 15
48 58 15
48 59 15
48 60 15
48 61 15
48 62 15
48 63 15
49 0 15
49 1 15
49 2 15
49 3 15
49 4 15
49 5 15
49 6 15
49 7 15
49 8 15
49 9 6
49 37 1
49 38 5
49 39 15
49 40 6
49 41 2
49 42 2
49 43 2
49 44 2
49 45 1
49 46 15
49 47 4
49 51 1
49 52 15
49 53 15
49 54 15
49 55 15
49 56 15
49 57 15
49 58 15
49 59 15
49 60 15
49 61 15
49 62 15
49 63 15
50 0 15
50 1 15
50 2 15
50 3 15
50 4 15
50 5 15
50 6 15
50 7 15
50 8 6
50 37 8
50 38 1
50 39 6
50 46 3
50 47 4
50 51 1
50 52 15
50 53 15
50 54 15
50 55 15
50 56 15
50 57 15
50 58 15
50 59 15
50 60 15
50 61 15
50 62 15
50 63 15
51 0 15
51 1 15
51 2 15
51 3 15
51 4 15
51 5 15
51 6 15
51 7 6
51 36 1
51 37 15
51 38 5
51 39 4
51 46 1
51 47 4
51 51 1
51 52 15
51 53 15
51 54 15
51 55 15
51 56 15
51 57 15
51 58 15
51 59 15
51 60 15
51 61 15
51 62 15
51 63 15
52 0 15
52 1 15
52 2 15
52 3 15
52 4 15
52 5 15
52 6 6
52 37 2
52 46 1
52 47 4
52 52 3
52 53 15
52 54 15
52 55 15
52 56 15
52 57 15
52 58 15
52 59 15
52 60 15
52 61 15
52 62 15
52 63 15
53 0 15
53 1 15
53 2 15
53 3 15
53 4 15
53 5 15
53 6 4
53 37 8
53 46 1
53 47 4
53 52 1
53 53 15
53 54 15
53 55 15
53 56 15
53 57 15
53 58 15
53 59 15
53 60 15
53 61 15
53 62 15
53 63 15
54 0 15
54 1 15
54 2 15
54 3 15
54 4 15
54 5 15
54 6 4
54 36 1
54 37 15
54 38 5
54 39 4
54 46 1
54 47 4
54 53 3
54 54 15
54 55 15
54 56 15
54 57 15
54 58 15
54 59 15
54 60 15
54 61 15
54 62 15
54 63 15
55 0 15
55 1 15
55 2 15
55 3 15
55 4 15
55 5 15
55 6 4
55 37 2
55 38 1
55 39 12
55 46 9
55 47 4
55 53 1
55 54 15
55 55 15
55 56 15
55 57 15
55 58 15
55 59 15
55 60 15
55 61 15
55 62 15
55 63 15
56 0 15
56 1 15
56 2 15
56 3 15
56 4 15
56 5 6
56 38 1
56 39 15
56 40 12
56 41 8
56 42 8
56 43 8
56 44 8
56 45 9
56 46 15
56 47 4
56 54 3
56 55 15
56 56 15
56 57 15
56 58 15
56 59 15
56 60 15
56 61 15
56 62 15
56 63 15
57 0 15
57 1 15
57 2 15
57 3 15
57 4 6
57 37 1
57 38 12
57 39 10
57 40 2
57 41 2
57 42 2
57 43 2
57 44 2
57 45 2
57 46 2
57 55 3
57 56 15
57 57 15
57 58 15
57 59 15
57 60 15
57 61 15
57 62 15
57 63 15
58 0 15
58 1 15
58 2 6
58 3 2
58 38 2
58 39 2
58 56 3
58 57 15
58 58 15
58 59 15
58 60 15
58 61 15
58 62 15
58 63 15
59 0 15
59 1 15
59 2 4
59 56 1
59 57 15
59 58 15
59 59 15
59 60 15
59 61 15
59 62 15
59 63 15
60 0 15
60 1 6
60 57 3
60 58 15
60 59 15
60 60 15
60 61 15
60 62 15
60 63 15
61 0 15
61 1 4
61 58 3
61 59 15
61 60 15
61 61 15
61 62 15
61 63 15
62 0 15
62 1 4
62 59 3
62 60 15
62 61 15
62 62 15
62 63 15
63 0 15
63 1 4
63 60 2
63 61 2
63 62 3
63 63 15
