15
1 62 6
1 63 2
2 54 7
2 61 6
2 62 0
2 63 0
3 53 6
3 54 0
3 55 2
3 56 2
3 57 2
3 58 2
3 59 2
3 60 2
3 61 0
3 62 0
3 63 0
4 52 6
4 53 0
4 54 0
4 55 0
4 56 0
4 57 0
4 58 0
4 59 0
4 60 0
4 61 0
4 62 0
4 63 0
5 51 6
5 52 0
5 53 0
5 54 0
5 55 0
5 56 0
5 57 0
5 58 0
5 59 0
5 60 0
5 61 0
5 62 0
5 63 0
6 51 4
6 52 0
6 53 0
6 54 0
6 55 0
6 56 0
6 57 0
6 58 0
6 59 0
6 60 0
6 61 0
6 62 0
6 63 0
7 51 4
7 52 0
7 53 0
7 54 0
7 55 0
7 56 0
7 57 0
7 58 0
7 59 0
7 60 0
7 61 0
7 62 0
7 63 0
8 50 6
8 51 0
8 52 0
8 53 0
8 54 0
8 55 0
8 56 0
8 57 0
8 58 0
8 59 0
8 60 0
8 61 0
8 62 0
8 63 0
9 49 6
9 50 0
9 51 0
9 52 0
9 53 0
9 54 0
9 55 0
9 56 0
9 57 0
9 58 0
9 59 0
9 60 0
9 61 0
9 62 0
9 63 0
10 46 6
10 47 2
10 48 2
10 49 0
10 50 0
10 51 0
10 52 0
10 53 0
10 54 0
10 55 0
10 56 0
10 57 0
10 58 0
10 59 0
10 60 0
10 61 0
10 62 0
10 63 0
11 21 7
11 27 6
11 28 3
11 45 6
11 46 0
11 47 0
11 48 0
11 49 0
11 50 0
11 51 0
11 52 0
11 53 0
11 54 0
11 55 0
11 56 0
11 57 0
11 58 0
11 59 0
11 60 0
11 61 0
11 62 0
11 63 0
12 19 6
12 20 2
12 21 0
12 22 2
12 23 2
12 24 2
12 25 2
12 26 2
12 27 0
12 28 0
12 29 2
12 30 3
12 45 4
12 46 0
12 47 0
12 48 0
12 49 0
12 50 0
12 51 0
12 52 0
12 53 0
12 54 0
12 55 0
12 56 0
12 57 0
12 58 0
12 59 0
12 60 0
12 61 0
12 62 0
12 63 0
13 17 6
13 18 2
13 19 0
13 20 0
13 21 0
13 22 0
13 23 0
13 24 0
13 25 0
13 26 0
13 27 0
13 28 0
13 29 0
13 30 1
13 42 6
13 43 2
13 44 2
13 45 0
13 46 0
13 47 0
13 48 0
13 49 0
13 50 0
13 51 0
13 52 0
13 53 0
13 54 0
13 55 0
13 56 0
13 57 0
13 58 0
13 59 0
13 60 0
13 61 0
13 62 0
13 63 0
14 15 6
14 16 2
14 17 0
14 18 0
14 19 0
14 20 0
14 21 0
14 22 0
14 23 0
14 24 0
14 25 0
14 26 0
14 27 0
14 28 0
14 29 0
14 30 9
14 41 6
14 42 0
14 43 0
14 44 0
14 45 0
14 46 0
14 47 0
14 48 0
14 49 0
14 50 0
14 51 0
14 52 0
14 53 0
14 54 0
14 55 0
14 56 0
14 57 0
14 58 0
14 59 0
14 60 0
14 61 0
14 62 0
14 63 0
15 12 6
15 13 2
15 14 2
15 15 0
15 16 0
15 17 0
15 18 0
15 19 0
15 20 0
15 21 0
15 22 0
15 23 0
15 24 0
15 25 0
15 26 0
15 27 0
15 28 0
15 29 1
15 40 6
15 41 0
15 42 0
15 43 0
15 44 0
15 45 0
15 46 0
15 47 0
15 48 0
15 49 0
15 50 0
15 51 0
15 52 0
15 53 0
15 54 0
15 55 0
15 56 0
15 57 0
15 58 0
15 59 0
15 60 0
15 61 0
15 62 0
15 63 0
16 11 6
16 12 0
16 13 0
16 14 0
16 15 0
16 16 0
16 17 0
16 18 0
16 19 0
16 20 0
16 21 0
16 22 0
16 23 0
16 24 0
16 25 0
16 26 0
16 27 0
16 28 0
16 29 1
16 40 12
16 41 0
16 42 0
16 43 0
16 44 0
16 45 0
16 46 0
16 47 0
16 48 0
16 49 0
16 50 0
16 51 0
16 52 0
16 53 0
16 54 0
16 55 0
16 56 0
16 57 0
16 58 0
16 59 0
16 60 0
16 61 0
16 62 0
16 63 0
17 10 6
17 11 0
17 12 0
17 13 0
17 14 0
17 15 0
17 16 0
17 17 0
17 18 0
17 19 0
17 20 0
17 21 0
17 22 0
17 23 0
17 24 0
17 25 0
17 26 0
17 27 0
17 28 0
17 29 1
17 41 12
17 42 8
17 43 8
17 44 8
17 45 0
17 46 0
17 47 0
17 48 0
17 49 0
17 50 0
17 51 0
17 52 0
17 53 0
17 54 0
17 55 0
17 56 0
17 57 0
17 58 0
17 59 0
17 60 0
17 61 0
17 62 0
17 63 0
18 9 6
18 10 0
18 11 0
18 12 0
18 13 0
18 14 0
18 15 0
18 16 0
18 17 0
18 18 0
18 19 0
18 20 0
18 21 0
18 22 0
18 23 0
18 24 0
18 25 0
18 26 0
18 27 0
18 28 0
18 29 0
18 30 3
18 45 12
18 46 8
18 47 0
18 48 0
18 49 0
18 50 0
18 51 0
18 52 0
18 53 0
18 54 0
18 55 0
18 56 0
18 57 0
18 58 0
18 59 0
18 60 0
18 61 0
18 62 0
18 63 0
19 9 4
19 10 0
19 11 0
19 12 0
19 13 0
19 14 0
19 15 0
19 16 0
19 17 0
19 18 0
19 19 0
19 20 0
19 21 0
19 22 0
19 23 0
19 24 0
19 25 0
19 26 0
19 27 0
19 28 0
19 29 0
19 30 0
19 31 3
19 47 12
19 48 0
19 49 0
19 50 0
19 51 0
19 52 0
19 53 0
19 54 0
19 55 0
19 56 0
19 57 0
19 58 0
19 59 0
19 60 0
19 61 0
19 62 0
19 63 0
20 9 12
20 10 0
20 11 0
20 12 0
20 13 0
20 14 0
20 15 0
20 16 0
20 17 0
20 18 0
20 19 0
20 20 0
20 21 0
20 22 0
20 23 0
20 24 0
20 25 0
20 26 0
20 27 0
20 28 0
20 29 0
20 30 0
20 31 1
20 48 4
20 49 0
20 50 0
20 51 0
20 52 0
20 53 0
20 54 0
20 55 0
20 56 0
20 57 0
20 58 0
20 59 0
20 60 0
20 61 0
20 62 0
20 63 0
21 10 4
21 11 0
21 12 0
21 13 0
21 14 0
21 15 0
21 16 0
21 17 0
21 18 0
21 19 0
21 20 0
21 21 0
21 22 0
21 23 0
21 24 0
21 25 0
21 26 0
21 27 0
21 28 0
21 29 0
21 30 0
21 31 0
21 32 3
21 48 4
21 49 0
21 50 0
21 51 0
21 52 0
21 53 0
21 54 0
21 55 0
21 56 0
21 57 0
21 58 0
21 59 0
21 60 0
21 61 0
21 62 0
21 63 0
22 10 12
22 11 0
22 12 0
22 13 0
22 14 0
22 15 0
22 16 0
22 17 0
22 18 0
22 19 0
22 20 0
22 21 0
22 22 0
22 23 0
22 24 0
22 25 0
22 26 0
22 27 0
22 28 0
22 29 0
22 30 0
22 31 0
22 32 0
22 33 2
22 34 3
22 48 4
22 49 0
22 50 0
22 51 0
22 52 0
22 53 0
22 54 0
22 55 0
22 56 0
22 57 0
22 58 0
22 59 0
22 60 0
22 61 0
22 62 0
22 63 0
23 11 12
23 12 0
23 13 0
23 14 0
23 15 0
23 16 0
23 17 0
23 18 0
23 19 0
23 20 0
23 21 0
23 22 0
23 23 0
23 24 0
23 25 0
23 26 0
23 27 0
23 28 0
23 29 0
23 30 0
23 31 0
23 32 0
23 33 0
23 34 0
23 35 2
23 36 3
23 48 4
23 49 0
23 50 0
23 51 0
23 52 0
23 53 0
23 54 0
23 55 0
23 56 0
23 57 0
23 58 0
23 59 0
23 60 0
23 61 0
23 62 0
23 63 0
24 12 12
24 13 0
24 14 0
24 15 0
24 16 0
24 17 0
24 18 0
24 19 0
24 20 0
24 21 0
24 22 0
24 23 0
24 24 0
24 25 0
24 26 0
24 27 0
24 28 0
24 29 0
24 30 0
24 31 0
24 32 0
24 33 0
24 34 0
24 35 0
24 36 0
24 37 2
24 38 2
24 39 2
24 40 3
24 48 4
24 49 0
24 50 0
24 51 0
24 52 0
24 53 0
24 54 0
24 55 0
24 56 0
24 57 0
24 58 0
24 59 0
24 60 0
24 61 0
24 62 0
24 63 0
25 13 4
25 14 0
25 15 0
25 16 0
25 17 0
25 18 0
25 19 0
25 20 0
25 21 0
25 22 0
25 23 0
25 24 0
25 25 0
25 26 0
25 27 0
25 28 0
25 29 0
25 30 0
25 31 0
25 32 0
25 33 0
25 34 0
25 35 0
25 36 0
25 37 0
25 38 0
25 39 0
25 40 0
25 41 2
25 42 3
25 48 4
25 49 0
25 50 0
25 51 0
25 52 0
25 53 0
25 54 0
25 55 0
25 56 0
25 57 0
25 58 0
25 59 0
25 60 0
25 61 0
25 62 0
25 63 0
26 13 4
26 14 0
26 15 0
26 16 0
26 17 0
26 18 0
26 19 0
26 20 0
26 21 0
26 22 0
26 23 0
26 24 0
26 25 0
26 26 0
26 27 0
26 28 0
26 29 0
26 30 0
26 31 0
26 32 0
26 33 0
26 34 0
26 35 0
26 36 0
26 37 0
26 38 0
26 39 0
26 40 0
26 41 0
26 42 0
26 43 2
26 44 3
26 48 4
26 49 0
26 50 0
26 51 0
26 52 0
26 53 0
26 54 0
26 55 0
26 56 0
26 57 0
26 58 0
26 59 0
26 60 0
26 61 0
26 62 0
26 63 0
27 13 4
27 14 0
27 15 0
27 16 0
27 17 0
27 18 0
27 19 0
27 20 0
27 21 0
27 22 0
27 23 0
27 24 0
27 25 0
27 26 0
27 27 0
27 28 0
27 29 0
27 30 0
27 31 0
27 32 0
27 33 0
27 34 0
27 35 0
27 36 0
27 37 0
27 38 0
27 39 0
27 40 0
27 41 0
27 42 0
27 43 0
27 44 1
27 48 4
27 49 0
27 50 0
27 51 0
27 52 0
27 53 0
27 54 0
27 55 0
27 56 0
27 57 0
27 58 0
27 59 0
27 60 0
27 61 0
27 62 0
27 63 0
28 13 4
28 14 0
28 15 0
28 16 0
28 17 0
28 18 0
28 19 0
28 20 0
28 21 0
28 22 0
28 23 0
28 24 0
28 25 0
28 26 0
28 27 0
28 28 0
28 29 0
28 30 0
28 31 0
28 32 0
28 33 0
28 34 0
28 35 0
28 36 0
28 37 0
28 38 0
28 39 0
28 40 0
28 41 0
28 42 0
28 43 0
28 44 0
28 45 2
28 46 2
28 47 2
28 48 0
28 49 0
28 50 0
28 51 0
28 52 0
28 53 0
28 54 0
28 55 0
28 56 0
28 57 0
28 58 0
28 59 0
28 60 0
28 61 0
28 62 0
28 63 0
29 13 4
29 14 0
29 15 0
29 16 0
29 17 0
29 18 0
29 19 0
29 20 0
29 21 0
29 22 0
29 23 0
29 24 0
29 25 0
29 26 0
29 27 0
29 28 0
29 29 0
29 30 0
29 31 0
29 32 0
29 33 0
29 34 0
29 35 0
29 36 0
29 37 0
29 38 0
29 39 0
29 40 0
29 41 0
29 42 0
29 43 0
29 44 0
29 45 0
29 46 0
29 47 0
29 48 0
29 49 0
29 50 0
29 51 0
29 52 0
29 53 0
29 54 0
29 55 0
29 56 0
29 57 0
29 58 0
29 59 0
29 60 0
29 61 0
29 62 0
29 63 0
30 13 4
30 14 0
30 15 0
30 16 0
30 17 0
30 18 0
30 19 0
30 20 0
30 21 0
30 22 0
30 23 0
30 24 0
30 25 0
30 26 0
30 27 0
30 28 0
30 29 0
30 30 0
30 31 0
30 32 0
30 33 0
30 34 0
30 35 0
30 36 0
30 37 0
30 38 0
30 39 0
30 40 0
30 41 0
30 42 0
30 43 0
30 44 0
30 45 0
30 46 0
30 47 0
30 48 0
30 49 0
30 50 0
30 51 0
30 52 0
30 53 0
30 54 0
30 55 0
30 56 0
30 57 0
30 58 0
30 59 0
30 60 0
30 61 0
30 62 0
30 63 0
31 12 6
31 13 0
31 14 0
31 15 0
31 16 0
31 17 0
31 18 0
31 19 0
31 20 0
31 21 0
31 22 0
31 23 0
31 24 0
31 25 0
31 26 0
31 27 0
31 28 0
31 29 0
31 30 0
31 31 0
31 32 0
31 33 0
31 34 0
31 35 0
31 36 0
31 37 0
31 38 0
31 39 0
31 40 0
31 41 0
31 42 0
31 43 0
31 44 0
31 45 0
31 46 0
31 47 0
31 48 0
31 49 0
31 50 8
31 51 8
31 52 8
31 53 8
31 54 0
31 55 0
31 56 0
31 57 0
31 58 0
31 59 0
31 60 0
31 61 0
31 62 0
31 63 0
32 11 6
32 12 0
32 13 0
32 14 0
32 15 0
32 16 0
32 17 0
32 18 0
32 19 0
32 20 0
32 21 0
32 22 0
32 23 0
32 24 0
32 25 0
32 26 0
32 27 0
32 28 0
32 29 0
32 30 0
32 31 0
32 32 0
32 33 0
32 34 0
32 35 0
32 36 0
32 37 0
32 38 0
32 39 0
32 40 0
32 41 0
32 42 0
32 43 0
32 44 0
32 45 0
32 46 0
32 47 0
32 48 0
32 49 1
32 54 4
32 55 0
32 56 0
32 57 0
32 58 0
32 59 0
32 60 0
32 61 0
32 62 0
32 63 0
33 11 4
33 12 0
33 13 0
33 14 0
33 15 0
33 16 0
33 17 0
33 18 0
33 19 0
33 20 0
33 21 0
33 22 0
33 23 0
33 24 0
33 25 0
33 26 0
33 27 0
33 28 0
33 29 0
33 30 0
33 31 0
33 32 0
33 33 0
33 34 0
33 35 0
33 36 0
33 37 0
33 38 0
33 39 0
33 40 0
33 41 0
33 42 0
33 43 0
33 44 0
33 45 0
33 46 0
33 47 0
33 48 0
33 49 1
33 54 4
33 55 0
33 56 0
33 57 0
33 58 0
33 59 0
33 60 0
33 61 0
33 62 0
33 63 0
34 10 6
34 11 0
34 12 0
34 13 0
34 14 0
34 15 0
34 16 0
34 17 0
34 18 0
34 19 0
34 20 0
34 21 0
34 22 0
34 23 0
34 24 0
34 25 0
34 26 0
34 27 0
34 28 0
34 29 0
34 30 0
34 31 0
34 32 0
34 33 0
34 34 0
34 35 0
34 36 0
34 37 0
34 38 0
34 39 0
34 40 0
34 41 0
34 42 0
34 43 0
34 44 0
34 45 0
34 46 0
34 47 0
34 48 0
34 49 1
34 54 4
34 55 0
34 56 0
34 57 0
34 58 0
34 59 0
34 60 0
34 61 0
34 62 0
34 63 0
35 9 6
35 10 0
35 11 0
35 12 0
35 13 0
35 14 0
35 15 0
35 16 0
35 17 0
35 18 0
35 19 0
35 20 0
35 21 0
35 22 0
35 23 0
35 24 0
35 25 0
35 26 0
35 27 0
35 28 0
35 29 0
35 30 0
35 31 0
35 32 0
35 33 0
35 34 0
35 35 0
35 36 0
35 37 0
35 38 0
35 39 0
35 40 0
35 41 0
35 42 0
35 43 0
35 44 0
35 45 0
35 46 0
35 47 8
35 48 8
35 49 8
35 50 10
35 51 10
35 52 10
35 53 10
35 54 0
35 55 0
35 56 0
35 57 0
35 58 0
35 59 0
35 60 0
35 61 0
35 62 0
35 63 0
36 8 6
36 9 0
36 10 0
36 11 0
36 12 0
36 13 0
36 14 0
36 15 0
36 16 0
36 17 0
36 18 0
36 19 0
36 20 0
36 21 0
36 22 0
36 23 0
36 24 0
36 25 0
36 26 0
36 27 0
36 28 0
36 29 0
36 30 0
36 31 0
36 32 0
36 33 0
36 34 0
36 35 0
36 36 0
36 37 8
36 38 8
36 39 8
36 40 8
36 41 0
36 42 0
36 43 0
36 44 0
36 45 0
36 46 9
36 54 12
36 55 0
36 56 0
36 57 0
36 58 0
36 59 0
36 60 0
36 61 0
36 62 0
36 63 0
37 8 12
37 9 0
37 10 0
37 11 0
37 12 0
37 13 0
37 14 0
37 15 0
37 16 0
37 17 0
37 18 0
37 19 0
37 20 0
37 21 0
37 22 0
37 23 0
37 24 0
37 25 0
37 26 0
37 27 0
37 28 0
37 29 8
37 30 8
37 31 8
37 32 8
37 33 0
37 34 0
37 35 0
37 36 1
37 41 4
37 42 0
37 43 0
37 44 0
37 45 9
37 55 12
37 56 0
37 57 0
37 58 0
37 59 0
37 60 0
37 61 0
37 62 0
37 63 0
38 9 4
38 10 0
38 11 0
38 12 0
38 13 0
38 14 0
38 15 0
38 16 0
38 17 0
38 18 0
38 19 0
38 20 0
38 21 0
38 22 0
38 23 0
38 24 0
38 25 0
38 26 0
38 27 0
38 28 1
38 33 4
38 34 0
38 35 0
38 36 1
38 41 4
38 42 0
38 43 0
38 44 9
38 56 12
38 57 0
38 58 0
38 59 0
38 60 0
38 61 0
38 62 0
38 63 0
39 9 12
39 10 0
39 11 0
39 12 0
39 13 0
39 14 0
39 15 0
39 16 0
39 17 0
39 18 0
39 19 0
39 20 0
39 21 0
39 22 0
39 23 0
39 24 0
39 25 0
39 26 0
39 27 0
39 28 1
39 33 4
39 34 0
39 35 0
39 36 1
39 41 4
39 42 8
39 43 9
39 57 12
39 58 0
39 59 0
39 60 8
39 61 8
39 62 8
39 63 8
40 10 12
40 11 8
40 12 8
40 13 8
40 14 0
40 15 0
40 16 0
40 17 0
40 18 0
40 19 0
40 20 0
40 21 0
40 22 0
40 23 0
40 24 0
40 25 0
40 26 0
40 27 0
40 28 1
40 33 4
40 34 0
40 35 0
40 36 0
40 37 2
40 38 2
40 39 2
40 40 2
40 41 9
40 58 12
40 59 9
41 14 12
41 15 0
41 16 0
41 17 0
41 18 0
41 19 0
41 20 0
41 21 0
41 22 0
41 23 0
41 24 0
41 25 0
41 26 0
41 27 0
41 28 0
41 29 2
41 30 2
41 31 2
41 32 2
41 33 0
41 34 0
41 35 0
41 36 0
41 37 0
41 38 0
41 39 0
41 40 9
42 15 12
42 16 0
42 17 0
42 18 0
42 19 0
42 20 0
42 21 0
42 22 0
42 23 0
42 24 0
42 25 0
42 26 0
42 27 0
42 28 0
42 29 0
42 30 0
42 31 0
42 32 0
42 33 8
42 34 8
42 35 8
42 36 8
42 37 0
42 38 0
42 39 9
43 16 12
43 17 0
43 18 8
43 19 8
43 20 8
43 21 8
43 22 0
43 23 0
43 24 8
43 25 8
43 26 8
43 27 8
43 28 0
43 29 0
43 30 0
43 31 0
43 32 9
43 37 12
43 38 9
44 17 13
44 22 12
44 23 9
44 28 12
44 29 8
44 30 8
44 31 9
