0
0 20 8
0 21 2
0 22 2
0 23 2
0 24 2
0 25 2
0 26 2
0 27 2
0 28 2
0 29 2
0 30 2
0 31 2
0 32 2
0 33 2
0 34 2
0 35 2
0 36 2
0 37 2
0 38 3
0 39 15
0 40 12
0 51 1
0 52 4
0 61 9
0 62 15
0 63 4
1 19 1
1 20 15
1 21 4
1 39 3
1 40 15
1 41 4
1 51 1
1 52 4
1 60 9
1 61 15
1 62 6
2 19 1
2 20 6
2 40 2
2 51 1
2 52 4
2 59 1
2 60 15
2 61 6
3 19 1
3 20 4
3 59 1
3 60 6
4 4 8
4 5 8
4 6 8
4 7 8
4 19 1
4 20 4
4 41 1
4 42 4
4 51 1
4 52 4
4 59 1
4 60 4
5 3 9
5 4 15
5 5 6
5 6 3
5 7 15
5 8 12
5 19 1
5 20 4
5 41 1
5 42 4
5 59 1
5 60 4
6 2 9
6 3 15
6 4 6
6 7 3
6 8 15
6 9 4
6 19 1
6 20 4
6 41 9
6 42 4
6 51 1
6 52 4
7 1 1
7 2 15
7 3 6
7 8 2
7 14 8
7 15 8
7 16 8
7 17 8
7 19 1
7 20 12
7 40 1
7 41 15
7 42 4
7 59 1
7 60 4
8 1 1
8 2 6
8 14 2
8 15 2
8 16 3
8 17 15
8 18 12
8 19 1
8 20 15
8 21 4
8 40 8
8 41 2
8 59 1
8 60 4
9 1 1
9 2 12
9 9 9
9 10 4
9 17 3
9 18 15
9 19 12
9 20 3
9 21 12
9 39 9
9 40 15
9 41 4
9 59 1
9 60 4
10 1 1
10 2 15
10 3 12
10 8 9
10 9 15
10 10 4
10 18 3
10 19 15
10 20 5
10 21 15
10 22 12
10 23 8
10 24 8
10 25 8
10 26 8
10 27 8
10 28 8
10 29 8
10 32 8
10 33 8
10 34 8
10 35 8
10 36 8
10 37 8
10 38 9
10 39 15
10 40 6
10 59 1
10 60 4
11 2 3
11 3 15
11 4 12
11 7 9
11 8 15
11 9 6
11 19 2
11 21 2
11 22 2
11 23 2
11 24 2
11 25 2
11 26 2
11 27 2
11 28 2
11 29 2
11 32 2
11 33 2
11 34 2
11 35 2
11 36 2
11 37 2
11 38 2
11 39 2
11 59 1
11 60 4
12 3 3
12 4 15
12 5 4
12 6 1
12 7 15
12 8 6
12 20 8
12 21 8
12 22 8
12 23 8
12 59 1
12 60 4
13 4 10
13 5 8
13 6 8
13 7 10
13 8 8
13 19 9
13 20 15
13 21 6
13 22 2
13 23 2
13 59 1
13 60 4
14 3 1
14 4 15
14 5 6
14 6 2
14 7 3
14 8 15
14 9 4
14 15 1
14 16 4
14 18 1
14 19 15
14 20 6
14 38 8
14 39 8
14 42 8
14 43 8
14 51 1
14 52 4
14 59 1
14 60 4
15 3 1
15 4 6
15 8 2
15 15 1
15 16 4
15 18 1
15 19 6
15 37 1
15 38 15
15 39 6
15 42 3
15 43 15
15 44 12
15 46 8
15 47 8
15 48 8
15 49 8
15 59 1
15 60 4
16 3 1
16 4 4
16 8 1
16 9 4
16 18 1
16 19 4
16 26 8
16 27 8
16 28 8
16 30 8
16 31 8
16 32 8
16 33 8
16 34 8
16 35 8
16 36 8
16 38 2
16 43 3
16 44 15
16 45 13
16 46 15
16 47 6
16 48 2
16 49 2
16 51 8
16 59 1
16 60 4
17 8 1
17 9 4
17 18 1
17 19 4
17 25 1
17 26 15
17 27 6
17 28 2
17 29 1
17 30 7
17 31 15
17 32 6
17 33 2
17 34 2
17 35 3
17 36 15
17 37 4
17 44 2
17 45 2
17 46 2
17 50 1
17 51 15
17 52 4
17 59 1
17 60 4
18 3 1
18 4 12
18 8 9
18 9 4
18 18 1
18 19 4
18 25 1
18 26 6
18 31 3
18 32 4
18 36 3
18 37 4
18 51 2
18 53 8
18 54 8
18 55 8
18 57 8
18 59 1
18 60 12
19 3 1
19 4 15
19 5 12
19 6 8
19 7 9
19 8 15
19 9 4
19 14 8
19 25 1
19 26 4
19 31 8
19 36 1
19 37 4
19 51 1
19 52 4
19 53 2
19 54 2
19 55 2
19 56 1
19 57 15
19 58 4
19 59 1
19 60 15
19 61 4
20 4 2
20 5 2
20 6 2
20 7 2
20 8 2
20 14 2
20 25 1
20 26 4
20 30 9
20 31 15
20 32 4
20 36 1
20 37 4
20 51 1
20 52 4
20 57 2
20 60 2
20 62 8
21 25 1
21 26 4
21 29 1
21 30 6
21 31 2
21 36 1
21 37 4
21 51 1
21 52 4
21 57 1
21 58 4
21 61 1
21 62 15
21 63 4
22 25 1
22 26 4
22 29 1
22 30 4
22 36 1
22 37 4
22 51 1
22 52 4
22 57 1
22 58 4
22 62 3
22 63 12
23 25 1
23 26 4
23 29 1
23 30 4
23 36 1
23 37 4
23 51 1
23 52 4
23 63 2
24 25 1
24 26 12
24 29 9
24 30 4
24 36 9
24 37 4
24 51 1
24 52 4
24 57 1
24 58 4
25 25 1
25 26 15
25 27 12
25 28 9
25 29 15
25 30 12
25 31 8
25 32 8
25 33 8
25 34 8
25 35 9
25 36 15
25 37 4
25 51 1
25 52 12
25 53 8
25 55 8
25 56 8
25 57 1
25 58 4
26 26 2
26 27 2
26 28 2
26 29 2
26 30 2
26 31 2
26 32 2
26 33 2
26 34 2
26 35 2
26 36 3
26 37 4
26 52 2
26 53 2
26 55 2
26 56 2
28 36 1
28 37 4
30 36 1
30 37 4
30 51 1
30 52 4
31 36 1
31 37 12
31 43 8
31 51 9
31 52 4
32 37 2
32 39 8
32 43 2
32 51 2
33 38 1
33 39 15
33 40 4
34 39 2
36 16 8
36 17 8
36 28 8
36 29 8
36 30 8
36 31 8
37 12 8
37 16 2
37 17 2
37 20 8
37 28 2
37 29 2
37 30 2
37 31 2
37 51 1
37 52 4
37 57 8
37 58 8
37 59 8
38 12 2
38 14 1
38 15 4
38 18 1
38 19 4
38 20 2
38 54 1
38 55 4
38 56 8
38 57 10
38 58 10
38 59 10
38 60 8
38 62 8
38 63 8
39 11 1
39 12 4
39 14 9
39 15 4
39 18 1
39 19 12
39 21 1
39 22 4
39 54 1
39 55 4
39 56 2
39 57 2
39 58 3
39 59 6
39 60 2
39 62 2
39 63 2
40 11 1
40 12 4
40 13 1
40 14 15
40 15 4
40 18 1
40 19 15
40 20 4
40 21 1
40 22 4
40 55 1
40 56 4
41 11 1
41 12 4
41 13 1
41 14 6
41 16 8
41 19 3
41 20 4
41 21 1
41 22 4
41 51 1
41 52 4
41 54 1
41 55 5
41 56 12
41 57 8
41 58 9
41 59 12
41 60 8
41 62 8
41 63 8
42 11 1
42 12 4
42 13 1
42 14 4
42 15 1
42 16 6
42 17 1
42 18 4
42 19 1
42 20 4
42 21 1
42 22 4
42 56 2
42 57 3
42 58 15
42 59 6
42 60 2
42 62 2
42 63 2
43 11 1
43 12 4
43 13 1
43 14 4
43 15 1
43 16 4
43 17 1
43 18 4
43 19 1
43 20 4
43 21 1
43 22 4
43 32 1
43 33 4
43 58 2
44 11 1
44 12 4
44 13 1
44 14 4
44 19 1
44 20 4
44 21 1
44 22 4
44 58 1
44 59 4
45 13 1
45 14 4
45 19 1
45 20 4
45 21 1
45 22 4
45 58 1
45 59 12
45 60 8
45 62 8
45 63 8
46 11 1
46 12 4
46 13 1
46 14 4
46 15 1
46 16 4
46 17 1
46 18 4
46 19 1
46 20 4
46 21 1
46 22 4
46 58 1
46 59 15
46 60 6
46 62 3
46 63 15
47 11 1
47 12 12
47 13 1
47 14 4
47 15 1
47 16 12
47 17 9
47 18 4
47 19 1
47 20 12
47 21 9
47 22 4
47 59 3
47 60 4
47 62 1
47 63 6
48 12 2
48 16 2
48 17 2
48 20 2
48 21 2
48 59 1
48 60 4
48 62 1
48 63 4
49 33 1
49 34 4
49 49 8
49 59 1
49 60 4
49 62 1
49 63 4
50 48 9
50 49 15
50 50 4
50 59 1
50 60 12
50 62 9
50 63 4
51 46 8
51 47 9
51 48 15
51 49 6
51 57 1
51 58 4
51 60 2
51 62 2
52 46 2
52 47 2
52 48 2
52 57 1
52 58 4
59 60 8
59 63 1
60 59 1
60 60 15
60 61 4
60 63 1
61 60 2
