0
0 0 10
0 1 10
0 2 10
0 3 10
0 4 10
0 5 8
0 6 10
0 7 10
0 8 8
0 9 10
0 10 2
0 11 2
0 12 2
0 13 8
0 31 1
0 32 4
0 33 2
0 34 2
0 35 2
0 42 2
0 43 2
0 44 2
0 45 2
0 48 2
0 49 2
0 50 2
0 51 2
0 54 2
0 55 2
0 56 2
0 60 2
0 63 2
1 0 15
1 1 6
1 2 2
1 3 2
1 4 2
1 5 2
1 6 2
1 7 2
1 8 3
1 9 15
1 10 12
1 12 1
1 13 15
1 14 12
1 15 8
1 17 8
1 18 8
1 31 1
1 32 4
2 0 6
2 2 8
2 3 8
2 4 8
2 5 8
2 6 8
2 7 8
2 9 3
2 10 15
2 11 4
2 13 2
2 14 2
2 15 2
2 17 2
2 18 2
2 31 1
2 32 4
2 42 8
2 43 8
2 44 8
2 45 8
2 46 8
2 47 8
2 48 8
2 49 8
2 50 8
2 51 8
2 62 8
3 0 4
3 1 1
3 2 6
3 3 2
3 4 2
3 5 2
3 6 2
3 7 3
3 8 4
3 10 3
3 11 4
3 31 1
3 32 12
3 41 1
3 42 15
3 43 6
3 44 2
3 45 2
3 46 2
3 47 2
3 48 2
3 49 2
3 50 2
3 51 2
3 62 2
4 0 4
4 1 1
4 2 12
4 3 8
4 5 8
4 6 8
4 7 9
4 8 4
4 10 1
4 11 4
4 19 1
4 20 4
4 31 1
4 32 15
4 33 4
4 39 1
4 40 4
4 41 1
4 42 6
4 53 1
4 54 4
4 57 8
4 58 8
5 0 4
5 1 1
5 2 6
5 3 2
5 5 2
5 6 3
5 7 6
5 10 1
5 11 4
5 32 2
5 39 1
5 40 4
5 41 1
5 42 4
5 53 1
5 54 4
5 55 1
5 56 5
5 57 15
5 58 15
5 59 4
6 0 4
6 1 1
6 2 4
6 6 1
6 7 12
6 10 1
6 11 4
6 19 1
6 20 4
6 39 1
6 40 4
6 41 1
6 42 4
6 53 1
6 54 4
6 55 1
6 56 5
6 57 15
6 58 15
6 59 4
7 0 4
7 1 1
7 2 4
7 7 3
7 8 4
7 10 1
7 11 4
7 19 1
7 20 4
7 39 1
7 40 4
7 41 1
7 42 4
7 53 1
7 54 4
7 55 1
7 56 4
7 57 2
7 58 2
8 0 4
8 1 1
8 2 4
8 7 1
8 8 4
8 10 1
8 11 4
8 19 1
8 20 4
8 39 1
8 40 4
8 53 1
8 54 4
8 55 1
8 56 4
9 0 4
9 1 1
9 2 12
9 3 8
9 5 8
9 6 8
9 7 9
9 8 4
9 10 1
9 11 12
9 19 9
9 20 4
9 33 8
9 34 8
9 39 1
9 40 4
9 53 1
9 54 4
9 55 1
9 56 4
10 0 4
10 1 1
10 2 15
10 3 6
10 5 3
10 6 15
10 7 6
10 10 1
10 11 15
10 12 12
10 13 8
10 15 8
10 16 8
10 17 8
10 18 9
10 19 15
10 20 4
10 32 1
10 33 6
10 34 3
10 35 12
10 39 1
10 40 12
10 43 8
10 53 1
10 54 4
10 55 1
10 56 4
11 0 4
11 2 11
11 3 4
11 6 10
11 11 10
11 12 10
11 13 10
11 15 10
11 16 10
11 17 10
11 18 10
11 19 2
11 32 1
11 33 4
11 34 1
11 35 15
11 36 12
11 39 1
11 40 15
11 41 4
11 42 1
11 43 15
11 44 4
11 53 1
11 54 4
11 55 1
11 56 4
12 0 4
12 1 1
12 2 15
12 3 12
12 5 9
12 6 15
12 7 12
12 10 1
12 11 15
12 12 6
12 13 2
12 15 2
12 16 2
12 17 3
12 18 15
12 19 12
12 32 1
12 33 4
12 35 2
12 36 3
12 37 4
12 40 2
12 43 2
12 52 8
12 53 8
13 0 4
13 1 1
13 2 6
13 3 2
13 5 2
13 6 2
13 7 3
13 8 4
13 10 1
13 11 6
13 18 3
13 19 15
13 20 4
13 32 1
13 33 4
13 36 1
13 37 4
13 46 8
13 47 8
13 48 8
13 49 8
13 50 8
13 52 2
13 53 2
14 0 4
14 1 1
14 2 4
14 7 1
14 8 4
14 10 1
14 11 4
14 19 2
14 36 1
14 37 4
14 44 8
14 46 2
14 47 2
14 48 2
14 49 2
14 50 2
14 54 8
14 55 8
15 0 4
15 1 1
15 2 12
15 3 8
15 5 8
15 6 8
15 7 9
15 8 4
15 10 1
15 11 4
15 19 1
15 20 4
15 26 8
15 27 8
15 28 8
15 29 8
15 36 1
15 37 4
15 43 1
15 44 15
15 45 12
15 46 8
15 47 8
15 48 8
15 49 8
15 50 8
15 51 8
15 54 2
15 55 2
15 59 8
15 60 8
15 62 8
16 0 4
16 1 1
16 2 6
16 3 2
16 5 2
16 6 3
16 7 6
16 10 1
16 11 4
16 19 1
16 20 4
16 25 1
16 26 15
16 27 6
16 28 3
16 29 15
16 30 4
16 32 1
16 33 4
16 36 1
16 37 4
16 44 2
16 45 2
16 46 2
16 47 2
16 48 2
16 49 2
16 50 2
16 51 2
16 59 2
16 60 2
16 62 2
17 0 4
17 1 1
17 2 4
17 6 1
17 7 12
17 10 1
17 11 4
17 19 9
17 20 4
17 26 2
17 29 3
17 30 4
17 32 1
17 33 12
17 34 8
17 35 8
17 36 9
17 37 4
18 0 4
18 1 1
18 2 4
18 7 3
18 8 4
18 10 1
18 11 4
18 15 8
18 16 8
18 17 8
18 18 9
18 19 15
18 20 4
18 29 1
18 30 12
18 33 2
18 34 2
18 35 2
18 36 2
18 55 8
18 56 8
18 57 8
18 58 8
19 0 4
19 1 1
19 2 12
19 3 8
19 4 8
19 5 8
19 6 8
19 7 9
19 8 4
19 10 9
19 11 12
19 15 2
19 16 2
19 17 2
19 18 2
19 19 2
19 22 1
19 23 4
19 29 1
19 30 15
19 31 12
19 32 8
19 54 1
19 55 6
19 56 2
19 57 2
19 58 3
19 59 4
20 0 12
20 2 2
20 3 2
20 4 2
20 5 2
20 6 2
20 7 2
20 9 9
20 10 15
20 11 15
20 12 4
20 22 1
20 23 4
20 27 8
20 28 8
20 29 8
20 30 10
20 31 3
20 32 15
20 33 12
20 42 8
20 45 8
20 47 8
20 48 8
20 58 1
20 59 4
20 63 8
21 0 15
21 1 12
21 2 8
21 3 8
21 4 8
21 5 8
21 6 8
21 7 8
21 8 9
21 9 15
21 10 6
21 11 2
21 14 8
21 22 1
21 23 4
21 25 1
21 26 4
21 27 2
21 28 2
21 29 2
21 30 3
21 31 4
21 32 2
21 33 2
21 38 1
21 39 4
21 42 2
21 45 2
21 47 2
21 48 3
21 49 4
21 54 9
21 55 4
21 58 1
21 59 4
21 62 1
21 63 15
22 0 10
22 1 10
22 2 10
22 3 10
22 4 10
22 5 10
22 6 10
22 7 10
22 8 2
22 9 2
22 12 1
22 13 4
22 14 3
22 15 12
22 22 9
22 23 4
22 25 1
22 26 4
22 30 1
22 31 4
22 53 1
22 54 15
22 55 4
22 58 1
22 59 4
22 62 1
22 63 15
23 0 2
23 1 2
23 2 2
23 3 2
23 4 2
23 5 2
23 6 2
23 7 2
23 12 1
23 13 4
23 14 1
23 15 15
23 16 12
23 21 1
23 22 15
23 23 4
23 25 9
23 26 4
23 30 1
23 31 12
23 35 1
23 36 4
23 38 1
23 39 4
23 54 2
23 58 1
23 59 4
23 63 2
24 12 1
24 13 4
24 15 2
24 16 2
24 22 2
24 23 8
24 24 9
24 25 15
24 26 12
24 27 8
24 29 8
24 30 9
24 31 15
24 32 4
24 35 8
24 40 8
24 41 8
24 42 8
24 45 8
24 46 8
24 47 8
24 48 1
24 49 4
24 58 1
24 59 4
25 12 1
25 13 4
25 17 1
25 18 4
25 22 1
25 23 6
25 24 2
25 25 2
25 26 2
25 27 2
25 29 2
25 30 3
25 31 6
25 35 3
25 36 4
25 39 1
25 40 6
25 41 2
25 42 3
25 43 4
25 44 1
25 45 6
25 46 2
25 47 3
25 48 5
25 49 4
25 58 1
25 59 4
25 63 8
26 12 1
26 13 4
26 17 1
26 18 4
26 29 8
26 35 1
26 36 5
26 37 4
26 39 1
26 40 4
26 42 1
26 43 4
26 44 1
26 45 4
26 47 1
26 48 5
26 49 4
26 54 8
26 55 8
26 56 8
26 57 8
26 58 9
26 59 4
26 62 1
26 63 15
27 12 1
27 13 12
27 15 8
27 16 8
27 17 9
27 18 4
27 22 1
27 23 12
27 24 8
27 25 8
27 26 8
27 27 8
27 28 9
27 29 15
27 30 4
27 35 1
27 36 5
27 37 4
27 39 1
27 40 4
27 42 1
27 43 4
27 44 1
27 45 4
27 47 1
27 48 5
27 49 4
27 54 2
27 55 2
27 56 2
27 57 2
27 58 2
27 62 1
27 63 15
28 5 8
28 7 8
28 8 8
28 12 1
28 13 15
28 14 13
28 15 15
28 16 6
28 17 2
28 23 2
28 24 2
28 25 2
28 26 2
28 27 2
28 28 3
28 29 15
28 30 12
28 35 1
28 36 5
28 37 4
28 39 1
28 40 4
28 47 1
28 48 5
28 49 4
28 62 9
28 63 15
29 4 1
29 5 6
29 7 3
29 8 15
29 9 4
29 13 2
29 14 2
29 15 2
29 29 3
29 30 15
29 31 4
29 35 1
29 36 5
29 37 4
29 39 1
29 40 4
29 47 1
29 48 5
29 49 4
29 60 8
29 61 9
29 62 15
29 63 15
30 4 1
30 5 4
30 8 3
30 9 4
30 30 2
30 32 8
30 35 1
30 36 5
30 37 4
30 38 1
30 39 5
30 40 4
30 47 1
30 48 5
30 49 4
30 59 1
30 60 15
30 61 15
30 62 15
30 63 15
31 4 1
31 5 4
31 8 1
31 9 4
31 31 1
31 32 15
31 33 12
31 35 1
31 36 13
31 37 4
31 38 1
31 39 5
31 40 13
31 41 5
31 42 4
31 43 1
31 44 5
31 45 4
31 47 1
31 48 5
31 49 4
31 59 9
31 60 15
31 61 15
31 62 15
31 63 15
32 4 1
32 5 4
32 8 9
32 9 4
32 32 3
32 33 15
32 34 12
32 35 1
32 36 15
32 37 4
32 39 1
32 40 6
32 47 1
32 48 5
32 49 4
32 58 1
32 59 15
32 60 15
32 61 15
32 62 15
32 63 15
33 4 1
33 5 4
33 7 9
33 8 15
33 9 4
33 33 11
33 34 6
33 36 3
33 37 4
33 39 1
33 40 4
33 47 1
33 48 5
33 49 4
33 53 8
33 54 8
33 55 8
33 56 8
33 58 1
33 59 15
33 60 15
33 61 15
33 62 15
33 63 15
34 4 1
34 5 4
34 6 1
34 7 6
34 8 2
34 32 1
34 33 15
34 34 4
34 36 1
34 37 4
34 38 1
34 39 5
34 40 12
34 41 8
34 42 8
34 43 8
34 44 8
34 45 8
34 46 8
34 47 9
34 48 5
34 49 4
34 52 1
34 53 6
34 54 2
34 55 3
34 56 15
34 57 4
34 59 3
34 60 15
34 61 15
34 62 15
34 63 15
35 4 9
35 5 4
35 7 8
35 32 1
35 33 6
35 36 1
35 37 4
35 40 10
35 41 10
35 42 10
35 43 2
35 44 10
35 45 10
35 46 2
35 47 10
35 48 1
35 49 4
35 52 1
35 53 4
35 56 3
35 57 4
35 59 1
35 60 15
35 61 15
35 62 15
35 63 15
36 3 1
36 4 15
36 5 4
36 6 1
36 7 15
36 8 12
36 32 1
36 33 12
36 36 1
36 37 4
36 40 2
36 41 2
36 42 2
36 44 2
36 45 2
36 47 2
36 52 1
36 53 4
36 56 1
36 57 4
36 60 3
36 61 15
36 62 15
36 63 15
37 3 1
37 4 6
37 7 3
37 8 15
37 9 4
37 32 1
37 33 15
37 34 12
37 35 8
37 36 9
37 37 4
37 48 8
37 49 8
37 50 8
37 51 8
37 52 9
37 53 4
37 56 1
37 57 4
37 60 1
37 61 15
37 62 15
37 63 15
38 0 8
38 3 1
38 4 4
38 8 11
38 9 4
38 33 2
38 34 2
38 35 2
38 36 2
38 47 1
38 48 15
38 49 6
38 50 2
38 51 2
38 52 2
38 56 1
38 57 4
38 60 1
38 61 15
38 62 15
38 63 15
39 0 3
39 1 4
39 3 1
39 4 4
39 7 1
39 8 15
39 9 4
39 48 10
39 56 9
39 57 4
39 61 3
39 62 15
39 63 15
40 0 1
40 1 5
40 2 4
40 3 1
40 4 4
40 7 1
40 8 6
40 34 8
40 35 8
40 36 8
40 37 8
40 47 1
40 48 15
40 49 12
40 53 8
40 54 8
40 55 9
40 56 15
40 57 4
40 62 3
40 63 15
41 0 9
41 1 5
41 2 4
41 3 1
41 4 12
41 5 8
41 6 8
41 7 9
41 8 4
41 33 1
41 34 6
41 35 2
41 36 2
41 37 2
41 44 8
41 48 2
41 49 3
41 50 4
41 52 1
41 53 15
41 54 6
41 55 2
41 56 2
41 62 1
41 63 15
42 0 3
42 1 5
42 2 4
42 4 2
42 5 2
42 6 2
42 7 2
42 33 8
42 37 1
42 38 4
42 43 9
42 44 15
42 45 4
42 52 1
42 53 6
42 56 8
42 57 8
42 58 8
42 59 8
42 60 8
42 61 8
42 62 9
42 63 15
43 0 1
43 1 5
43 2 4
43 4 8
43 5 8
43 6 8
43 7 8
43 8 8
43 9 8
43 10 8
43 32 1
43 33 15
43 34 4
43 37 1
43 38 4
43 43 2
43 44 2
43 49 1
43 50 12
43 52 9
43 53 4
43 55 1
43 56 15
43 57 6
43 58 2
43 59 2
43 60 2
43 61 3
43 62 15
43 63 15
44 0 1
44 1 5
44 2 4
44 3 1
44 4 6
44 5 3
44 6 6
44 7 3
44 8 6
44 9 3
44 10 15
44 11 4
44 32 1
44 33 14
44 37 1
44 38 4
44 44 8
44 45 8
44 46 8
44 50 2
44 52 2
44 55 1
44 56 6
44 62 3
44 63 15
45 0 9
45 1 5
45 2 4
45 3 1
45 4 12
45 5 9
45 6 4
45 7 1
45 8 4
45 10 2
45 12 8
45 32 1
45 33 15
45 34 12
45 35 8
45 36 8
45 37 9
45 38 4
45 40 1
45 41 4
45 43 1
45 44 6
45 45 2
45 46 11
45 47 4
45 51 1
45 52 4
45 55 9
45 56 4
45 62 9
45 63 15
46 0 2
46 1 1
46 2 4
46 3 1
46 4 6
46 5 2
46 11 1
46 12 15
46 13 4
46 33 2
46 34 2
46 35 2
46 36 2
46 37 2
46 40 1
46 41 4
46 43 9
46 44 4
46 46 2
46 51 1
46 52 12
46 54 9
46 55 15
46 56 4
46 61 1
46 62 15
46 63 15
47 3 1
47 4 4
47 7 1
47 8 4
47 12 3
47 13 4
47 40 1
47 41 4
47 42 1
47 43 15
47 44 4
47 51 1
47 52 15
47 53 13
47 54 15
47 55 6
47 61 9
47 62 15
47 63 15
48 3 1
48 4 4
48 7 1
48 8 4
48 12 1
48 13 4
48 17 8
48 18 8
48 19 8
48 20 8
48 21 8
48 24 8
48 25 8
48 26 8
48 27 8
48 28 8
48 40 1
48 41 4
48 42 1
48 43 6
48 46 1
48 47 4
48 52 2
48 53 2
48 54 2
48 60 9
48 61 15
48 62 15
48 63 15
49 3 1
49 4 12
49 5 8
49 6 8
49 7 9
49 8 4
49 12 1
49 13 4
49 16 1
49 17 6
49 18 2
49 19 2
49 20 2
49 21 3
49 22 4
49 23 1
49 24 6
49 25 2
49 26 2
49 27 2
49 28 3
49 29 4
49 42 1
49 43 4
49 46 9
49 47 4
49 59 9
49 60 15
49 61 15
49 62 15
49 63 15
50 4 2
50 5 2
50 6 3
50 7 15
50 8 4
50 12 1
50 13 4
50 16 1
50 17 4
50 28 1
50 29 4
50 42 1
50 43 4
50 46 3
50 47 4
50 50 1
50 51 4
50 57 8
50 58 9
50 59 15
50 60 15
50 61 15
50 62 15
50 63 15
51 7 3
51 8 12
51 9 8
51 10 8
51 11 8
51 12 9
51 13 4
51 16 1
51 17 4
51 20 8
51 21 9
51 22 4
51 23 1
51 24 12
51 25 8
51 26 8
51 27 8
51 28 9
51 29 4
51 46 1
51 47 4
51 50 1
51 51 4
51 54 8
51 55 8
51 56 9
51 57 15
51 58 15
51 59 15
51 60 15
51 61 15
51 62 15
51 63 15
52 8 2
52 9 2
52 10 2
52 11 2
52 12 2
52 16 1
52 17 12
52 18 8
52 19 1
52 20 15
52 21 6
52 24 2
52 25 2
52 26 2
52 27 2
52 28 2
52 42 1
52 43 4
52 50 1
52 51 4
52 53 1
52 54 15
52 55 15
52 56 15
52 57 15
52 58 15
52 59 15
52 60 15
52 61 15
52 62 15
52 63 15
53 0 1
53 1 4
53 17 2
53 18 2
53 20 2
53 42 1
53 43 4
53 46 1
53 47 4
53 50 1
53 51 4
53 53 1
53 54 15
53 55 15
53 56 15
53 57 15
53 58 15
53 59 15
53 60 15
53 61 15
53 62 15
53 63 15
54 1 8
54 4 8
54 42 1
54 43 12
54 44 8
54 46 9
54 47 4
54 50 1
54 51 4
54 53 1
54 54 15
54 55 15
54 56 15
54 57 15
54 58 15
54 59 15
54 60 15
54 61 15
54 62 15
54 63 15
55 0 1
55 1 6
55 4 3
55 5 4
55 43 2
55 44 2
55 46 2
55 50 1
55 51 4
55 53 1
55 54 15
55 55 15
55 56 15
55 57 15
55 58 15
55 59 15
55 60 15
55 61 15
55 62 15
55 63 15
56 0 1
56 1 4
56 4 1
56 5 4
56 49 8
56 50 9
56 51 4
56 53 1
56 54 15
56 55 15
56 56 15
56 57 15
56 58 15
56 59 15
56 60 15
56 61 15
56 62 15
56 63 15
57 0 9
57 1 4
57 4 1
57 5 12
57 6 8
57 7 8
57 8 8
57 47 8
57 48 9
57 49 15
57 50 15
57 51 4
57 53 1
57 54 15
57 55 15
57 56 15
57 57 15
57 58 15
57 59 15
57 60 15
57 61 15
57 62 15
57 63 15
58 0 15
58 1 4
58 3 8
58 5 2
58 6 2
58 7 3
58 8 15
58 9 12
58 23 1
58 24 4
58 46 9
58 47 15
58 48 15
58 49 15
58 50 15
58 51 4
58 53 1
58 54 15
58 55 15
58 56 15
58 57 15
58 58 15
58 59 15
58 60 15
58 61 15
58 62 15
58 63 15
59 0 2
59 2 1
59 3 15
59 4 4
59 8 2
59 9 3
59 10 4
59 23 1
59 24 4
59 45 9
59 46 15
59 47 15
59 48 15
59 49 15
59 50 15
59 51 4
59 54 2
59 55 2
59 56 3
59 57 15
59 58 15
59 59 15
59 60 15
59 61 15
59 62 15
59 63 15
60 0 8
60 3 2
60 5 8
60 8 8
60 9 8
60 23 1
60 24 4
60 44 1
60 45 15
60 46 15
60 47 15
60 48 15
60 49 15
60 50 15
60 51 4
60 54 8
60 55 8
60 56 9
60 57 15
60 58 15
60 59 15
60 60 15
60 61 15
60 62 15
60 63 15
61 0 15
61 1 12
61 4 9
61 5 15
61 6 12
61 7 9
61 8 15
61 9 6
61 23 1
61 24 4
61 44 1
61 45 15
61 46 15
61 47 15
61 48 15
61 49 15
61 50 15
61 51 4
61 53 1
61 54 15
61 55 15
61 56 15
61 57 15
61 58 15
61 59 15
61 60 15
61 61 15
61 62 15
61 63 15
62 0 3
62 1 15
62 2 12
62 3 9
62 4 15
62 5 6
62 6 2
62 7 2
62 8 2
62 44 1
62 45 15
62 46 15
62 47 15
62 48 15
62 49 15
62 50 15
62 51 4
62 53 1
62 54 15
62 55 15
62 56 15
62 57 15
62 58 15
62 59 15
62 60 15
62 61 15
62 62 15
62 63 15
63 1 2
63 2 2
63 3 2
63 4 2
63 8 8
63 9 8
63 10 8
63 12 8
63 13 8
63 44 1
63 45 15
63 46 15
63 47 15
63 48 15
63 49 15
63 50 15
63 51 4
63 53 1
63 54 15
63 55 15
63 56 15
63 57 15
63 58 15
63 59 15
63 60 15
63 61 15
63 62 15
63 63 15
