15
8 33 6
8 34 2
8 35 2
8 36 2
8 37 2
8 38 3
9 33 4
9 34 0
9 35 0
9 36 0
9 37 0
9 38 0
9 39 3
10 33 4
10 34 0
10 35 0
10 36 0
10 37 0
10 38 0
10 39 9
11 33 4
11 34 0
11 35 0
11 36 8
11 37 0
11 38 1
12 33 12
12 34 0
12 35 1
12 37 12
12 38 9
13 34 4
13 35 1
14 30 14
14 31 2
14 32 2
14 33 2
14 34 0
14 35 1
14 40 6
14 41 2
14 42 2
14 43 2
14 44 2
14 45 3
15 31 12
15 32 8
15 33 8
15 34 8
15 35 0
15 36 3
15 40 4
15 41 0
15 42 0
15 43 0
15 44 0
15 45 0
15 46 3
16 21 6
16 22 2
16 23 3
16 35 4
16 36 0
16 37 3
16 40 4
16 41 0
16 42 0
16 43 0
16 44 0
16 45 0
16 46 9
17 20 6
17 21 0
17 22 0
17 23 0
17 24 3
17 35 4
17 36 0
17 37 0
17 38 3
17 40 12
17 41 0
17 42 0
17 43 0
17 44 0
17 45 9
18 19 6
18 20 0
18 21 0
18 22 0
18 23 0
18 24 0
18 25 2
18 26 3
18 34 6
18 35 0
18 36 0
18 37 0
18 38 9
18 41 12
18 42 8
18 43 0
18 44 1
19 11 6
19 12 2
19 13 2
19 14 2
19 15 3
19 18 6
19 19 0
19 20 0
19 21 0
19 22 0
19 23 0
19 24 0
19 25 0
19 26 0
19 27 3
19 34 12
19 35 0
19 36 0
19 37 1
19 43 4
19 44 1
20 11 12
20 12 8
20 13 0
20 14 0
20 15 0
20 16 2
20 17 2
20 18 0
20 19 0
20 20 0
20 21 0
20 22 0
20 23 0
20 24 0
20 25 0
20 26 0
20 27 0
20 28 3
20 35 12
20 36 0
20 37 0
20 38 10
20 39 10
20 40 2
20 41 2
20 42 2
20 43 0
20 44 0
20 45 2
20 46 10
20 47 11
21 13 12
21 14 0
21 15 0
21 16 0
21 17 0
21 18 0
21 19 0
21 20 0
21 21 8
21 22 8
21 23 8
21 24 8
21 25 8
21 26 8
21 27 8
21 28 0
21 29 3
21 36 12
21 37 1
21 40 4
21 41 0
21 42 0
21 43 8
21 44 8
21 45 9
22 14 4
22 15 0
22 16 0
22 17 0
22 18 0
22 19 0
22 20 0
22 21 2
22 22 2
22 23 2
22 24 2
22 25 2
22 26 3
22 28 12
22 29 0
22 30 3
22 37 4
22 38 2
22 39 2
22 40 0
22 41 0
22 42 1
23 14 12
23 15 0
23 16 0
23 17 0
23 18 0
23 19 1
23 20 4
23 21 8
23 22 8
23 23 8
23 24 8
23 25 0
23 26 0
23 27 3
23 29 12
23 30 8
23 31 11
23 36 6
23 37 0
23 38 0
23 39 0
23 40 0
23 41 0
23 42 1
23 47 6
23 48 3
24 15 12
24 16 8
24 17 0
24 18 0
24 19 1
24 20 5
24 21 6
24 22 2
24 23 2
24 24 3
24 25 4
24 26 0
24 27 8
24 28 10
24 29 10
24 30 3
24 32 14
24 33 10
24 34 10
24 35 10
24 36 0
24 37 0
24 38 0
24 39 0
24 40 0
24 41 0
24 42 0
24 43 3
24 47 12
24 48 9
24 51 7
25 17 12
25 18 0
25 19 1
25 20 5
25 21 4
25 22 0
25 23 0
25 24 1
25 25 4
25 26 1
25 27 6
25 28 2
25 29 3
25 30 4
25 31 2
25 32 2
25 33 2
25 34 3
25 36 4
25 37 0
25 38 0
25 39 0
25 40 0
25 41 0
25 42 0
25 43 0
25 44 3
25 49 6
25 50 2
25 51 0
25 52 3
26 18 4
26 19 1
26 20 5
26 21 4
26 22 0
26 23 0
26 24 1
26 25 4
26 26 1
26 27 4
26 28 0
26 29 1
26 30 4
26 31 0
26 32 0
26 33 0
26 34 0
26 35 2
26 36 0
26 37 0
26 38 0
26 39 8
26 40 8
26 41 0
26 42 0
26 43 0
26 44 1
26 49 12
26 50 8
26 51 8
26 52 9
27 18 4
27 19 1
27 20 5
27 21 4
27 22 0
27 23 0
27 24 1
27 25 4
27 26 1
27 27 4
27 28 0
27 29 1
27 30 4
27 31 0
27 32 0
27 33 0
27 34 0
27 35 0
27 36 0
27 37 0
27 38 1
27 41 4
27 42 0
27 43 0
27 44 0
27 45 3
28 18 4
28 19 1
28 20 5
28 21 12
28 22 8
28 23 0
28 24 9
28 25 4
28 26 1
28 27 4
28 28 0
28 29 1
28 30 4
28 31 0
28 32 0
28 33 0
28 34 0
28 35 0
28 36 0
28 37 0
28 38 9
28 41 4
28 42 8
28 43 0
28 44 0
28 45 1
29 17 6
29 18 0
29 19 1
29 20 12
29 21 2
29 22 2
29 23 0
29 24 2
29 25 0
29 26 1
29 27 12
29 28 0
29 29 9
29 30 4
29 31 0
29 32 0
29 33 0
29 34 0
29 35 0
29 36 0
29 37 1
29 41 5
29 43 12
29 44 0
29 45 1
30 17 4
30 18 0
30 19 1
30 21 12
30 22 0
30 23 0
30 24 0
30 25 0
30 26 0
30 27 2
30 28 0
30 29 2
30 30 0
30 31 0
30 32 0
30 33 0
30 34 0
30 35 0
30 36 0
30 37 0
30 38 3
30 41 5
30 44 12
30 45 9
31 17 4
31 18 0
31 19 0
31 20 3
31 22 12
31 23 0
31 24 0
31 25 0
31 26 0
31 27 0
31 28 0
31 29 0
31 30 0
31 31 0
31 32 8
31 33 8
31 34 8
31 35 8
31 36 0
31 37 0
31 38 1
31 41 5
32 17 4
32 18 0
32 19 0
32 20 0
32 21 3
32 23 4
32 24 0
32 25 0
32 26 0
32 27 0
32 28 0
32 29 0
32 30 0
32 31 1
32 32 6
32 33 2
32 34 2
32 35 3
32 36 4
32 37 0
32 38 0
32 39 2
32 40 2
32 41 0
32 42 3
33 17 4
33 18 0
33 19 0
33 20 0
33 21 0
33 22 3
33 23 4
33 24 0
33 25 0
33 26 0
33 27 0
33 28 0
33 29 0
33 30 0
33 31 1
33 32 4
33 33 0
33 34 0
33 35 1
33 36 4
33 37 0
33 38 0
33 39 0
33 40 0
33 41 0
33 42 0
33 43 2
33 44 10
33 45 10
33 46 10
33 47 2
33 48 2
33 49 2
33 50 10
33 51 11
34 8 6
34 9 2
34 10 2
34 11 2
34 12 2
34 13 2
34 14 2
34 15 2
34 16 2
34 17 0
34 18 0
34 19 0
34 20 0
34 21 0
34 22 0
34 23 0
34 24 0
34 25 0
34 26 0
34 27 0
34 28 0
34 29 0
34 30 0
34 31 0
34 32 0
34 33 0
34 34 0
34 35 1
34 36 4
34 37 0
34 38 0
34 39 0
34 40 0
34 41 0
34 42 8
34 43 9
34 47 12
34 48 0
34 49 1
35 8 12
35 9 8
35 10 0
35 11 0
35 12 0
35 13 0
35 14 0
35 15 0
35 16 0
35 17 0
35 18 0
35 19 0
35 20 0
35 21 0
35 22 0
35 23 8
35 24 0
35 25 0
35 26 0
35 27 0
35 28 0
35 29 0
35 30 0
35 31 1
35 32 4
35 33 0
35 34 0
35 35 1
35 36 4
35 37 0
35 38 0
35 39 0
35 40 0
35 41 1
35 48 4
35 49 1
36 10 12
36 11 8
36 12 8
36 13 8
36 14 8
36 15 8
36 16 8
36 17 8
36 18 8
36 19 8
36 20 8
36 21 0
36 22 1
36 24 12
36 25 0
36 26 0
36 27 0
36 28 0
36 29 0
36 30 0
36 31 1
36 32 12
36 33 8
36 34 8
36 35 9
36 36 4
36 37 0
36 38 0
36 39 0
36 40 0
36 41 1
36 44 6
36 45 2
36 46 2
36 47 2
36 48 0
36 49 1
37 21 12
37 22 8
37 23 3
37 25 4
37 26 0
37 27 0
37 28 0
37 29 0
37 30 0
37 31 0
37 32 2
37 33 2
37 34 2
37 35 2
37 36 0
37 37 0
37 38 0
37 39 0
37 40 0
37 41 1
37 44 4
37 45 0
37 46 0
37 47 0
37 48 0
37 49 0
37 50 3
38 23 12
38 24 3
38 25 4
38 26 8
38 27 0
38 28 8
38 29 0
38 30 0
38 31 0
38 32 0
38 33 0
38 34 0
38 35 0
38 36 0
38 37 0
38 38 0
38 39 0
38 40 0
38 41 1
38 44 4
38 45 0
38 46 0
38 47 0
38 48 0
38 49 0
38 50 1
39 24 4
39 25 1
39 26 6
39 27 0
39 28 3
39 29 4
39 30 0
39 31 0
39 32 0
39 33 0
39 34 0
39 35 0
39 36 0
39 37 0
39 38 0
39 39 0
39 40 0
39 41 1
39 44 12
39 45 8
39 46 0
39 47 8
39 48 0
39 49 8
39 50 9
40 24 5
40 25 5
40 26 4
40 27 0
40 28 1
40 29 4
40 30 0
40 31 0
40 32 8
40 33 0
40 34 8
40 35 8
40 36 8
40 37 0
40 38 0
40 39 0
40 40 0
40 41 8
40 42 3
40 46 13
40 48 13
40 57 6
40 58 3
41 22 6
41 23 2
41 24 1
41 25 5
41 26 4
41 27 0
41 28 1
41 29 4
41 30 0
41 31 1
41 32 6
41 33 0
41 34 2
41 35 2
41 36 3
41 37 4
41 38 0
41 39 0
41 40 1
41 42 4
41 43 3
41 55 6
41 56 2
41 57 0
41 58 1
42 21 6
42 22 0
42 23 0
42 24 0
42 25 1
42 26 4
42 27 0
42 28 1
42 29 4
42 30 0
42 31 1
42 32 4
42 33 0
42 34 0
42 35 0
42 36 1
42 37 4
42 38 0
42 39 0
42 40 0
42 41 2
42 42 0
42 43 0
42 44 3
42 48 6
42 49 3
42 55 12
42 56 0
42 57 0
42 58 1
43 20 6
43 21 0
43 22 0
43 23 0
43 24 0
43 25 1
43 26 12
43 27 8
43 28 9
43 29 4
43 30 0
43 31 1
43 32 4
43 33 0
43 34 0
43 35 0
43 36 0
43 37 0
43 38 0
43 39 0
43 40 0
43 41 0
43 42 0
43 43 0
43 44 1
43 48 4
43 49 0
43 50 3
43 56 12
43 57 0
43 58 1
44 18 6
44 19 2
44 20 0
44 21 0
44 22 1
44 23 4
44 24 0
44 25 0
44 26 2
44 27 2
44 28 2
44 29 0
44 30 0
44 31 1
44 32 4
44 33 0
44 34 0
44 35 0
44 36 1
44 37 4
44 38 0
44 39 0
44 40 0
44 41 0
44 42 0
44 43 0
44 44 1
44 48 12
44 49 0
44 50 1
44 57 12
44 58 9
45 17 6
45 18 0
45 19 0
45 20 0
45 21 0
45 22 1
45 23 12
45 24 0
45 25 0
45 26 0
45 27 0
45 28 0
45 29 0
45 30 0
45 31 1
45 32 12
45 33 8
45 34 8
45 35 8
45 36 9
45 37 4
45 38 0
45 39 0
45 40 0
45 41 0
45 42 0
45 43 0
45 44 1
45 49 12
45 50 9
46 15 6
46 16 2
46 17 0
46 18 0
46 19 0
46 20 0
46 21 0
46 22 1
46 24 12
46 25 8
46 26 8
46 27 8
46 28 8
46 29 8
46 30 8
46 31 8
46 32 10
46 33 10
46 34 10
46 35 10
46 36 10
46 37 8
46 38 0
46 39 0
46 40 0
46 41 0
46 42 0
46 43 0
46 44 0
46 45 3
47 13 6
47 14 2
47 15 0
47 16 0
47 17 0
47 18 8
47 19 8
47 20 8
47 21 8
47 22 0
47 23 2
47 24 2
47 25 2
47 26 2
47 27 2
47 28 2
47 29 2
47 30 2
47 31 2
47 32 2
47 33 2
47 34 2
47 35 2
47 36 2
47 37 2
47 38 0
47 39 0
47 40 0
47 41 0
47 42 0
47 43 0
47 44 0
47 45 1
48 13 4
48 14 0
48 15 0
48 16 0
48 17 9
48 22 12
48 23 0
48 24 0
48 25 0
48 26 0
48 27 0
48 28 0
48 29 0
48 30 8
48 31 8
48 32 0
48 33 0
48 34 0
48 35 0
48 36 0
48 37 0
48 38 0
48 39 0
48 40 0
48 41 0
48 42 0
48 43 0
48 44 0
48 45 9
49 12 6
49 13 0
49 14 0
49 15 0
49 16 9
49 23 4
49 24 0
49 25 0
49 26 0
49 27 0
49 28 8
49 29 9
49 32 12
49 33 0
49 34 0
49 35 0
49 36 0
49 37 0
49 38 0
49 39 0
49 40 0
49 41 0
49 42 0
49 43 0
49 44 1
50 12 4
50 13 0
50 14 0
50 15 9
50 23 12
50 24 0
50 25 0
50 26 0
50 27 1
50 33 12
50 34 0
50 35 0
50 36 0
50 37 0
50 38 0
50 39 0
50 40 0
50 41 0
50 42 0
50 43 0
50 44 9
51 12 12
51 13 8
51 14 9
51 24 12
51 25 0
51 26 0
51 27 9
51 34 12
51 35 8
51 36 0
51 37 0
51 38 0
51 39 0
51 40 0
51 41 0
51 42 0
51 43 9
52 25 4
52 26 1
52 36 12
52 37 8
52 38 0
52 39 0
52 40 0
52 41 8
52 42 9
53 25 12
53 26 9
53 30 6
53 31 3
53 38 12
53 39 8
53 40 9
54 30 12
54 31 9
