0
0 0 15
0 1 15
0 2 15
0 3 15
0 4 15
0 5 15
0 6 15
0 7 15
0 8 15
0 9 15
0 10 15
0 11 15
0 12 15
0 13 15
0 14 15
0 15 15
0 16 15
0 17 15
0 18 15
0 19 15
0 20 15
0 21 15
0 22 15
0 23 15
0 24 15
0 25 15
0 26 15
0 27 15
0 28 15
0 29 4
0 31 8
0 34 1
0 35 4
0 39 1
0 40 4
1 0 15
1 1 15
1 2 15
1 3 15
1 4 15
1 5 15
1 6 15
1 7 15
1 8 15
1 9 15
1 10 15
1 11 15
1 12 15
1 13 15
1 14 6
1 15 2
1 16 2
1 17 2
1 18 2
1 19 2
1 20 2
1 21 3
1 22 15
1 23 15
1 24 15
1 25 15
1 26 6
1 27 2
1 28 2
1 30 1
1 31 15
1 32 4
1 34 1
1 35 4
1 39 1
1 40 4
1 56 8
1 57 8
1 58 8
1 59 8
1 60 8
2 0 15
2 1 15
2 2 15
2 3 15
2 4 15
2 5 15
2 6 15
2 7 15
2 8 15
2 9 15
2 10 15
2 11 15
2 12 15
2 13 15
2 14 4
2 21 1
2 22 15
2 23 15
2 24 15
2 25 15
2 26 4
2 30 9
2 31 6
2 34 1
2 35 12
2 37 8
2 38 8
2 39 9
2 40 4
2 55 1
2 56 6
2 57 2
2 58 2
2 59 2
2 60 3
2 61 4
3 0 15
3 1 15
3 2 15
3 3 15
3 4 15
3 5 15
3 6 15
3 7 15
3 8 15
3 9 15
3 10 15
3 11 15
3 12 15
3 13 15
3 14 12
3 15 8
3 16 8
3 17 8
3 20 8
3 21 9
3 22 15
3 23 15
3 24 15
3 25 15
3 26 4
3 28 8
3 29 9
3 30 15
3 31 4
3 35 2
3 37 2
3 38 2
3 39 2
3 60 1
3 61 4
4 0 15
4 1 15
4 2 15
4 3 15
4 4 15
4 5 15
4 6 15
4 7 15
4 8 15
4 9 15
4 10 15
4 11 15
4 12 15
4 13 15
4 14 15
4 15 15
4 16 15
4 17 15
4 18 4
4 19 1
4 20 15
4 21 15
4 22 15
4 23 15
4 24 15
4 25 15
4 26 4
4 27 1
4 28 15
4 29 6
4 30 2
4 45 8
4 46 8
4 47 8
4 48 8
4 49 8
4 50 8
4 51 8
4 52 8
4 55 1
4 56 4
4 60 1
4 61 4
5 0 15
5 1 15
5 2 15
5 3 15
5 4 15
5 5 15
5 6 15
5 7 15
5 8 15
5 9 15
5 10 15
5 11 15
5 12 15
5 13 15
5 14 15
5 15 6
5 16 2
5 17 2
5 20 2
5 21 2
5 22 2
5 23 2
5 24 2
5 25 2
5 28 2
5 44 1
5 45 6
5 46 2
5 47 2
5 48 2
5 49 2
5 50 2
5 51 2
5 52 3
5 53 4
5 55 1
5 56 4
5 60 1
5 61 4
6 0 15
6 1 15
6 2 15
6 3 15
6 4 15
6 5 15
6 6 15
6 7 15
6 8 15
6 9 15
6 10 15
6 11 15
6 12 15
6 13 15
6 14 15
6 15 4
6 44 1
6 45 4
6 52 1
6 53 4
6 55 1
6 56 12
6 57 8
6 58 8
6 59 8
6 60 9
6 61 4
7 0 15
7 1 15
7 2 15
7 3 15
7 4 15
7 5 15
7 6 15
7 7 15
7 8 15
7 9 15
7 10 15
7 11 15
7 12 15
7 13 15
7 14 15
7 15 4
7 52 1
7 53 4
7 56 2
7 57 2
7 58 2
7 59 2
7 60 2
8 0 15
8 1 15
8 2 15
8 3 15
8 4 15
8 5 15
8 6 15
8 7 15
8 8 15
8 9 15
8 10 15
8 11 15
8 12 15
8 13 15
8 14 15
8 15 4
8 24 8
8 28 8
8 44 1
8 45 4
8 52 1
8 53 4
9 0 15
9 1 15
9 2 15
9 3 15
9 4 15
9 5 15
9 6 15
9 7 15
9 8 15
9 9 15
9 10 15
9 11 15
9 12 15
9 13 15
9 14 15
9 15 12
9 16 8
9 17 8
9 18 8
9 19 8
9 20 8
9 21 8
9 22 8
9 23 9
9 24 15
9 25 12
9 27 1
9 28 15
9 29 4
9 44 1
9 45 12
9 46 8
9 47 8
9 48 8
9 49 8
9 50 8
9 51 8
9 52 9
9 53 4
10 0 15
10 1 15
10 2 15
10 3 15
10 4 15
10 5 15
10 6 15
10 7 15
10 8 15
10 9 15
10 10 15
10 11 15
10 12 15
10 13 15
10 14 15
10 15 15
10 16 15
10 17 15
10 18 15
10 19 15
10 20 15
10 21 15
10 22 15
10 23 15
10 24 15
10 25 15
10 26 4
10 28 11
10 29 4
10 44 1
10 45 6
10 46 2
10 47 2
10 48 2
10 49 2
10 50 2
10 51 2
10 52 3
10 53 4
11 0 15
11 1 15
11 2 15
11 3 15
11 4 15
11 5 15
11 6 15
11 7 15
11 8 15
11 9 15
11 10 15
11 11 15
11 12 15
11 13 15
11 14 15
11 15 15
11 16 15
11 17 15
11 18 15
11 19 15
11 20 15
11 21 15
11 22 15
11 23 15
11 24 15
11 25 6
11 27 1
11 28 15
11 29 4
11 44 1
11 45 4
11 52 1
11 53 4
12 0 15
12 1 15
12 2 15
12 3 15
12 4 15
12 5 15
12 6 15
12 7 15
12 8 15
12 9 15
12 10 15
12 11 15
12 12 15
12 13 15
12 14 15
12 15 15
12 16 15
12 17 15
12 18 15
12 19 15
12 20 15
12 21 6
12 22 2
12 23 2
12 24 2
12 25 8
12 26 8
12 27 9
12 28 6
12 52 1
12 53 4
13 0 15
13 1 15
13 2 15
13 3 15
13 4 15
13 5 15
13 6 15
13 7 15
13 8 15
13 9 15
13 10 15
13 11 15
13 12 15
13 13 15
13 14 15
13 15 15
13 16 15
13 17 15
13 18 15
13 19 15
13 20 15
13 21 4
13 24 9
13 25 15
13 26 6
13 27 2
13 44 1
13 45 4
13 52 1
13 53 4
14 0 15
14 1 15
14 2 15
14 3 15
14 4 15
14 5 15
14 6 15
14 7 15
14 8 15
14 9 15
14 10 15
14 11 15
14 12 15
14 13 15
14 14 15
14 15 15
14 16 15
14 17 15
14 18 15
14 19 15
14 20 15
14 21 4
14 23 1
14 24 15
14 25 6
14 41 8
14 42 8
14 44 1
14 45 12
14 46 8
14 47 8
14 48 8
14 49 8
14 50 8
14 51 8
14 52 9
14 53 4
14 58 8
14 60 8
14 61 8
14 62 8
15 0 15
15 1 15
15 2 15
15 3 15
15 4 15
15 5 15
15 6 15
15 7 15
15 8 15
15 9 15
15 10 15
15 11 15
15 12 15
15 13 15
15 14 15
15 15 15
15 16 15
15 17 15
15 18 15
15 19 15
15 20 6
15 22 8
15 23 9
15 24 6
15 40 1
15 41 15
15 42 6
15 45 2
15 46 2
15 47 2
15 48 2
15 49 2
15 50 2
15 51 2
15 52 2
15 57 1
15 58 6
15 60 2
15 61 2
15 62 3
15 63 4
16 0 15
16 1 15
16 2 15
16 3 15
16 4 15
16 5 15
16 6 15
16 7 15
16 8 15
16 9 15
16 10 15
16 11 15
16 12 6
16 13 2
16 14 2
16 15 2
16 16 2
16 17 2
16 18 2
16 19 2
16 22 2
16 23 2
16 40 1
16 41 14
16 57 1
16 58 4
16 62 1
16 63 4
17 0 15
17 1 6
17 2 3
17 3 15
17 4 15
17 5 15
17 6 15
17 7 15
17 8 15
17 9 15
17 10 15
17 11 15
17 12 4
17 22 8
17 23 8
17 40 1
17 41 15
17 42 4
17 57 1
17 58 4
17 62 1
17 63 4
18 0 15
18 1 4
18 3 3
18 4 15
18 5 15
18 6 15
18 7 15
18 8 15
18 9 15
18 10 15
18 11 15
18 12 12
18 13 8
18 14 8
18 15 8
18 16 8
18 17 8
18 18 8
18 19 8
18 20 8
18 22 2
18 23 3
18 24 4
18 41 3
18 42 12
18 49 8
18 50 8
18 51 8
18 52 8
18 53 8
18 54 8
18 57 1
18 58 4
18 62 1
18 63 4
19 0 15
19 1 4
19 3 1
19 4 15
19 5 15
19 6 15
19 7 15
19 8 15
19 9 15
19 10 15
19 11 15
19 12 15
19 13 15
19 14 15
19 15 15
19 16 15
19 17 15
19 18 15
19 19 15
19 20 15
19 21 4
19 23 9
19 24 4
19 41 1
19 42 15
19 43 4
19 48 1
19 49 6
19 50 2
19 51 2
19 52 3
19 53 6
19 54 3
19 55 4
19 57 1
19 58 4
19 62 1
19 63 4
20 0 15
20 1 4
20 3 1
20 4 15
20 5 15
20 6 15
20 7 15
20 8 15
20 9 15
20 10 15
20 11 15
20 12 15
20 13 15
20 14 15
20 15 15
20 16 15
20 17 15
20 18 15
20 19 15
20 20 6
20 22 9
20 23 15
20 24 4
20 42 3
20 43 12
20 48 1
20 49 4
20 53 8
20 57 1
20 58 12
20 59 8
20 60 8
20 61 8
20 62 9
20 63 4
21 0 15
21 1 4
21 3 1
21 4 15
21 5 15
21 6 15
21 7 15
21 8 15
21 9 15
21 10 15
21 11 15
21 12 15
21 13 15
21 14 15
21 15 15
21 16 15
21 17 15
21 18 15
21 19 6
21 20 8
21 21 9
21 22 15
21 23 6
21 42 1
21 43 15
21 44 12
21 52 1
21 53 15
21 54 13
21 55 4
21 58 2
21 59 2
21 60 2
21 61 2
21 62 2
22 0 15
22 1 4
22 3 1
22 4 15
22 5 15
22 6 15
22 7 15
22 8 15
22 9 15
22 10 15
22 11 15
22 12 15
22 13 15
22 14 15
22 15 15
22 16 15
22 17 15
22 18 6
22 19 1
22 20 15
22 21 6
22 22 2
22 43 2
22 44 2
22 48 1
22 49 4
22 53 2
22 54 3
22 55 4
23 0 15
23 1 4
23 3 1
23 4 15
23 5 15
23 6 15
23 7 15
23 8 15
23 9 15
23 10 15
23 11 15
23 12 15
23 13 15
23 14 15
23 15 15
23 16 15
23 17 6
23 19 1
23 20 6
23 48 1
23 49 4
23 54 1
23 55 4
24 0 15
24 1 4
24 3 1
24 4 15
24 5 15
24 6 15
24 7 15
24 8 15
24 9 15
24 10 15
24 11 15
24 12 15
24 13 15
24 14 15
24 15 15
24 16 6
24 19 9
24 20 4
24 41 8
24 48 1
24 49 12
24 51 8
24 54 1
24 55 4
25 0 15
25 1 4
25 3 1
25 4 15
25 5 15
25 6 15
25 7 15
25 8 15
25 9 15
25 10 6
25 11 2
25 12 2
25 13 2
25 14 2
25 15 2
25 18 1
25 19 15
25 20 4
25 28 8
25 29 8
25 39 8
25 40 9
25 41 15
25 42 4
25 48 1
25 49 6
25 50 1
25 51 15
25 52 4
25 54 1
25 55 4
26 0 15
26 1 4
26 3 1
26 4 15
26 5 15
26 6 15
26 7 15
26 8 15
26 9 6
26 18 9
26 19 6
26 28 3
26 29 15
26 30 12
26 31 8
26 38 9
26 39 15
26 40 6
26 41 2
26 48 1
26 49 12
26 50 8
26 51 11
26 52 12
26 53 8
26 54 9
26 55 4
27 0 15
27 1 4
27 3 1
27 4 15
27 5 15
27 6 15
27 7 6
27 8 2
27 11 8
27 12 8
27 13 8
27 14 8
27 15 8
27 16 8
27 17 9
27 18 15
27 19 4
27 29 2
27 30 3
27 31 15
27 32 12
27 33 8
27 34 8
27 36 8
27 37 9
27 38 15
27 39 6
27 49 2
27 50 2
27 51 2
27 52 2
27 53 2
27 54 2
28 0 15
28 1 4
28 3 1
28 4 15
28 5 6
28 6 2
28 10 9
28 11 15
28 12 6
28 13 2
28 14 2
28 15 2
28 16 2
28 17 2
28 18 2
28 31 2
28 32 2
28 33 2
28 34 2
28 36 2
28 37 2
28 38 2
29 0 2
29 4 10
29 5 8
29 6 8
29 8 8
29 9 9
29 10 15
29 11 6
29 58 8
29 59 8
29 60 8
29 61 8
30 0 9
30 1 4
30 2 1
30 3 13
30 4 15
30 5 7
30 6 15
30 7 13
30 8 15
30 9 6
30 10 2
30 26 8
30 27 8
30 28 8
30 29 8
30 30 8
30 31 8
30 32 8
30 33 8
30 34 8
30 35 8
30 36 8
30 37 8
30 38 8
30 39 8
30 40 8
30 41 8
30 42 8
30 43 8
30 44 8
30 45 8
30 46 8
30 57 1
30 58 15
30 59 6
30 60 3
30 61 15
30 62 4
31 0 2
31 3 2
31 4 2
31 6 2
31 7 2
31 8 2
31 25 1
31 26 6
31 27 2
31 28 2
31 29 2
31 30 2
31 31 2
31 32 2
31 33 2
31 34 2
31 35 2
31 36 2
31 37 2
31 38 2
31 39 2
31 40 2
31 41 2
31 42 2
31 43 2
31 44 2
31 45 2
31 46 3
31 47 4
31 58 2
31 61 3
31 62 4
32 25 1
32 26 4
32 46 1
32 47 4
32 57 1
32 58 4
32 61 1
32 62 4
33 25 1
33 26 4
33 46 9
33 47 4
33 57 1
33 58 12
33 61 9
33 62 4
34 25 1
34 26 4
34 46 2
34 57 1
34 58 15
34 59 12
34 60 9
34 61 15
34 62 4
35 25 1
35 26 4
35 46 8
35 58 2
35 59 2
35 60 2
35 61 2
36 25 1
36 26 4
36 46 3
36 47 4
37 16 8
37 17 8
37 18 8
37 20 8
37 21 8
37 25 1
37 26 4
37 46 1
37 47 4
38 15 1
38 16 6
38 17 2
38 18 2
38 20 2
38 21 3
38 22 4
38 25 1
38 26 12
38 28 8
38 29 8
38 30 8
38 31 8
38 32 8
38 33 8
38 34 8
38 35 8
38 36 8
38 37 8
38 38 8
38 39 8
38 40 8
38 41 8
38 42 8
38 43 8
38 44 8
38 45 8
38 46 9
38 47 4
39 15 1
39 16 4
39 21 1
39 22 4
39 25 1
39 26 6
39 28 2
39 29 3
39 30 15
39 31 6
39 32 2
39 33 2
39 34 2
39 35 2
39 36 2
39 37 2
39 38 2
39 39 2
39 40 2
39 41 2
39 42 2
39 43 2
39 44 2
39 45 2
39 46 2
40 15 1
40 16 4
40 21 1
40 22 4
40 25 1
40 26 4
40 29 1
40 30 6
40 57 8
40 58 8
40 60 8
41 4 8
41 7 8
41 8 8
41 10 8
41 11 8
41 15 1
41 16 4
41 21 1
41 22 4
41 25 1
41 26 4
41 29 1
41 30 4
41 56 1
41 57 6
41 58 2
41 60 3
41 61 4
42 3 9
42 4 15
42 5 4
42 6 1
42 7 6
42 8 2
42 10 2
42 11 3
42 12 4
42 15 1
42 16 4
42 21 1
42 22 4
42 25 1
42 26 12
42 27 8
42 29 9
42 30 4
42 56 1
42 57 4
42 60 1
42 61 4
43 2 1
43 3 6
43 4 2
43 6 1
43 7 4
43 11 1
43 12 4
43 15 1
43 16 4
43 21 1
43 22 4
43 26 2
43 27 2
43 29 2
43 56 1
43 57 4
43 60 1
43 61 4
44 2 1
44 3 12
44 4 8
44 6 1
44 7 4
44 11 1
44 12 4
44 15 1
44 16 12
44 17 8
44 18 8
44 19 8
44 20 8
44 21 9
44 22 4
44 56 1
44 57 4
44 60 1
44 61 4
45 3 3
45 4 15
45 5 4
45 6 1
45 7 4
45 11 1
45 12 4
45 16 2
45 17 2
45 18 2
45 19 2
45 20 2
45 21 2
45 56 1
45 57 4
45 60 1
45 61 4
46 4 3
46 5 4
46 6 1
46 7 4
46 11 1
46 12 4
46 56 9
46 57 12
46 58 8
46 60 9
46 61 12
47 4 1
47 5 12
47 6 9
47 7 12
47 8 8
47 9 8
47 10 8
47 11 9
47 12 4
47 44 8
47 45 8
47 47 8
47 48 8
47 55 9
47 56 15
47 57 6
47 58 2
47 60 3
47 61 15
47 62 4
48 5 2
48 6 2
48 7 2
48 8 2
48 9 2
48 10 2
48 11 2
48 33 8
48 34 8
48 35 8
48 37 8
48 43 1
48 44 15
48 45 6
48 47 3
48 48 15
48 49 4
48 54 1
48 55 15
48 56 6
48 61 3
48 62 4
49 32 1
49 33 6
49 34 2
49 35 2
49 37 3
49 38 4
49 43 1
49 44 6
49 48 3
49 49 4
49 54 1
49 55 6
49 61 1
49 62 4
50 32 1
50 33 4
50 37 1
50 38 4
50 43 1
50 44 4
50 48 1
50 49 4
50 54 1
50 55 4
50 61 1
50 62 4
51 3 8
51 4 8
51 5 8
51 6 8
51 7 8
51 8 8
51 32 1
51 33 4
51 37 1
51 38 4
51 40 8
51 41 8
51 43 1
51 44 4
51 48 1
51 49 4
51 54 1
51 55 4
51 61 1
51 62 4
52 1 8
52 2 9
52 3 15
52 4 6
52 5 2
52 6 2
52 7 3
52 8 15
52 9 12
52 32 1
52 33 4
52 37 1
52 38 4
52 39 9
52 40 15
52 41 15
52 42 12
52 43 9
52 44 12
52 48 9
52 49 12
52 54 1
52 55 4
52 61 1
52 62 4
53 0 1
53 1 15
53 2 6
53 3 2
53 8 3
53 9 15
53 10 12
53 11 8
53 18 8
53 19 8
53 20 8
53 22 8
53 23 8
53 24 8
53 32 1
53 33 4
53 37 1
53 38 5
53 39 15
53 40 6
53 41 2
53 42 2
53 43 3
53 44 15
53 45 12
53 47 9
53 48 15
53 49 15
53 50 12
53 54 1
53 55 4
53 61 1
53 62 4
54 0 9
54 1 6
54 9 2
54 10 3
54 11 15
54 12 12
54 17 1
54 18 15
54 19 6
54 20 2
54 22 2
54 23 3
54 24 15
54 25 4
54 27 8
54 28 8
54 29 8
54 30 8
54 32 1
54 33 12
54 34 8
54 35 8
54 36 8
54 37 9
54 38 5
54 39 6
54 44 2
54 45 2
54 47 2
54 48 2
54 49 3
54 50 15
54 51 4
54 54 1
54 55 4
54 61 1
54 62 4
55 0 15
55 1 4
55 11 3
55 12 15
55 13 12
55 17 1
55 18 6
55 24 3
55 25 4
55 26 1
55 27 15
55 28 6
55 29 3
55 30 15
55 31 4
55 33 2
55 34 2
55 35 2
55 36 2
55 37 2
55 38 9
55 39 4
55 50 3
55 51 4
55 54 1
55 55 4
55 61 1
55 62 4
56 0 2
56 12 2
56 13 3
56 14 4
56 17 1
56 18 4
56 24 1
56 25 4
56 26 1
56 27 6
56 30 3
56 31 4
56 37 9
56 38 15
56 39 4
56 44 1
56 45 12
56 50 1
56 51 4
56 54 1
56 55 4
56 61 1
56 62 4
57 17 1
57 18 4
57 24 1
57 25 4
57 26 1
57 27 4
57 30 1
57 31 4
57 33 8
57 34 8
57 35 8
57 36 9
57 37 15
57 38 6
57 44 1
57 45 15
57 46 4
57 50 1
57 51 4
57 54 1
57 55 12
57 56 8
57 57 8
57 58 8
57 59 8
57 60 8
57 61 9
57 62 4
58 17 1
58 18 4
58 24 1
58 25 4
58 30 1
58 31 4
58 32 1
58 33 6
58 34 2
58 35 2
58 36 3
58 37 15
58 38 4
58 45 3
58 46 4
58 50 9
58 51 4
58 55 2
58 56 2
58 57 2
58 58 2
58 59 2
58 60 2
58 61 2
59 13 1
59 14 4
59 17 1
59 18 12
59 24 9
59 25 4
59 26 1
59 27 4
59 37 3
59 38 4
59 45 9
59 46 12
59 49 9
59 50 15
59 51 4
60 13 1
60 14 4
60 17 1
60 18 15
60 19 12
60 20 8
60 21 8
60 22 8
60 23 9
60 24 15
60 25 4
60 26 1
60 27 12
60 30 9
60 31 4
60 32 1
60 33 4
60 37 8
60 42 8
60 43 8
60 44 9
60 45 15
60 46 15
60 47 12
60 48 9
60 49 15
60 50 6
61 13 1
61 14 4
61 18 2
61 19 2
61 20 2
61 21 2
61 22 2
61 23 2
61 24 2
61 26 1
61 27 15
61 28 12
61 29 9
61 30 15
61 31 4
61 32 1
61 33 12
61 34 8
61 35 8
61 36 9
61 37 15
61 38 12
61 39 8
61 40 8
61 41 9
61 42 15
61 43 6
61 44 2
61 45 2
61 46 2
61 47 2
61 48 2
61 49 2
62 13 9
62 14 4
62 27 2
62 28 2
62 29 2
62 30 2
62 33 2
62 34 2
62 35 2
62 36 2
62 37 2
62 38 2
62 39 2
62 40 2
62 41 2
62 42 2
63 12 1
63 13 15
63 14 4
