0
0 41 1
0 42 12
0 43 8
0 44 8
0 45 9
0 46 15
0 47 15
0 48 15
0 49 15
0 50 15
0 51 15
0 52 15
0 53 15
0 54 15
0 55 15
0 56 15
0 57 15
0 58 15
0 59 15
0 60 15
0 61 15
0 62 15
0 63 15
1 42 2
1 43 3
1 44 15
1 45 15
1 46 15
1 47 15
1 48 15
1 49 15
1 50 15
1 51 15
1 52 15
1 53 15
1 54 15
1 55 15
1 56 15
1 57 15
1 58 15
1 59 15
1 60 15
1 61 15
1 62 15
1 63 15
2 44 10
2 45 10
2 46 10
2 47 10
2 48 10
2 49 10
2 50 11
2 51 15
2 52 15
2 53 15
2 54 15
2 55 15
2 56 15
2 57 15
2 58 15
2 59 15
2 60 15
2 61 15
2 62 15
2 63 15
3 42 8
3 43 9
3 44 15
3 45 15
3 46 15
3 47 15
3 48 15
3 49 15
3 50 15
3 51 15
3 52 15
3 53 15
3 54 15
3 55 15
3 56 15
3 57 15
3 58 15
3 59 15
3 60 15
3 61 15
3 62 15
3 63 15
4 41 1
4 42 14
4 43 2
4 44 3
4 45 15
4 46 15
4 47 15
4 48 15
4 49 15
4 50 15
4 51 15
4 52 15
4 53 15
4 54 15
4 55 15
4 56 15
4 57 15
4 58 15
4 59 15
4 60 15
4 61 15
4 62 15
4 63 15
5 41 1
5 42 15
5 43 12
5 45 3
5 46 15
5 47 15
5 48 15
5 49 15
5 50 15
5 51 15
5 52 15
5 53 15
5 54 15
5 55 15
5 56 15
5 57 15
5 58 15
5 59 15
5 60 15
5 61 15
5 62 15
5 63 15
6 42 3
6 43 15
6 44 4
6 46 3
6 47 15
6 48 15
6 49 15
6 50 15
6 51 15
6 52 15
6 53 15
6 54 15
6 55 15
6 56 15
6 57 15
6 58 15
6 59 15
6 60 15
6 61 15
6 62 15
6 63 15
7 43 2
7 47 3
7 48 15
7 49 15
7 50 15
7 51 15
7 52 15
7 53 15
7 54 15
7 55 15
7 56 15
7 57 15
7 58 15
7 59 15
7 60 15
7 61 15
7 62 15
7 63 15
8 44 1
8 45 4
8 47 9
8 48 15
8 49 15
8 50 15
8 51 15
8 52 15
8 53 15
8 54 15
8 55 15
8 56 15
8 57 15
8 58 15
8 59 15
8 60 15
8 61 15
8 62 15
8 63 15
9 46 9
9 47 15
9 48 15
9 49 15
9 50 15
9 51 15
9 52 15
9 53 15
9 54 15
9 55 15
9 56 15
9 57 15
9 58 15
9 59 15
9 60 15
9 61 15
9 62 15
9 63 15
10 44 1
10 45 5
10 46 15
10 47 15
10 48 15
10 49 15
10 50 15
10 51 15
10 52 15
10 53 15
10 54 15
10 55 15
10 56 15
10 57 15
10 58 15
10 59 15
10 60 15
10 61 15
10 62 15
10 63 15
11 44 1
11 45 4
11 46 3
11 47 15
11 48 15
11 49 15
11 50 15
11 51 15
11 52 15
11 53 15
11 54 15
11 55 15
11 56 15
11 57 15
11 58 15
11 59 15
11 60 15
11 61 15
11 62 15
11 63 15
12 47 2
12 48 3
12 49 15
12 50 15
12 51 15
12 52 15
12 53 15
12 54 15
12 55 15
12 56 15
12 57 15
12 58 15
12 59 15
12 60 15
12 61 15
12 62 15
12 63 15
13 49 11
13 50 15
13 51 15
13 52 15
13 53 15
13 54 15
13 55 15
13 56 15
13 57 15
13 58 15
13 59 15
13 60 15
13 61 15
13 62 15
13 63 15
14 48 9
14 49 15
14 50 15
14 51 15
14 52 15
14 53 15
14 54 15
14 55 15
14 56 15
14 57 15
14 58 15
14 59 15
14 60 15
14 61 15
14 62 15
14 63 15
15 47 1
15 48 15
15 49 15
15 50 15
15 51 15
15 52 15
15 53 15
15 54 15
15 55 15
15 56 15
15 57 15
15 58 15
15 59 15
15 60 15
15 61 15
15 62 15
15 63 15
16 46 9
16 47 4
16 48 3
16 49 15
16 50 15
16 51 15
16 52 15
16 53 15
16 54 15
16 55 15
16 56 15
16 57 15
16 58 15
16 59 15
16 60 15
16 61 15
16 62 15
16 63 15
17 45 1
17 46 15
17 47 4
17 48 1
17 49 15
17 50 15
17 51 15
17 52 6
17 53 2
17 54 3
17 55 15
17 56 15
17 57 15
17 58 15
17 59 15
17 60 15
17 61 6
17 62 3
17 63 15
18 46 10
18 48 8
18 49 10
18 50 10
18 51 10
18 54 1
18 55 15
18 56 15
18 57 15
18 58 15
18 59 15
18 60 6
18 63 2
19 45 1
19 46 15
19 47 13
19 48 15
19 49 6
19 50 3
19 51 15
19 52 4
19 54 1
19 55 15
19 56 15
19 57 15
19 58 6
19 59 2
20 46 2
20 47 2
20 48 2
20 51 3
20 52 4
20 54 1
20 55 15
20 56 15
20 57 15
20 58 4
21 51 1
21 52 4
21 54 1
21 55 15
21 56 15
21 57 6
22 51 1
22 52 4
22 54 1
22 55 15
22 56 15
22 57 4
23 51 9
23 52 4
23 54 9
23 55 15
23 56 6
24 50 9
24 51 15
24 52 4
24 53 9
24 54 15
24 55 15
24 56 4
25 49 9
25 50 15
25 51 6
25 52 1
25 53 15
25 54 15
25 55 15
25 56 4
26 48 1
26 49 15
26 50 6
26 52 9
26 53 15
26 54 15
26 55 6
26 57 8
27 48 1
27 49 6
27 51 1
27 52 15
27 53 15
27 54 6
27 56 9
27 57 15
27 58 4
28 48 1
28 49 4
28 51 1
28 52 15
28 53 6
28 55 1
28 56 15
28 57 6
29 52 2
29 56 2
30 48 8
31 47 9
31 48 6
31 50 8
31 51 8
31 54 9
31 55 4
32 46 9
32 47 15
32 48 4
32 49 9
32 50 15
32 51 15
32 52 4
32 53 1
32 54 15
32 55 4
33 45 1
33 46 15
33 47 6
33 48 1
33 49 15
33 50 15
33 51 6
33 53 1
33 54 6
34 46 2
34 48 9
34 49 15
34 50 15
34 51 4
34 53 9
34 54 4
35 44 1
35 45 4
35 47 9
35 48 15
35 49 15
35 50 6
35 52 9
35 53 15
35 54 4
36 44 1
36 45 4
36 46 9
36 47 15
36 48 15
36 49 15
36 50 4
36 51 1
36 52 15
36 53 6
37 44 1
37 45 5
37 46 15
37 47 15
37 48 15
37 49 6
37 52 2
38 44 1
38 45 5
38 46 15
38 47 15
38 48 15
38 49 4
39 45 1
39 46 15
39 47 15
39 48 15
39 49 12
40 44 1
40 45 4
40 46 3
40 47 15
40 48 15
40 49 15
40 50 4
40 62 8
40 63 8
41 44 1
41 45 12
41 47 3
41 48 15
41 49 15
41 50 12
41 61 9
41 62 15
41 63 15
42 44 1
42 45 15
42 46 12
42 48 3
42 49 15
42 50 15
42 51 4
42 60 1
42 61 15
42 62 15
42 63 15
43 18 8
43 19 8
43 45 3
43 46 15
43 47 12
43 48 1
43 49 15
43 50 15
43 51 12
43 60 9
43 61 15
43 62 15
43 63 6
44 17 1
44 18 15
44 19 15
44 20 4
44 46 3
44 47 15
44 48 4
44 49 3
44 50 15
44 51 15
44 52 4
44 59 1
44 60 15
44 61 15
44 62 6
45 17 1
45 18 15
45 19 15
45 20 4
45 47 3
45 48 4
45 49 1
45 50 15
45 51 15
45 52 4
45 59 9
45 60 15
45 61 15
45 62 4
46 18 2
46 19 2
46 49 9
46 50 15
46 51 15
46 52 4
46 57 8
46 58 9
46 59 15
46 60 15
46 61 15
46 62 4
47 48 1
47 49 15
47 50 15
47 51 6
47 55 8
47 56 9
47 57 15
47 58 15
47 59 15
47 60 15
47 61 6
48 48 9
48 49 15
48 50 15
48 51 4
48 54 1
48 55 15
48 56 15
48 57 15
48 58 15
48 59 6
48 60 2
49 47 1
49 48 15
49 49 15
49 50 6
49 54 9
49 55 15
49 56 15
49 57 6
49 58 2
50 47 1
50 48 15
50 49 15
50 50 4
50 53 1
50 54 15
50 55 15
50 56 6
51 47 1
51 48 15
51 49 15
51 50 12
51 53 9
51 54 15
51 55 15
51 56 4
52 47 9
52 48 15
52 49 15
52 50 15
52 51 12
52 52 9
52 53 15
52 54 15
52 55 6
53 45 8
53 46 9
53 47 15
53 48 15
53 49 15
53 50 15
53 51 15
53 52 15
53 53 15
53 54 15
53 55 4
54 44 9
54 45 15
54 46 15
54 47 15
54 48 6
54 49 3
54 50 15
54 51 15
54 52 15
54 53 15
54 54 6
55 43 1
55 44 15
55 45 15
55 46 15
55 47 6
55 50 2
55 51 2
55 52 2
55 53 2
56 43 9
56 44 15
56 45 15
56 46 6
57 42 1
57 43 15
57 44 15
57 45 6
58 42 1
58 43 15
58 44 15
58 45 12
59 43 3
59 44 15
59 45 15
59 46 12
59 47 8
60 43 1
60 44 15
60 45 15
60 46 15
60 47 15
60 48 12
61 44 3
61 45 15
61 46 15
61 47 15
61 48 15
61 49 4
62 45 2
62 46 3
62 47 15
62 48 15
62 49 12
63 46 1
63 47 15
63 48 15
63 49 15
63 50 4
