0
0 0 15
0 1 4
0 11 1
0 12 15
0 13 4
0 19 2
0 21 2
0 34 2
0 39 2
0 45 2
0 46 2
0 48 2
1 0 15
1 1 12
1 12 2
2 0 15
2 1 15
2 2 4
2 49 1
2 50 4
3 0 15
3 1 15
3 2 12
3 11 1
3 12 4
4 0 15
4 1 15
4 2 15
4 3 4
4 49 1
4 50 4
5 0 15
5 1 15
5 2 15
5 3 4
6 0 15
6 1 15
6 2 15
6 3 4
7 0 15
7 1 15
7 2 15
7 3 4
8 0 15
8 1 15
8 2 15
8 3 4
8 51 1
8 52 4
9 0 15
9 1 15
9 2 15
9 3 4
10 0 15
10 1 15
10 2 15
10 3 4
10 51 1
10 52 4
11 0 15
11 1 15
11 2 6
12 0 15
12 1 15
12 2 4
13 0 15
13 1 6
14 0 15
14 1 4
14 51 1
14 52 4
15 0 15
15 1 4
16 0 15
16 1 4
16 51 9
16 52 4
17 0 2
17 50 1
17 51 15
17 52 4
18 51 2
20 11 1
20 12 4
21 11 1
21 12 4
21 50 8
22 49 1
22 50 15
22 51 4
23 50 2
24 49 1
24 50 4
27 49 1
27 50 4
28 16 8
29 16 2
29 19 8
29 20 8
29 23 8
29 24 8
29 25 8
29 26 8
29 27 8
29 28 8
29 49 1
29 50 4
30 19 2
30 20 2
30 23 2
30 24 2
30 25 2
30 26 2
30 27 3
30 28 15
30 29 4
31 28 2
31 30 8
31 49 1
31 50 4
32 29 1
32 30 15
32 31 4
33 23 8
33 30 3
33 31 4
34 22 1
34 23 15
34 24 12
34 30 9
34 31 4
35 23 3
35 24 15
35 25 4
35 26 1
35 27 12
35 29 1
35 30 15
35 31 4
36 24 2
36 26 8
36 27 2
36 30 2
37 25 1
37 26 15
37 27 12
38 26 2
38 27 2
41 52 1
41 53 4
43 52 1
43 53 4
44 11 1
44 12 4
45 11 1
45 12 4
46 11 1
46 12 4
46 44 8
46 45 8
46 46 8
46 47 8
46 48 8
46 49 8
46 50 8
47 11 1
47 12 4
47 44 2
47 45 2
47 46 2
47 47 2
47 48 2
47 49 2
47 50 2
48 11 1
48 12 4
48 39 8
49 38 1
49 39 15
49 40 4
50 39 2
52 16 8
52 17 8
52 18 8
52 19 8
52 32 8
52 33 8
52 34 8
52 35 8
53 16 2
53 17 2
53 18 2
53 19 2
53 32 2
53 33 2
53 34 2
53 35 2
56 30 8
57 29 1
57 30 14
58 30 10
59 29 1
59 30 14
60 30 10
61 29 1
61 30 14
62 30 2
