676
1433
1434
1462
2080
2082
2108
2109
2110
2111
2134
2135
2136
2137
2165
2784
2809
2811
2812
2813
2814
2815
2837
2838
2839
2840
2841
2842
2867
3460
3461
3486
3487
3488
3489
3513
3514
3515
3516
3517
3540
3541
3542
3543
4162
4163
4188
4189
4190
4191
4192
4215
4216
4217
4218
4244
4245
4864
4865
4866
4891
4892
4893
4894
4895
4918
4919
4920
4921
4923
5567
5568
5569
5593
5594
5595
5596
5597
5598
5621
5622
5623
5624
5625
5626
5652
5680
6270
6271
6272
6297
6298
6299
6300
6324
6325
6326
6356
6357
6358
6382
6385
6386
6387
6410
6412
6413
6973
6974
6975
6976
7000
7001
7002
7003
7029
7030
7031
7057
7058
7059
7060
7061
7062
7063
7086
7087
7088
7089
7090
7114
7115
7677
7678
7679
7703
7704
7705
7706
7731
7734
7735
7736
7737
7738
7759
7760
7761
7762
7763
7764
7765
7789
7790
8380
8381
8406
8407
8408
8412
8434
8436
8437
8438
8439
8440
8463
8464
8465
8466
8467
8492
8493
9083
9084
9085
9110
9111
9112
9114
9138
9139
9140
9141
9167
9168
9786
9787
9788
9812
9813
9814
9815
9816
9841
9843
10489
10490
10491
10516
10517
10518
10519
10544
10545
10546
11192
11193
11194
11219
11220
11221
11223
11247
11249
11275
11276
11277
11896
11897
11923
11924
11949
11950
11979
11980
12599
12600
12626
12627
12652
12655
12656
12680
12681
12683
13302
13303
13328
13329
13330
13356
13359
13384
13385
14005
14006
14031
14032
14033
14059
14060
14088
14707
14708
14709
14733
14734
14735
14736
14737
14760
14761
14762
14763
14764
14790
14791
14793
15410
15411
15412
15436
15437
15438
15439
15440
15463
15465
15466
15467
15468
15469
15494
16112
16113
16140
16141
16142
16143
16168
16169
16170
16196
16816
16817
16843
16869
16873
17545
17546
