1405
1406
1408
1434
1435
1461
2080
2081
2082
2107
2108
2109
2110
2136
2137
2138
2163
2164
2783
2784
2785
2810
2811
2812
2813
2814
2837
2838
2839
2840
2841
3460
3485
3486
3487
3488
3489
3513
3514
3515
3516
3517
3518
3541
3542
3543
3544
3569
3570
3571
4162
4163
4164
4165
4189
4190
4191
4192
4193
4215
4216
4217
4218
4219
4220
4243
4244
4245
4246
4247
4248
4866
4867
4868
4892
4893
4894
4918
4919
4920
4921
4922
4923
4947
4948
4949
5568
5569
5570
5594
5595
5596
5597
5621
5622
5623
5624
5625
5626
5651
5653
5681
6271
6272
6297
6298
6299
6300
6325
6328
6329
6354
6355
6356
6357
6384
6385
6386
6387
6412
6413
6414
6975
6976
7000
7001
7002
7003
7004
7029
7030
7031
7032
7057
7058
7059
7060
7061
7062
7063
7085
7086
7087
7088
7089
7090
7116
7677
7678
7703
7704
7705
7706
7732
7733
7734
7735
7736
7737
7760
7761
7762
7763
7764
7765
7766
7788
7789
7790
7791
7792
8380
8381
8407
8408
8409
8435
8436
8437
8438
8439
8462
8463
8464
8465
8466
8491
8492
9084
9086
9109
9110
9111
9112
9113
9138
9139
9141
9166
9167
9168
9169
9787
9788
9813
9814
9815
9840
9842
9843
9844
9845
9871
10489
10490
10491
10516
10517
10518
10543
10546
10548
11193
11194
11219
11220
11221
11222
11223
11247
11248
11249
11250
11277
11896
11923
11924
11925
11949
11950
11951
11952
12600
12626
12627
12653
12654
12655
12656
12682
13329
13330
13331
13356
13357
13359
13385
14032
14033
14059
14060
14087
14088
14089
14735
14736
14762
14763
14764
14789
14790
14792
15438
15439
15465
15466
15467
15492
15493
16140
16141
16142
16168
16169
16170
16845
16846
16871
16872
16873
17548
17549
17574
17575
17601
