2784
3487
3512
4134
4160
4161
4162
4163
4186
4187
4189
4191
4213
4215
4217
4218
4241
4243
4245
4271
4317
4319
4321
4343
4836
4837
4838
4862
4863
4864
4865
4866
4888
4889
4890
4891
4892
4893
4894
4895
4914
4915
4917
4918
4919
4920
4921
4941
4943
4945
4946
4947
4948
4966
4967
4968
4970
4993
4994
4995
4996
4997
5019
5513
5514
5539
5540
5541
5543
5565
5566
5567
5568
5569
5590
5591
5593
5594
5595
5596
5597
5598
5616
5617
5618
5620
5621
5622
5624
5625
5643
5644
5647
5649
5652
5669
5670
5681
6215
6216
6217
6241
6242
6243
6244
6245
6267
6268
6269
6270
6271
6272
6292
6293
6294
6295
6296
6297
6298
6299
6319
6322
6323
6324
6325
6326
6328
6349
6355
6357
6384
6385
6386
6387
6406
6409
6411
6412
6413
6432
6917
6918
6919
6943
6944
6945
6946
6969
6970
6971
6972
6973
6974
6975
6995
6996
6997
6998
6999
7000
7022
7023
7025
7027
7028
7030
7031
7032
7033
7053
7056
7057
7059
7060
7061
7062
7063
7082
7083
7085
7086
7087
7088
7089
7090
7594
7620
7621
7646
7647
7672
7700
7705
7706
7707
7731
7733
7734
7735
7736
7737
7738
7759
7760
7761
7762
7763
7764
7765
7786
7789
7791
8382
8409
8410
8435
8436
8437
8438
8439
8440
8462
8463
8464
8465
9083
9084
9112
9113
9114
9139
9140
9816
10491
