2811
2837
3514
3667
3693
4187
4188
4189
4190
4215
4216
4217
4343
4344
4369
4890
4891
4892
4893
4916
4917
4918
4919
4942
4943
4944
4993
4994
4995
4996
4997
4998
4999
5018
5019
5020
5045
5565
5566
5591
5592
5617
5618
5619
5620
5622
5642
5643
5644
5645
5646
5647
5668
5669
5670
5671
5673
5675
5694
5695
5696
5721
6267
6292
6293
6294
6295
6296
6318
6319
6320
6321
6322
6323
6345
6346
6349
6350
6371
6372
6373
6374
6375
6385
6386
6387
6396
6397
6398
6405
6407
6410
6411
6412
6413
6995
6996
7021
7022
7047
7048
7049
7050
7053
7055
7056
7058
7059
7060
7061
7062
7063
7073
7074
7080
7081
7082
7085
7086
7087
7088
7089
7110
7111
7112
7114
7115
7696
7697
7723
7724
7730
7732
7733
7736
7758
7759
7760
7761
7762
7763
7764
7765
7789
7792
8410
8433
8434
8435
8436
8437
8461
8462
8464
8465
9113
9137
9139
9841
