2158
2184
2210
2834
2860
2861
2886
2938
3562
3564
3588
3589
3614
3615
4215
4238
4264
4265
4266
4290
4291
4316
4317
4318
4342
4343
4344
4369
4942
4966
4968
4969
4992
4994
4995
5018
5019
5020
5021
5045
5046
5047
5643
5650
5668
5669
5670
5671
5672
5674
5694
5695
5696
5697
5698
5701
5720
5721
5722
5723
6323
6347
6349
6350
6370
6371
6372
6373
6374
6375
6376
6377
6378
6386
6396
6397
6398
6399
6400
6404
6405
6411
6412
6413
7029
7047
7048
7049
7050
7051
7052
7053
7054
7055
7058
7060
7062
7063
7073
7074
7075
7076
7077
7078
7079
7080
7081
7082
7083
7084
7085
7086
7087
7088
7089
7090
7100
7102
7108
7109
7111
7113
7728
7752
7753
7754
7757
7758
7759
7760
7761
7762
7763
7764
7765
7784
7785
7786
7787
7788
7789
7792
8435
8457
8461
8463
