938
1508
1534
1561
1588
1612
1613
2210
2263
2288
2289
2290
2291
2314
2316
2317
2342
2343
2369
2834
2860
2938
2939
2964
2965
2966
2968
2990
2993
2994
2995
3017
3018
3019
3020
3021
3044
3045
3537
3562
3588
3614
3617
3619
3640
3641
3642
3643
3644
3667
3668
3669
3671
3672
3673
3693
3694
3695
3696
3697
3698
3720
3721
3722
4212
4238
4290
4291
4316
4317
4318
4319
4320
4321
4322
4323
4342
4343
4344
4345
4346
4347
4369
4370
4371
4372
4373
4376
4397
4398
4424
4940
4943
4966
4972
4992
4993
4994
4995
4996
4997
4998
4999
5000
5018
5019
5020
5021
5022
5023
5024
5025
5026
5045
5046
5047
5048
5049
5072
5074
5075
5099
5100
5101
5102
5619
5642
5646
5647
5668
5669
5671
5674
5695
5696
5697
5698
5699
5700
5720
5721
5722
5723
5725
5749
5750
5777
6319
6320
6322
6345
6346
6347
6348
6349
6350
6370
6371
6372
6373
6374
6375
6376
6377
6378
6379
6386
6387
6397
6398
6399
6400
6405
6406
6408
6409
6410
6411
6412
6413
6424
6425
6431
6434
7023
7025
7046
7047
7048
7049
7050
7051
7052
7053
7057
7062
7063
7073
7074
7075
7076
7080
7081
7082
7083
7084
7085
7086
7087
7088
7089
7090
7100
7101
7103
7109
7110
7111
7112
7113
7114
7115
7698
7723
7724
7725
7726
7748
7749
7750
7751
7752
7759
7761
7762
7763
7764
7765
7783
7784
7785
7786
7787
7790
8401
8425
8426
