182
884
1482
1508
1587
2132
2158
2184
2210
2211
2262
2290
2834
2860
2886
2887
2913
2938
2939
2940
2964
2966
2992
3019
3020
3536
3562
3563
3588
3590
3614
3615
3616
3640
3641
3642
3643
3668
3669
3670
3694
3695
3696
4212
4238
4239
4264
4265
4290
4291
4292
4297
4298
4316
4317
4318
4319
4320
4321
4322
4323
4324
4342
4343
4344
4345
4347
4370
4371
4372
4397
4399
4914
4940
4941
4966
4967
4969
4992
4993
4994
4995
4996
4997
4998
4999
5000
5003
5018
5019
5020
5021
5022
5023
5024
5025
5026
5028
5045
5046
5047
5048
5049
5618
5642
5643
5644
5645
5646
5647
5648
5649
5668
5669
5670
5671
5672
5673
5674
5675
5676
5694
5695
5696
5697
5698
5699
5700
5701
5702
5703
5705
5707
5721
5722
5723
5724
6345
6346
6347
6348
6349
6351
6370
6371
6372
6373
6374
6375
6376
6377
6378
6379
6380
6384
6385
6386
6387
6396
6397
6398
6399
6400
6402
6403
6404
6405
6406
6407
6408
6409
6410
6411
6412
6413
6425
6426
6431
6432
6433
6434
6435
6436
7023
7046
7047
7048
7049
7050
7051
7055
7056
7057
7061
7062
7063
7073
7074
7075
7076
7077
7080
7081
7082
7083
7084
7085
7086
7087
7088
7089
7090
7107
7108
7109
7110
7111
7112
7113
7114
7115
7116
7133
7136
7723
7724
7725
7726
7750
7751
7752
7753
7759
7760
7762
7763
7764
7765
7766
7778
7783
7784
7785
7786
7787
7788
7789
7790
7791
7792
7810
7812
7813
8428
8429
8430
8453
8454
8456
8491
