28
2236
2834
2835
2837
2839
2840
2841
2842
2860
2861
2912
2913
3510
3511
3512
3513
3514
3515
3516
3536
3537
3538
3539
3540
3541
3542
3544
3562
3563
3588
3614
3640
3641
4165
4186
4187
4188
4189
4190
4191
4192
4212
4213
4214
4215
4216
4217
4218
4219
4238
4239
4241
4242
4245
4264
4265
4266
4269
4290
4291
4292
4317
4318
4342
4343
4344
4369
4836
4862
4865
4867
4888
4890
4891
4892
4893
4914
4915
4916
4917
4918
4919
4920
4940
4941
4942
4943
4944
4945
4946
4966
4967
4968
4970
4972
4973
4992
4993
4994
4995
5019
5020
5021
5046
5047
5564
5565
5566
5567
5568
5590
5591
5592
5593
5594
5595
5596
5617
5618
5619
5620
5621
5622
5623
5624
5643
5644
5645
5646
5647
5648
5649
5651
5668
5669
5670
5671
5672
5673
5695
5696
5697
5698
5722
5723
6241
6266
6267
6268
6269
6270
6293
6294
6295
6296
6297
6298
6318
6319
6320
6321
6322
6323
6324
6325
6344
6345
6346
6347
6348
6349
6350
6351
6352
6371
6372
6373
6374
6376
6378
6379
6380
6384
6385
6386
6398
6399
6400
6410
6411
6412
6413
6942
6943
6944
6945
6968
6969
6970
6971
6972
6994
6995
6996
6997
6998
7020
7021
7022
7023
7024
7025
7026
7031
7046
7047
7048
7049
7050
7051
7054
7055
7056
7057
7058
7059
7060
7061
7062
7063
7073
7074
7075
7076
7082
7083
7085
7086
7087
7088
7089
7090
7101
7112
7114
7115
7645
7646
7671
7672
7673
7697
7698
7699
7700
7709
7723
7724
7725
7726
7727
7728
7731
7732
7734
7735
7736
7737
7749
7750
7751
7752
7753
7757
7758
7759
7760
7761
7762
7763
7764
7765
7766
7786
7787
7788
7789
7790
7791
7792
7812
8375
8401
8406
8408
8410
8411
8427
8430
8433
8434
8435
8436
8437
8438
8455
8460
8461
8462
8463
8464
8465
9087
9112
9113
9135
9140
15435
