702
1405
1407
1435
2108
2109
2110
2136
2137
2138
2139
2165
2784
2785
2809
2810
2811
2812
2813
2814
2815
2837
2838
2839
2840
2841
2842
2867
3461
3484
3485
3486
3487
3488
3489
3490
3512
3513
3514
3515
3516
3517
3540
3541
3542
3543
3544
3569
4135
4160
4161
4162
4163
4164
4187
4188
4189
4190
4191
4192
4216
4217
4218
4219
4220
4242
4243
4244
4245
4246
4247
4837
4838
4864
4866
4892
4893
4894
4918
4919
4920
4921
4922
4945
4948
4949
5541
5569
5595
5596
5597
5621
5622
5623
5624
5625
5651
5655
6272
6298
6299
6300
6325
6329
6330
6356
6357
6358
6382
6383
6384
6385
6386
6387
6412
6413
6974
6975
6976
7001
7002
7003
7028
7029
7032
7057
7058
7059
7060
7061
7062
7063
7086
7087
7088
7089
7090
7114
7116
7678
7679
7704
7705
7706
7732
7734
7735
7736
7737
7761
7762
7763
7764
7765
7788
7789
7790
7791
8381
8407
8408
8409
8434
8438
8439
8440
8464
8465
8466
8467
9083
9084
9085
9110
9111
9138
9140
9141
9142
9167
9168
9787
9813
9814
9815
9841
10489
10490
10491
10516
10517
10518
10544
10545
11193
11194
11220
11221
11247
11248
11896
11897
11923
11924
11925
11950
11951
12600
12626
12627
12628
12653
12654
13329
13330
13356
13357
13386
14003
14032
14033
14034
14059
14060
14061
14062
14708
14709
14733
14734
14735
14736
14737
14761
14762
14763
14764
14765
15409
15412
15437
15438
15439
15440
15465
15466
15467
16086
16112
16141
16142
16143
16168
16169
16170
16195
16196
16843
16845
16846
16871
16872
16873
17548
17574
