1405
1431
1434
2081
2108
2109
2110
2111
2135
2136
2139
2784
2785
2786
2810
2811
2812
2813
2814
2837
2838
2839
2840
3458
3459
3460
3484
3485
3486
3487
3488
3489
3512
3513
3514
3515
3516
3517
3540
3541
3542
3543
3544
3570
4160
4161
4162
4163
4164
4188
4189
4190
4191
4192
4193
4215
4216
4217
4218
4219
4220
4243
4244
4245
4246
4837
4838
4839
4862
4863
4864
4865
4866
4867
4891
4892
4893
4894
4918
4919
4920
4921
4922
4947
4948
4949
4950
5513
5514
5539
5540
5566
5567
5568
5595
5596
5597
5598
5599
5622
5623
5624
5625
5651
5652
5653
5706
6272
6298
6299
6300
6302
6325
6326
6327
6328
6329
6355
6356
6357
6382
6384
6385
6386
6387
6409
6410
6411
6412
6413
6436
6437
7002
7003
7028
7029
7031
7032
7033
7055
7057
7058
7059
7060
7061
7062
7063
7084
7085
7086
7087
7088
7089
7090
7111
7112
7113
7114
7115
7138
7139
7704
7705
7708
7732
7733
7734
7735
7736
7737
7738
7739
7760
7761
7762
7763
7764
7765
7787
7788
7789
7790
7791
7792
7815
8407
8408
8410
8411
8412
8434
8435
8436
8437
8438
8439
8440
8463
8464
8465
8466
8467
8491
8492
8543
8568
8569
8570
9083
9084
9110
9111
9112
9113
9138
9139
9140
9141
9165
9166
9167
9168
9169
9193
9243
9244
9245
9246
9269
9270
9271
9273
9786
9787
9788
9813
9814
9815
9841
9842
9843
9845
9868
9895
9896
9897
9898
9919
9920
9921
9922
9923
9924
9946
9947
9948
9949
9950
10489
10490
10491
10516
10517
10518
10545
10546
10569
10570
10596
10597
10600
10622
10623
10624
10625
10626
10627
10649
10650
11193
11194
11220
11221
11222
11246
11272
11273
11274
11275
11299
11300
11301
11302
11304
11326
11327
11328
11329
11895
11922
11923
11924
11925
11953
11975
11976
11979
12002
12003
12004
12007
12029
12030
12031
12600
12626
12627
12628
12652
12653
12657
12679
12680
12705
12706
12708
13303
13328
13329
13330
13331
13356
13358
13381
13382
13383
13386
13408
14032
14033
14059
14060
14063
14085
14086
14087
14088
14735
14736
14761
14762
14763
14764
14766
14788
14789
14790
14791
14792
15439
15464
15465
15466
15467
15468
15469
15492
15494
15495
15496
16141
16142
16168
16169
16170
16171
16195
16196
16197
16845
16846
16871
16872
16873
16898
16900
17548
17549
17574
