731
806
1482
1508
2158
2184
2210
2808
2814
2834
2860
2861
2886
2912
2938
3458
3510
3536
3562
3563
3588
3589
3614
3615
3640
3666
4160
4186
4187
4188
4212
4213
4216
4238
4264
4265
4266
4275
4290
4291
4292
4293
4316
4317
4318
4342
4343
4344
4369
4370
4862
4915
4940
4947
4966
4967
4968
4969
4971
4974
4975
4976
4977
4992
4993
4994
4995
4996
4999
5018
5019
5020
5021
5044
5045
5046
5047
5072
5566
5590
5616
5642
5643
5644
5645
5647
5648
5651
5668
5669
5670
5671
5672
5675
5694
5695
5696
5697
5698
5699
5721
5722
5723
5724
5747
5748
5749
6266
6292
6318
6319
6320
6322
6344
6345
6346
6347
6348
6349
6370
6371
6372
6373
6374
6375
6376
6377
6378
6384
6385
6386
6387
6397
6398
6399
6400
6402
6406
6407
6410
6411
6412
6413
6424
6425
6426
6450
6451
6994
6995
7020
7021
7022
7027
7028
7033
7046
7047
7048
7049
7050
7051
7052
7053
7054
7055
7056
7057
7058
7059
7060
7061
7062
7063
7072
7073
7074
7075
7076
7077
7078
7079
7080
7081
7083
7085
7086
7087
7088
7089
7090
7099
7100
7101
7102
7103
7107
7112
7114
7115
7125
7127
7128
7129
7152
7696
7698
7722
7723
7725
7726
7731
7732
7733
7734
7735
7736
7749
7750
7751
7752
7753
7757
7758
7759
7760
7761
7762
7763
7764
7765
7775
7776
7777
7778
7779
7780
7784
7785
7787
7788
7789
7791
7802
7803
7804
7805
7828
7830
7831
7832
8400
8435
8436
8437
8438
8439
8454
8456
8459
8460
8461
8462
8463
8464
8465
8466
8478
8479
8480
8481
8482
8486
8489
8505
8506
8507
8508
9110
9111
9130
9136
9138
9139
9155
9181
9183
9184
9185
9186
9207
9208
9210
9233
9237
9832
9841
9842
9857
9858
9859
9860
9866
9883
9884
9885
9886
9887
9909
9910
9911
9912
9913
10508
10534
10535
10536
10537
10560
10561
10562
10563
10564
10565
10566
10586
10587
10588
10589
10590
10611
10612
10614
11236
11237
11238
11239
11240
11261
11263
11264
11265
11266
11288
11289
11290
11291
11292
11293
11314
11315
11939
11943
11945
11950
11951
11965
11966
11967
11968
11969
11970
11990
11991
11992
11993
11994
12599
12616
12617
12618
12640
12642
12645
12648
12651
12652
12653
12654
12667
12668
12669
12670
12677
12681
12693
12694
12696
13295
13296
13298
13319
13320
13321
13322
13323
13324
13325
13326
13327
13328
13343
13344
13345
13346
13347
13348
13350
13351
13352
13353
13354
13355
13356
13369
13370
13371
13372
13373
13374
13375
13380
13381
13397
13974
13975
13997
13998
13999
14000
14001
14002
14003
14020
14021
14022
14023
14024
14025
14026
14027
14028
14029
14030
14031
14032
14033
14045
14046
14047
14048
14049
14050
14051
14052
14054
14055
14058
14059
14072
14073
14074
14075
14076
14077
14674
14675
14676
14677
14698
14699
14700
14701
14702
14703
14704
14706
14722
14723
14724
14725
14726
14727
14729
14730
14734
14735
14749
14750
14752
14753
14757
14776
15378
15379
15405
15406
15407
15427
15428
15431
15435
15456
16108
