754
1430
1482
2132
2158
2184
2834
2860
3511
3562
3588
3614
4212
4238
4264
4265
4266
4290
4291
4316
4317
4343
4344
4940
4966
4967
4968
4969
4992
4993
4994
5018
5019
5020
5021
5045
5046
5616
5618
5620
5642
5643
5644
5668
5669
5670
5671
5672
5673
5680
5694
5695
5696
5697
5721
5722
5723
5724
5746
5748
5749
6318
6319
6320
6344
6345
6346
6347
6348
6351
6353
6354
6356
6370
6371
6372
6373
6374
6375
6378
6379
6383
6384
6385
6386
6387
6396
6398
6399
6400
6406
6409
6411
6412
6413
6423
6424
6425
6449
6450
6451
6968
6995
7020
7021
7022
7023
7024
7029
7046
7047
7048
7049
7050
7052
7054
7055
7057
7058
7059
7060
7061
7062
7063
7072
7073
7074
7075
7076
7077
7079
7080
7081
7082
7083
7084
7085
7086
7087
7088
7089
7090
7100
7101
7102
7103
7104
7105
7107
7108
7109
7110
7111
7113
7114
7115
7116
7126
7127
7128
7129
7151
7152
7153
7697
7698
7722
7723
7725
7726
7727
7729
7730
7732
7733
7734
7735
7736
7737
7738
7750
7751
7752
7754
7756
7757
7758
7759
7760
7761
7762
7763
7764
7765
7766
7776
7777
7778
7779
7780
7781
7782
7783
7784
7785
7786
7787
7788
7789
7790
7791
7792
7802
7803
7804
7805
7806
7809
7811
7812
7828
7829
7830
8402
8424
8426
8427
8428
8431
8432
8433
8434
8435
8436
8437
8438
8452
8453
8454
8455
8456
8457
8459
8460
8461
8462
8463
8464
8465
8466
8479
8480
8481
8482
8483
8484
8485
8486
8487
8488
8489
8504
8505
8506
8507
8508
8509
8511
8513
8530
8531
8532
8533
8534
8538
9110
9131
9132
9133
9136
9137
9138
9139
9155
9156
9157
9159
9161
9162
9163
9164
9165
9166
9167
9181
9182
9183
9184
9185
9186
9187
9188
9189
9191
9207
9208
9209
9210
9211
9212
9213
9214
9215
9233
9234
9235
9814
9831
9832
9838
9839
9841
9857
9858
9859
9860
9861
9862
9864
9865
9867
9883
9884
9885
9886
9887
9888
9889
9890
9892
9908
9909
9910
9911
9912
9913
9914
9915
9916
9917
9937
9938
10515
10534
10537
10539
10560
10561
10562
10563
10564
10565
10567
10569
10570
10585
10586
10587
10588
10589
10590
10591
10592
10593
10594
10595
10596
10611
10612
10613
10614
10615
10616
10617
10620
11236
11237
11246
11262
11263
11264
11265
11266
11267
11268
11269
11270
11272
11288
11289
11290
11291
11292
11293
11294
11295
11296
11297
11298
11301
11314
11315
11316
11317
11318
11319
11320
11914
11923
11940
11941
11942
11943
11944
11945
11947
11949
11950
11965
11966
11967
11968
11969
11970
11971
11972
11973
11975
11976
11990
11991
11992
11993
11994
11995
11996
11997
11998
11999
12001
12017
12020
12021
12024
12615
12616
12617
12618
12621
12622
12624
12641
12642
12643
12644
12645
12646
12647
12648
12649
12650
12652
12667
12668
12669
12670
12671
12672
12673
12674
12675
12676
12677
12678
12679
12694
12695
12696
12697
12698
12699
12700
12702
12703
13292
13296
13297
13298
13299
13318
13320
13321
13322
13323
13324
13325
13326
13327
13328
13344
13345
13346
13347
13348
13349
13350
13351
13352
13353
13354
13356
13370
13371
13372
13373
13374
13375
13376
13377
13378
13379
13380
13381
13398
13399
13401
13402
13404
13994
13996
13997
13998
13999
14000
14001
14002
14021
14023
14024
14025
14026
14027
14028
14029
14047
14048
14049
14050
14051
14052
14053
14055
14056
14057
14074
14075
14076
14077
14078
14079
14080
14081
14083
14084
14103
14673
14675
14698
14699
14701
14702
14704
14725
14726
14728
14729
14730
14751
14753
14754
14755
14756
14758
14778
14781
14783
14784
14806
15430
15431
15455
15456
15457
15481
15484
16158
16811
