702
1352
1378
1482
1534
2080
2106
2184
2210
2236
2782
2808
2809
2834
2860
2886
2912
2938
3459
3460
3484
3485
3486
3487
3510
3511
3512
3536
3562
3588
3589
3614
3615
3640
3641
3667
4161
4162
4163
4186
4187
4188
4189
4212
4213
4214
4215
4238
4239
4240
4242
4264
4265
4266
4267
4290
4291
4292
4316
4317
4318
4342
4343
4344
4345
4369
4370
4838
4863
4864
4865
4866
4889
4890
4891
4892
4915
4916
4917
4918
4919
4940
4941
4942
4943
4944
4945
4966
4967
4968
4969
4970
4992
4993
4994
4995
5018
5019
5020
5021
5045
5046
5047
5540
5541
5566
5567
5568
5590
5591
5592
5593
5594
5595
5616
5617
5618
5619
5620
5621
5642
5643
5644
5645
5646
5647
5648
5668
5669
5670
5671
5672
5673
5694
5695
5696
5697
5698
5721
5722
5723
5724
6217
6243
6244
6245
6269
6270
6271
6272
6293
6294
6295
6296
6297
6298
6319
6320
6321
6322
6323
6324
6344
6345
6346
6347
6348
6349
6350
6351
6370
6371
6372
6373
6374
6375
6376
6377
6378
6386
6396
6397
6398
6399
6400
6413
6426
6946
6973
6974
6975
6997
6998
6999
7000
7001
7022
7023
7024
7025
7026
7027
7046
7047
7048
7049
7050
7051
7052
7053
7054
7060
7073
7074
7075
7076
7077
7078
7079
7080
7081
7082
7083
7084
7085
7086
7087
7088
7089
7090
7101
7102
7107
7111
7676
7678
7701
7702
7703
7704
7723
7724
7725
7726
7727
7728
7729
7749
7750
7751
7752
7753
7754
7755
7756
7757
7759
7760
7761
7762
7763
7764
7765
7777
7778
7779
7781
7783
7784
7785
7786
7787
7788
7789
7790
8400
8404
8405
8425
8426
8427
8428
8429
8431
8432
8436
8456
8460
8462
8464
8482
9133
9157
14080
14106
14758
14783
14784
14785
15462
15512
15513
16140
16191
