1456
1482
1508
2106
2132
2158
2184
2210
2236
2756
2782
2834
2860
2886
2912
2938
2939
3458
3459
3484
3485
3510
3511
3536
3537
3562
3563
3588
3614
3615
3616
3640
3641
3642
3666
3667
4135
4160
4161
4162
4186
4187
4188
4212
4213
4214
4238
4239
4240
4264
4265
4266
4290
4291
4292
4316
4317
4318
4319
4342
4343
4344
4345
4368
4369
4370
4836
4837
4838
4863
4864
4889
4890
4891
4914
4915
4916
4917
4940
4941
4942
4943
4966
4967
4968
4992
4993
4994
4995
5018
5019
5020
5021
5045
5046
5047
5048
5071
5072
5540
5541
5565
5566
5567
5590
5591
5592
5593
5594
5616
5617
5618
5619
5620
5642
5643
5644
5645
5646
5668
5669
5670
5671
5672
5694
5695
5696
5697
5698
5699
5721
5722
5723
5724
5725
5749
5750
5774
5775
6217
6243
6244
6267
6268
6269
6270
6293
6294
6295
6296
6319
6320
6321
6322
6345
6346
6347
6348
6370
6371
6372
6373
6374
6396
6397
6398
6399
6400
6401
6402
6424
6425
6426
6427
6450
6451
6452
6454
6477
6995
6996
6997
7021
7022
7023
7024
7026
7047
7048
7049
7050
7051
7073
7074
7075
7076
7100
7101
7102
7103
7104
7105
7127
7128
7129
7130
7131
7153
7154
7701
7703
7726
7727
7749
7750
7751
7752
7753
7776
7777
7778
7803
7804
7805
7806
7828
7829
7830
7832
7833
7855
8452
8453
8454
8480
8481
8506
8509
8510
8534
8558
9109
9183
9209
13481
13483
14159
14705
14835
15409
15435
15538
16815
