1404
1456
1482
1508
2106
2132
2158
2184
2210
2236
2834
2860
2886
2912
2938
2939
3486
3510
3536
3562
3563
3588
3589
3590
3614
3615
3641
4212
4217
4219
4220
4238
4239
4241
4242
4245
4246
4247
4264
4265
4266
4273
4274
4290
4291
4292
4317
4318
4342
4343
4344
4369
4370
4889
4890
4891
4892
4893
4894
4895
4915
4916
4919
4920
4921
4922
4940
4941
4942
4943
4944
4945
4946
4947
4948
4949
4950
4966
4967
4968
4969
4971
4973
4992
4993
4994
4995
4997
5019
5020
5021
5022
5045
5046
5047
5567
5568
5591
5592
5593
5594
5595
5596
5597
5616
5617
5618
5619
5620
5621
5622
5623
5624
5625
5626
5643
5644
5645
5646
5647
5648
5649
5650
5651
5652
5653
5669
5670
5671
5672
5673
5674
5676
5694
5695
5696
5697
5698
5700
5720
5721
5722
5723
5724
6270
6271
6272
6293
6294
6295
6296
6297
6298
6299
6300
6301
6319
6320
6321
6322
6323
6324
6325
6326
6327
6328
6329
6330
6345
6346
6347
6348
6349
6350
6351
6353
6355
6359
6370
6371
6372
6373
6374
6375
6376
6377
6378
6380
6383
6386
6387
6397
6398
6399
6400
6401
6404
6411
6412
6413
6423
6424
6425
6427
6970
6972
6973
6974
6996
6997
6998
6999
7000
7001
7002
7003
7022
7023
7024
7025
7026
7027
7028
7031
7032
7047
7048
7049
7050
7051
7052
7053
7054
7055
7057
7058
7059
7060
7061
7062
7063
7073
7074
7075
7076
7077
7078
7079
7081
7083
7084
7085
7086
7087
7088
7089
7090
7100
7101
7102
7103
7104
7106
7110
7114
7115
7672
7673
7674
7675
7676
7677
7698
7699
7700
7701
7702
7703
7704
7705
7707
7724
7725
7726
7727
7728
7729
7730
7732
7733
7734
7735
7736
7737
7738
7750
7751
7752
7753
7754
7755
7756
7757
7758
7760
7761
7762
7763
7764
7765
7766
7776
7777
7778
7779
7784
7785
7786
7787
7788
7789
7790
7791
7792
7804
8375
8376
8377
8378
8379
8400
8401
8402
8403
8404
8405
8406
8407
8409
8426
8427
8428
8429
8430
8431
8435
8436
8437
8438
8439
8452
8453
8454
8455
8456
8457
8462
8463
8464
8465
8468
8480
8481
8482
9078
9079
9080
9081
9082
9104
9105
9106
9107
9108
9109
9110
9112
9129
9130
9131
9132
9133
9139
9140
9141
9157
9158
9780
9783
9784
9785
9806
9807
9808
9809
9810
9811
9812
9833
9834
9835
9862
10487
10488
10514
10515
10538
11217
13351
13388
14003
14028
14029
14030
14706
14731
14732
14733
14758
14760
15408
15409
15410
15433
15434
15435
15436
15460
16111
16112
16113
16137
16138
16139
16815
17518
