780
1456
1482
1508
2132
2158
2159
2184
2210
2782
2808
2834
2835
2860
2861
2886
2887
2913
3484
3510
3511
3536
3537
3562
3563
3564
3588
3589
3590
3616
3642
3643
4160
4186
4212
4213
4214
4215
4238
4239
4240
4243
4264
4265
4266
4291
4292
4293
4295
4296
4317
4318
4319
4320
4321
4322
4344
4345
4346
4371
4862
4888
4889
4890
4891
4892
4914
4915
4916
4917
4940
4941
4942
4943
4944
4947
4967
4968
4969
4970
4971
4972
4993
4994
4995
4996
4997
5019
5020
5021
5022
5047
5048
5538
5565
5566
5567
5591
5592
5593
5594
5616
5617
5618
5619
5642
5643
5644
5645
5646
5647
5649
5650
5651
5669
5670
5671
5672
5673
5674
5675
5676
5695
5696
5697
5698
5699
5700
5702
5706
5723
5724
5750
5751
6241
6242
6267
6268
6269
6270
6293
6294
6295
6296
6318
6319
6320
6321
6322
6323
6325
6326
6345
6346
6347
6348
6349
6350
6351
6354
6372
6373
6374
6375
6376
6377
6378
6380
6381
6384
6385
6386
6387
6398
6399
6400
6401
6406
6410
6411
6412
6413
6425
6426
6427
6452
6453
6944
6945
6969
6970
6971
6973
6995
6996
6997
6998
6999
7021
7022
7023
7024
7025
7026
7048
7049
7050
7051
7052
7053
7056
7058
7059
7061
7062
7063
7075
7076
7077
7078
7081
7082
7083
7084
7085
7086
7087
7088
7089
7090
7101
7102
7111
7112
7113
7114
7115
7128
7155
7646
7647
7673
7698
7699
7700
7701
7702
7725
7726
7727
7728
7735
7737
7752
7754
7757
7758
7759
7760
7761
7762
7763
7764
7765
7766
7777
7778
7781
7784
7785
7786
7787
7788
7790
7804
7830
7831
7832
7833
8377
8402
8403
8429
8430
8433
8434
8437
8438
8453
8455
8457
8458
8459
8460
8464
8480
8482
8506
8507
8532
8533
8534
9108
9132
9134
9135
9136
9138
9139
9155
9159
9161
9162
9182
9188
9209
9210
9235
9236
9808
9814
9831
9832
9833
9834
9839
9840
9842
9858
9859
9886
9887
9888
9892
9911
9912
9913
9914
10507
10510
10534
10535
10536
10542
10564
10567
10588
10589
10590
10613
10614
11183
11210
11211
11236
11237
11238
11244
11263
11264
11290
11291
11316
11886
11912
11939
11940
11941
11944
11966
11967
11969
11976
11993
11994
12588
12589
12592
12615
12623
12624
12642
12643
12645
12646
12650
12651
12669
12670
12696
13266
13291
13292
13293
13318
13319
13320
13321
13324
13325
13326
13344
13346
13347
13348
13349
13350
13351
13355
13371
13372
13373
13382
13405
13969
13970
13971
13995
13996
13997
13998
13999
14000
14021
14022
14023
14024
14025
14026
14027
14028
14029
14049
14050
14054
14081
14646
14672
14673
14674
14675
14699
14700
14701
14702
14728
14730
14758
14782
14783
15432
15434
15460
16134
16136
16137
16161
16163
16186
16840
16866
