26
52
1534
1561
2106
2158
2184
2210
2237
2238
2263
2264
2756
2782
2808
2834
2835
2886
2913
2914
2939
2940
2941
2966
2967
2968
2993
2994
3458
3484
3485
3510
3511
3512
3537
3562
3563
3564
3588
3589
3590
3591
3615
3616
3617
3642
3643
3644
3669
3670
4160
4161
4162
4186
4187
4188
4212
4213
4214
4238
4239
4240
4241
4265
4266
4267
4291
4292
4293
4294
4295
4296
4297
4317
4318
4319
4320
4344
4345
4346
4347
4372
4863
4864
4865
4888
4889
4890
4891
4915
4916
4917
4941
4942
4943
4967
4968
4969
4970
4971
4972
4973
4993
4994
4995
4996
4997
4998
5020
5021
5022
5047
5048
5049
5565
5566
5567
5568
5591
5592
5593
5594
5618
5619
5620
5643
5644
5645
5646
5647
5648
5649
5669
5670
5671
5672
5673
5674
5675
5676
5695
5696
5697
5698
5699
5701
5703
5722
5723
5724
5725
5749
5750
5751
5776
6294
6295
6296
6320
6321
6322
6323
6346
6347
6348
6349
6350
6351
6352
6353
6372
6373
6374
6375
6376
6378
6379
6380
6383
6387
6398
6399
6400
6401
6407
6408
6411
6412
6424
6425
6426
6427
6452
6453
6973
6996
6998
6999
7000
7022
7023
7024
7025
7049
7050
7051
7052
7053
7055
7056
7057
7058
7061
7075
7076
7077
7078
7079
7080
7081
7082
7083
7084
7085
7086
7087
7088
7089
7090
7100
7101
7102
7103
7104
7105
7110
7111
7112
7113
7128
7130
7156
7701
7702
7754
7756
7758
7759
7760
7761
7762
7763
7764
7777
7778
7780
7781
7782
7783
7784
7785
7786
7787
7788
7789
7803
7804
7805
7806
7831
7833
8404
8465
8480
8481
8483
8484
8485
8486
8487
8488
8506
8507
8508
8510
9081
9082
9108
9109
9132
9159
9162
9183
9184
9185
9187
9188
9784
9785
9786
9811
9812
9860
9861
9862
9864
9885
9886
9888
9891
10488
10514
10542
10564
10567
10590
11266
11290
11943
11967
11974
12647
14079
14109
14133
14134
14783
14838
15383
15408
15436
15513
16137
16190
17544
