4951
4978
5623
5653
5654
5681
5682
5709
6299
6356
6357
6358
6383
6384
6385
6386
6387
6411
6412
6413
7029
7034
7059
7060
7061
7062
7063
7086
7087
7088
7089
7090
7113
7114
7115
7116
7735
7737
7762
7763
7764
7765
7766
7789
7790
7791
7792
8439
8465
8466
8467
8468
8492
8493
9168
9169
14089
14735
14792
14793
14819
15467
15468
15469
15494
15495
15496
15522
16168
16169
16170
16171
16172
16195
16196
16197
16198
16224
16844
16845
16846
16847
16871
16872
16873
16874
16897
16899
16900
16926
17547
17548
17549
17574
17575
17576
17602
