1408
1432
2136
2137
2784
2811
2812
2813
2814
2839
2840
2841
3459
3460
3486
3488
3513
3514
3515
3516
3517
3518
3541
3542
3543
3544
3545
4162
4163
4189
4190
4191
4192
4193
4216
4217
4218
4219
4220
4221
4245
4246
4248
4837
4838
4839
4864
4865
4866
4867
4891
4892
4893
4894
4895
4919
4920
4921
4922
4923
4949
4950
4979
4980
5006
5516
5540
5541
5542
5543
5567
5568
5569
5570
5594
5595
5596
5597
5623
5624
5625
5653
5655
5656
5657
5681
5682
5683
5709
6219
6244
6245
6246
6270
6271
6272
6273
6298
6299
6300
6326
6327
6328
6329
6330
6355
6356
6357
6358
6359
6382
6383
6384
6385
6386
6387
6411
6412
6413
6948
6949
6974
6975
6976
7001
7002
7003
7029
7030
7031
7032
7033
7034
7058
7059
7060
7061
7062
7063
7085
7086
7087
7088
7089
7090
7114
7115
7116
7651
7652
7677
7678
7679
7705
7706
7732
7733
7735
7736
7737
7738
7761
7762
7763
7764
7765
7787
7789
7790
7791
7792
7817
7818
8355
8381
8382
8408
8409
8435
8436
8437
8438
8439
8440
8464
8465
8466
8467
8468
8492
8493
8494
8495
9084
9111
9112
9113
9114
9138
9140
9141
9142
9167
9168
9169
9170
9788
9814
9815
9816
9842
9843
9844
9845
9870
9871
9872
9898
10517
10518
10519
10544
10545
10546
11221
11222
11223
11247
11248
11249
11897
11924
11950
11951
11952
11953
11980
12626
12627
12628
12653
12654
12656
12657
12684
12710
13330
13356
13357
13359
13385
13386
13387
13415
13416
14059
14060
14061
14062
14063
14087
14088
14089
14090
14115
14116
14117
14118
14736
14737
14762
14763
14764
14765
14790
14791
14792
14793
14819
15439
15440
15465
15466
15467
15468
15492
15493
15494
15495
15496
15521
15522
16141
16142
16143
16168
16169
16170
16171
16172
16195
16196
16197
16198
16845
16846
16871
16872
16873
16874
16898
16899
16900
16926
17547
17548
17549
17574
17575
17576
17601
17602
18251
18277
