2082
2108
2111
2135
2137
2167
2810
2811
2812
2813
2839
3487
3489
3490
3514
3515
3516
3517
3542
4162
4163
4164
4190
4191
4192
4216
4217
4218
4219
4220
4221
4246
4247
4248
4275
4276
4838
4839
4865
4866
4867
4868
4891
4892
4893
4894
4895
4919
4920
4921
4922
4923
4948
4949
4950
4951
4979
4980
5515
5541
5542
5543
5568
5569
5570
5594
5595
5596
5597
5598
5622
5623
5624
5625
5626
5651
5652
5653
5681
5682
5684
5709
6244
6245
6246
6271
6272
6273
6274
6297
6298
6299
6300
6301
6325
6326
6327
6328
6356
6357
6384
6385
6386
6387
6411
6412
6413
6949
6974
6975
6976
7001
7002
7003
7004
7029
7030
7032
7033
7057
7058
7059
7060
7061
7062
7063
7085
7086
7087
7088
7089
7090
7114
7115
7653
7677
7678
7679
7704
7705
7706
7707
7708
7733
7734
7735
7736
7737
7739
7761
7762
7763
7764
7765
7766
7789
7790
7791
7792
8380
8381
8382
8383
8407
8408
8409
8410
8411
8435
8436
8437
8438
8439
8440
8462
8464
8465
8466
8467
9083
9084
9085
9110
9111
9112
9113
9114
9138
9139
9140
9141
9165
9166
9787
9788
9813
9814
9815
9816
9841
9842
9843
9844
9845
9869
9872
10490
10491
10517
10518
10544
10545
10546
10547
11193
11194
11220
11221
11222
11247
11248
11274
11275
11276
11923
11924
11925
11950
11951
11952
11953
11979
12600
12626
12627
12628
12652
12653
12654
12655
12683
13303
13329
13330
13331
13356
13357
13358
13383
13385
14033
14034
14059
14060
14061
14087
14088
14118
14144
14736
14737
14762
14763
14788
14789
14791
14820
15437
15439
15440
15465
15466
15467
15493
15522
16142
16143
16168
16169
16170
16195
16196
16224
16844
16845
16846
16871
16872
16873
17547
17548
17574
17575
18251
18252
18277
