2783
2784
2785
3485
3486
3487
3488
3514
4160
4161
4162
4163
4164
4186
4187
4188
4190
4191
4212
4213
4216
4217
4862
4863
4864
4865
4866
4888
4889
4890
4891
4892
4893
4894
4914
4915
4916
4919
4920
4941
5565
5566
5567
5568
5569
5570
5591
5592
5593
5594
5595
5596
5597
5617
5618
5619
5620
5622
5623
6267
6268
6269
6270
6271
6272
6273
6293
6294
6295
6296
6297
6298
6299
6300
6320
6321
6322
6325
6326
6347
6946
6970
6971
6972
6973
6974
6975
6996
6997
6999
7001
7002
7003
7023
7024
7676
7678
7679
7703
7704
7705
7706
7731
8381
8382
8407
8408
8409
9084
9085
9110
9111
9787
9788
9814
9815
10517
11194
11220
