0
26
702
730
1404
2834
2860
2886
3484
3510
3536
3562
4134
4186
4187
4212
4213
4238
4264
4316
4317
4342
4343
4344
4345
4369
4862
4863
4888
4889
4890
4914
4915
4916
4917
4918
4919
4920
4940
4941
4942
4943
4944
4945
4968
4969
4993
4994
5018
5019
5020
5021
5044
5045
5046
5538
5565
5566
5590
5591
5592
5593
5616
5617
5618
5619
5620
5621
5622
5623
5643
5644
5646
5647
5648
5649
5668
5669
5670
5671
5672
5673
5675
5676
5695
5696
5697
5722
6267
6268
6269
6292
6293
6294
6295
6296
6297
6298
6319
6320
6321
6322
6323
6324
6325
6345
6346
6347
6348
6349
6350
6351
6352
6370
6371
6372
6373
6374
6375
6376
6377
6378
6380
6397
6398
6399
6425
6969
6970
6971
6995
6996
6997
6998
6999
7000
7021
7022
7023
7024
7025
7026
7027
7028
7030
7046
7047
7048
7049
7050
7051
7052
7053
7054
7055
7056
7057
7058
7059
7073
7074
7075
7082
7083
7084
7085
7086
7645
7647
7672
7673
7674
7696
7697
7698
7699
7700
7701
7702
7723
7724
7725
7726
7727
7732
7733
7734
7735
7749
7750
7751
7752
7757
7758
7759
7760
7761
7762
7785
7786
7787
7788
8348
8374
8399
8400
8401
8403
8408
8426
8427
8433
8434
8435
8436
8437
8438
8460
8461
8462
8463
8464
9106
