1430
1456
1482
2106
2132
2158
2184
2210
2784
2808
2834
2837
2860
2861
2886
3484
3486
3510
3511
3536
3537
3538
3541
3562
3563
3565
3588
3589
3614
3615
3641
3642
3666
3667
4186
4187
4188
4189
4190
4212
4213
4215
4217
4238
4239
4240
4241
4242
4243
4244
4264
4265
4266
4267
4268
4269
4270
4271
4290
4291
4292
4293
4294
4316
4317
4318
4342
4343
4344
4369
4863
4888
4889
4890
4891
4892
4893
4914
4915
4916
4917
4918
4919
4921
4940
4941
4942
4943
4944
4945
4946
4947
4948
4966
4967
4968
4969
4970
4971
4972
4973
4992
4993
4994
4995
4996
5018
5019
5020
5021
5022
5044
5045
5046
5564
5565
5567
5591
5592
5593
5594
5595
5596
5616
5617
5618
5619
5620
5621
5622
5623
5642
5643
5644
5645
5646
5647
5648
5649
5668
5669
5670
5671
5672
5673
5676
5678
5694
5695
5696
5697
5698
5699
5721
5722
5724
6217
6241
6266
6267
6271
6272
6293
6294
6295
6296
6297
6298
6299
6300
6318
6319
6320
6321
6322
6323
6324
6325
6326
6344
6345
6346
6347
6348
6349
6350
6351
6352
6355
6356
6370
6371
6372
6373
6374
6375
6376
6377
6378
6379
6382
6385
6386
6387
6396
6397
6398
6399
6411
6412
6413
6426
6893
6920
6942
6945
6946
6969
6971
6972
6973
6995
6996
6997
6998
6999
7000
7001
7002
7020
7021
7022
7023
7024
7025
7026
7027
7028
7029
7031
7046
7047
7048
7049
7050
7051
7052
7053
7054
7055
7056
7057
7058
7059
7060
7061
7062
7063
7072
7073
7074
7075
7076
7077
7081
7082
7083
7084
7085
7086
7087
7088
7089
7090
7101
7110
7111
7114
7569
7596
7620
7621
7622
7623
7645
7648
7649
7673
7674
7676
7677
7696
7697
7698
7699
7700
7701
7702
7703
7704
7705
7722
7723
7724
7725
7726
7727
7728
7729
7730
7731
7732
7733
7734
7735
7749
7750
7751
7752
7753
7757
7758
7759
7760
7761
7762
7763
7764
7765
7779
7784
7785
7786
7787
7788
7789
7790
8246
8298
8299
8300
8327
8348
8350
8351
8352
8353
8377
8378
8379
8380
8399
8400
8401
8402
8403
8405
8406
8409
8412
8425
8426
8427
8428
8429
8430
8431
8435
8436
8437
8438
8454
8455
8457
8462
8464
8975
8998
9002
9029
9055
9076
9103
9104
9106
9130
9131
9134
9732
9780
9807
9835
10432
11108
11133
11134
11188
11837
12513
12514
12542
12567
12673
12702
13349
13351
13354
13376
13377
13404
14027
14054
14055
14056
14057
14060
14079
14080
14082
14083
14105
14106
14705
14707
14730
14732
14733
14734
14736
14756
14757
14758
14759
14760
14780
14781
14783
14784
14786
14807
14808
15381
15382
15407
15408
15410
15432
15433
15434
15435
15436
15437
15457
15459
15460
15461
15482
15486
15487
15488
15511
15512
16032
16060
16084
16086
16135
16137
16160
16164
16166
16188
16214
16736
16787
16788
16811
16841
16890
