0
676
702
1378
1404
1482
2132
2158
2184
2782
2783
2784
2808
2809
2834
2835
2860
2886
3458
3484
3485
3486
3510
3511
3512
3536
3537
3540
3562
3563
3564
3588
3614
3615
4160
4161
4162
4163
4186
4187
4188
4189
4190
4212
4213
4214
4215
4216
4218
4238
4239
4240
4241
4242
4243
4264
4265
4266
4290
4291
4292
4317
4863
4864
4865
4888
4889
4890
4891
4892
4893
4895
4896
4914
4915
4916
4917
4918
4919
4920
4923
4940
4941
4942
4943
4944
4945
4947
4966
4967
4968
4969
4992
4993
4994
5018
5019
5020
5566
5567
5569
5591
5592
5593
5594
5595
5596
5597
5599
5616
5617
5618
5619
5620
5621
5622
5623
5624
5625
5642
5643
5644
5645
5646
5647
5648
5649
5668
5669
5670
5671
5672
5673
5674
5694
5695
5696
5697
5721
5722
6267
6269
6270
6271
6272
6293
6294
6295
6296
6297
6298
6299
6300
6301
6318
6319
6320
6321
6322
6323
6324
6325
6326
6327
6344
6345
6346
6347
6348
6349
6350
6351
6352
6370
6371
6372
6373
6374
6375
6376
6386
6397
6398
6399
6412
6413
6970
6972
6973
6974
6975
6976
6994
6995
6996
6997
6998
6999
7000
7001
7002
7003
7020
7021
7022
7023
7024
7025
7026
7027
7028
7029
7030
7046
7047
7048
7049
7050
7051
7052
7053
7054
7055
7056
7057
7058
7061
7062
7063
7073
7074
7075
7076
7077
7078
7079
7084
7085
7086
7087
7088
7089
7090
7102
7115
7649
7673
7674
7675
7676
7677
7678
7679
7697
7698
7699
7700
7701
7702
7703
7704
7705
7706
7707
7723
7724
7725
7726
7727
7728
7729
7730
7731
7732
7749
7750
7751
7752
7753
7756
7757
7758
7759
7760
7761
7762
7763
7764
7765
7778
7779
7786
7787
7788
7789
7790
8380
8381
8401
8402
8403
8404
8405
8406
8407
8408
8409
8425
8426
8427
8428
8429
8430
8432
8433
8434
8435
8454
8460
8461
8462
8464
8465
9081
9085
9086
9104
9105
9110
9111
9138
9788
9813
10541
11217
11218
11220
11244
11245
11247
11920
11921
11922
11973
11999
12598
12624
12625
12626
12648
12649
12650
12651
12673
12674
12675
12701
13301
13302
13327
13328
13350
13351
13352
13353
13380
13404
14004
14028
14029
14030
14031
14052
14053
14054
14055
14056
14058
14080
14081
14082
14083
14106
14731
14732
14733
14734
14735
14756
14757
14758
14759
14760
14761
14782
14783
14784
14785
15409
15410
15412
15431
15432
15433
15434
15435
15436
15437
15438
15460
15461
15462
15463
15488
16110
16111
16112
16135
16137
16138
16140
16161
16163
16164
16191
16813
16815
16839
16840
16842
16843
16866
