0
2
29
30
1352
1378
2054
2110
2137
2812
2841
2842
3484
3486
3510
3536
3562
4134
4160
4186
4188
4190
4191
4192
4212
4215
4218
4219
4220
4238
4246
4264
4836
4862
4863
4888
4891
4892
4914
4915
4916
4919
4922
4924
4940
4943
4949
4966
4967
5538
5564
5565
5566
5590
5591
5592
5593
5594
5595
5596
5597
5616
5618
5619
5620
5622
5642
5643
5644
5647
5650
5668
5669
5670
6240
6241
6242
6243
6266
6267
6268
6269
6271
6292
6293
6294
6295
6296
6297
6298
6299
6302
6318
6319
6320
6321
6322
6323
6324
6325
6345
6346
6347
6350
6351
6354
6372
6373
6382
6383
6384
6385
6386
6387
6411
6412
6413
6942
6943
6944
6946
6968
6969
6970
6971
6972
6973
6974
6975
6994
6995
6996
6997
6998
6999
7000
7001
7004
7021
7022
7023
7024
7025
7026
7027
7028
7029
7030
7031
7032
7046
7047
7048
7049
7050
7054
7055
7056
7057
7058
7059
7060
7061
7062
7063
7073
7074
7075
7076
7080
7081
7083
7084
7085
7086
7087
7088
7089
7112
7113
7114
7115
7621
7623
7644
7645
7646
7648
7649
7670
7671
7672
7673
7674
7675
7676
7677
7696
7697
7698
7699
7700
7701
7702
7703
7704
7706
7722
7724
7725
7726
7727
7728
7729
7730
7731
7732
7733
7734
7735
7736
7737
7738
7750
7751
7752
7753
7757
7758
7759
7760
7761
7762
7763
7764
7765
7766
7777
7778
7779
7784
7785
7786
7787
7788
7789
7790
7791
8323
8324
8325
8326
8346
8347
8348
8349
8350
8351
8352
8372
8373
8374
8375
8376
8377
8378
8379
8399
8400
8401
8402
8403
8404
8405
8407
8408
8426
8427
8428
8429
8432
8433
8434
8435
8436
8437
8438
8439
8452
8453
8454
8455
8456
8457
8460
8461
8462
8463
8464
8465
8466
8479
8480
8481
8482
9023
9025
9026
9027
9028
9029
9048
9049
9050
9051
9052
9053
9054
9075
9076
9077
9078
9079
9080
9102
9103
9104
9105
9109
9110
9112
9113
9128
9129
9130
9131
9132
9134
9135
9137
9138
9139
9140
9155
9156
9157
9161
9163
9166
9167
9182
9183
9701
9727
9752
9753
9754
9755
9778
9779
9780
9781
9783
9805
9806
9807
9808
9809
9812
9814
9815
9832
9833
9834
9835
9838
9840
9841
9843
9857
9858
9859
9861
9884
9885
9891
10428
10429
10430
10454
10455
10456
10480
10481
10482
10483
10484
10507
10508
10509
10510
10511
10512
10514
10515
10517
10533
10534
10535
10536
10537
10543
10560
10561
10569
10570
10571
10587
10588
10593
10595
11131
11132
11156
11157
11158
11159
11160
11182
11183
11184
11185
11186
11187
11188
11191
11210
11211
11212
11213
11214
11217
11218
11219
11221
11236
11237
11238
11239
11240
11244
11246
11247
11248
11263
11264
11271
11272
11274
11275
11290
11291
11294
11298
11833
11834
11836
11859
11860
11861
11862
11863
11885
11886
11887
11888
11889
11890
11891
11892
11912
11913
11914
11915
11916
11917
11919
11920
11921
11922
11923
11939
11940
11941
11948
11949
11951
11952
11965
11966
11967
11972
11973
11974
11975
11976
11992
11997
11998
12000
12536
12537
12538
12561
12562
12563
12564
12565
12568
12588
12589
12590
12591
12592
12593
12594
12595
12597
12615
12616
12617
12618
12620
12621
12622
12624
12625
12626
12640
12642
12643
12644
12645
12649
12650
12651
12652
12653
12654
12668
12669
12670
12672
12673
12674
12675
12677
12678
12679
12680
12696
13238
13240
13241
13264
13265
13266
13267
13268
13269
13270
13290
13291
13292
13293
13294
13295
13296
13297
13298
13299
13316
13317
13318
13319
13320
13321
13322
13323
13324
13325
13326
13327
13328
13329
13330
13343
13344
13345
13346
13347
13348
13349
13350
13351
13352
13353
13354
13355
13356
13357
13371
13373
13374
13375
13376
13377
13379
13381
13383
13405
13940
13941
13942
13943
13944
13967
13968
13969
13970
13971
13972
13973
13974
13975
13994
13995
13996
13997
13998
13999
14000
14001
14002
14003
14006
14020
14021
14022
14023
14024
14025
14026
14027
14028
14029
14030
14031
14032
14047
14048
14049
14050
14051
14053
14054
14055
14056
14057
14058
14059
14075
14643
14644
14645
14646
14648
14670
14671
14672
14673
14674
14675
14676
14696
14697
14698
14699
14700
14701
14702
14703
14704
14705
14722
14723
14725
14729
14730
14731
14732
14733
14735
14752
14753
14756
14761
15348
15374
15375
15376
15377
15378
15380
15401
15405
15406
15407
15408
15409
15433
15435
16077
16078
16079
16080
16082
16107
16109
16135
17517
