2
3
2814
2834
2841
3487
3488
3489
3490
3515
3516
3536
3588
3614
4163
4164
4165
4187
4188
4189
4190
4191
4192
4212
4215
4238
4245
4264
4290
4317
4318
4838
4862
4863
4864
4865
4866
4867
4888
4889
4890
4894
4915
4917
4920
4940
4941
4966
4967
4992
4993
4994
5019
5020
5021
5538
5539
5565
5566
5567
5568
5569
5590
5593
5595
5616
5621
5623
5642
5644
5668
5669
5670
5671
5694
5695
5696
5697
5721
5722
5723
5747
5748
6241
6242
6269
6270
6292
6294
6295
6296
6297
6298
6319
6320
6321
6322
6344
6345
6346
6347
6349
6370
6371
6372
6373
6374
6384
6385
6386
6387
6396
6397
6398
6399
6400
6412
6413
6424
6425
6450
6943
6944
6970
6971
6972
6973
6996
6997
6998
6999
7000
7022
7023
7024
7025
7028
7046
7047
7048
7049
7050
7052
7057
7060
7061
7062
7063
7073
7074
7075
7076
7081
7083
7084
7085
7086
7087
7088
7089
7090
7100
7101
7102
7106
7108
7109
7110
7115
7116
7125
7126
7127
7128
7152
7619
7673
7675
7698
7699
7700
7701
7703
7725
7726
7727
7728
7732
7733
7734
7735
7736
7737
7748
7750
7751
7752
7756
7758
7759
7760
7761
7762
7763
7764
7765
7776
7777
7778
7779
7781
7782
7783
7784
7785
7786
7787
7788
7789
7790
7791
7792
7802
7803
7804
7808
7828
7829
7830
8322
8348
8349
8350
8372
8375
8378
8400
8402
8403
8410
8411
8412
8426
8427
8428
8429
8430
8435
8436
8437
8438
8439
8441
8453
8455
8456
8459
8461
8462
8464
8478
8479
8480
8481
8483
8485
8505
8506
8508
8512
8513
8532
9024
9079
9080
9081
9084
9085
9103
9108
9111
9112
9113
9114
9128
9130
9137
9139
9154
9156
9157
9167
9180
9181
9182
9183
9184
9189
9207
9208
9209
9211
9213
9234
9727
9728
9753
9754
9782
9786
9804
9805
9812
9813
9814
9831
9832
9838
9841
9858
9859
9864
9866
9883
9884
9885
9886
9888
9889
9890
9910
9911
9913
9914
10429
10430
10455
10456
10457
10481
10507
10518
10533
10560
10561
10564
10565
10585
10586
10587
10588
10589
10590
10591
10592
10613
11132
11133
11158
11159
11183
11184
11189
11209
11210
11211
11215
11235
11236
11238
11241
11247
11262
11263
11264
11265
11266
11267
11287
11288
11289
11290
11291
11292
11293
11297
11835
11860
11862
11887
11888
11912
11913
11914
11915
11918
11920
11921
11923
11937
11938
11939
11940
11941
11944
11945
11947
11948
11965
11966
11967
11968
11973
11976
11992
11993
11994
11996
11997
11998
12537
12564
12589
12590
12614
12615
12616
12617
12619
12620
12621
12622
12624
12627
12641
12642
12643
12645
12652
12667
12668
12669
12670
12671
12695
12696
12701
12721
13292
13293
13295
13296
13317
13318
13319
13320
13321
13322
13323
13324
13325
13326
13327
13343
13344
13345
13346
13347
13350
13351
13353
13371
13372
13373
13374
13969
13995
13996
13997
13998
14021
14022
14023
14024
14025
14026
14028
14047
14048
14049
14056
14074
14075
14079
14100
14698
14699
14724
14725
14734
16082
16108
