676
703
2785
4162
4188
4191
4216
4244
4245
4246
4836
4889
4890
4891
4892
4918
4919
4920
4921
4922
4946
4947
4948
4949
5565
5592
5593
5594
5595
5596
5597
5598
5620
5621
5622
5623
5624
5625
5626
5648
5650
5651
5652
6241
6267
6268
6269
6270
6272
6293
6294
6295
6296
6297
6298
6299
6300
6301
6324
6325
6326
6328
6329
6353
6357
6384
6385
6386
6412
6413
6943
6944
6945
6946
6969
6970
6971
6972
6973
6974
6975
6976
6997
6998
6999
7000
7001
7002
7003
7004
7026
7028
7029
7030
7032
7056
7057
7058
7059
7060
7061
7062
7063
7086
7087
7088
7089
7090
7114
7115
7646
7647
7648
7649
7672
7673
7675
7676
7677
7678
7702
7704
7730
7732
7733
7734
7735
7736
7737
7760
7761
7762
7763
7764
7765
7766
7787
7789
7790
7791
8405
8406
8407
8408
8409
8410
8411
8432
8433
8434
8435
8436
8437
8438
8439
8461
8462
8463
8464
8465
8466
8492
8493
9081
9082
9083
9106
9107
9108
9109
9110
9111
9112
9136
9137
9138
9165
9168
9169
9786
9841
9842
9868
9871
14087
15436
15437
16109
16112
16141
16166
16167
16168
16170
16814
16844
18218
