2783
2860
2886
3432
3536
3562
3588
3614
4160
4212
4238
4264
4265
4290
4836
4862
4863
4888
4914
4940
4941
4967
4968
4993
4994
4995
5019
5020
5512
5538
5539
5564
5590
5593
5596
5616
5642
5643
5645
5668
5669
5670
5671
5695
5696
5697
5722
5723
6214
6215
6240
6241
6242
6266
6292
6293
6318
6319
6320
6344
6345
6346
6371
6372
6373
6374
6385
6386
6397
6398
6399
6400
6411
6412
6413
6916
6917
6942
6943
6968
6969
6970
6994
6995
6996
6997
7021
7022
7023
7046
7047
7048
7049
7050
7058
7059
7060
7061
7062
7063
7073
7074
7075
7076
7086
7087
7088
7089
7101
7103
7115
7644
7645
7646
7670
7671
7672
7696
7697
7698
7699
7701
7723
7724
7725
7726
7732
7733
7734
7735
7736
7737
7749
7750
7751
7752
7759
7760
7761
7762
7763
7764
7765
7776
7777
7788
7790
7791
7792
7804
8346
8347
8348
8372
8373
8374
8375
8399
8400
8401
8402
8408
8425
8426
8427
8428
8435
8436
8437
8438
8452
8453
8454
8462
8463
8465
8479
8480
8481
8482
9024
9048
9049
9050
9051
9074
9075
9076
9077
9078
9101
9102
9103
9104
9105
9111
9128
9129
9130
9131
9132
9137
9138
9139
9140
9154
9155
9156
9157
9165
9182
9183
9184
9751
9752
9753
9754
9777
9778
9779
9780
9781
9804
9805
9806
9807
9814
9831
9832
9833
9834
9840
9841
9857
9858
9859
9861
9866
9869
10429
10454
10455
10456
10480
10481
10482
10483
10484
10507
10508
10509
10510
10511
10533
10534
10535
10536
10542
10543
10544
10561
10562
10563
10564
10566
10567
11156
11157
11158
11159
11160
11182
11183
11184
11185
11186
11209
11210
11211
11212
11213
11236
11237
11238
11239
11240
11242
11245
11264
11265
11266
11859
11860
11861
11862
11885
11886
11887
11888
11889
11890
11912
11913
11914
11915
11916
11917
11921
11922
11939
11940
11941
11942
11944
11946
11949
11967
12538
12561
12562
12563
12564
12565
12566
12587
12588
12589
12590
12591
12592
12593
12615
12616
12617
12618
12619
12620
12621
12622
12643
12644
12645
12646
12647
12651
12652
12653
13240
13264
13265
13266
13267
13268
13269
13291
13292
13293
13294
13295
13296
13297
13300
13318
13319
13320
13321
13322
13323
13324
13325
13326
13327
13328
13329
13346
13347
13349
13350
13351
13352
13353
13354
13355
13356
13357
13382
13943
13944
13967
13968
13969
13970
13971
13972
13973
13974
13994
13995
13996
13997
13998
13999
14000
14001
14002
14003
14004
14021
14022
14023
14024
14025
14026
14027
14028
14029
14030
14031
14032
14051
14052
14055
14058
14645
14646
14647
14648
14671
14672
14673
14674
14675
14676
14677
14678
14699
14700
14701
14702
14703
14704
14705
14725
14726
14727
14728
14729
14730
14731
14733
14735
14762
15351
15376
15377
15378
15379
15402
15403
15404
15405
15431
15432
15433
16080
16107
16782
16785
17486
17487
17513
18216
