2210
2236
2808
2834
2860
2886
2912
2938
3536
3538
3562
3588
3614
3640
3641
3666
3667
4160
4186
4212
4213
4214
4238
4239
4242
4264
4290
4291
4316
4317
4318
4343
4344
4369
4370
4862
4888
4889
4914
4915
4916
4917
4940
4941
4942
4966
4967
4968
4992
4993
4994
5019
5020
5021
5045
5046
5047
5564
5565
5590
5591
5592
5593
5616
5617
5618
5619
5643
5644
5646
5668
5669
5670
5671
5694
5695
5696
5697
5721
5722
5723
6266
6267
6268
6269
6292
6293
6294
6295
6296
6318
6319
6320
6321
6322
6323
6344
6345
6346
6347
6348
6349
6350
6370
6371
6372
6373
6382
6383
6384
6385
6386
6387
6397
6398
6399
6400
6411
6412
6413
6425
6970
6971
6994
6995
6996
6997
6998
6999
7020
7021
7022
7023
7024
7025
7030
7031
7047
7048
7049
7050
7051
7055
7057
7058
7059
7060
7061
7062
7063
7073
7074
7075
7076
7085
7086
7087
7088
7089
7090
7100
7101
7102
7103
7114
7115
7127
7128
7647
7673
7696
7697
7698
7699
7700
7701
7705
7723
7724
7725
7726
7727
7728
7729
7730
7731
7732
7733
7734
7735
7736
7737
7738
7748
7749
7750
7751
7752
7753
7754
7756
7758
7759
7760
7761
7762
7763
7764
7765
7766
7776
7777
7778
7779
7785
7786
7787
7788
7789
7790
7791
7792
7802
7803
7804
8375
8376
8400
8401
8402
8403
8407
8426
8427
8428
8429
8430
8433
8434
8435
8436
8437
8438
8439
8440
8452
8453
8454
8455
8458
8459
8460
8461
8462
8463
8464
8465
8466
8467
8479
8480
8481
8505
8506
8507
9103
9104
9106
9107
9111
9112
9129
9130
9133
9136
9137
9138
9155
9156
9157
9163
9164
9165
9181
9182
9183
9184
9208
9209
9210
9805
9806
9807
9809
9831
9832
9833
9837
9838
9839
9840
9841
9857
9858
9859
9860
9883
9884
9885
9910
9911
10484
10508
10509
10510
10511
10512
10534
10535
10543
10560
10561
10562
10563
10568
10569
10586
10587
10588
10589
10615
11211
11212
11236
11237
11238
11244
11262
11263
11264
11265
11272
11288
11289
11290
11291
11299
11301
11912
11913
11914
11915
11917
11923
11939
11940
11941
11945
11946
11947
11948
11965
11966
11967
11968
11973
11974
11975
11976
11977
11991
11992
11994
12005
12616
12618
12619
12622
12624
12625
12641
12642
12643
12644
12645
12646
12647
12648
12649
12650
12651
12652
12654
12667
12668
12669
12670
12671
12672
12673
12675
12676
12677
12678
12681
12698
13318
13319
13320
13321
13322
13323
13324
13325
13326
13327
13344
13345
13346
13347
13348
13349
13350
13351
13352
13353
13354
13355
13356
13357
13370
13371
13372
13376
13377
13378
13380
13995
13996
13997
13998
13999
14000
14001
14002
14003
14021
14022
14023
14024
14025
14026
14027
14028
14029
14030
14046
14047
14048
14049
14051
14052
14053
14054
14055
14056
14074
14076
14079
14080
14674
14675
14676
14698
14699
14700
14701
14702
14703
14704
14725
14726
14727
14728
14729
14732
14751
14755
14757
14760
14761
14780
14783
15378
15405
15429
15455
15456
15457
16106
16132
