1378
2860
2886
2938
3536
3562
3588
3614
4135
4161
4186
4187
4212
4213
4238
4264
4265
4290
4291
4316
4343
4836
4837
4838
4862
4863
4864
4865
4866
4888
4889
4890
4891
4892
4914
4915
4916
4917
4940
4941
4942
4966
4968
4992
4993
4994
5018
5019
5020
5045
5514
5539
5540
5541
5542
5564
5565
5566
5567
5568
5569
5590
5591
5592
5593
5594
5596
5597
5616
5617
5618
5619
5620
5621
5642
5643
5644
5645
5668
5669
5670
5671
5672
5694
5695
5696
5697
5721
5722
5723
5748
5749
6216
6217
6218
6240
6242
6243
6244
6246
6266
6267
6268
6269
6270
6271
6272
6273
6292
6293
6294
6295
6296
6297
6298
6299
6300
6318
6319
6320
6321
6322
6323
6324
6345
6346
6347
6348
6356
6370
6371
6372
6373
6374
6384
6385
6386
6387
6397
6398
6399
6400
6411
6412
6413
6425
6452
6945
6946
6949
6970
6971
6972
6973
6974
6976
6994
6995
6996
6997
6998
6999
7000
7021
7022
7023
7024
7025
7026
7028
7029
7046
7047
7048
7049
7050
7051
7055
7057
7058
7059
7060
7061
7062
7063
7073
7075
7076
7077
7080
7081
7084
7085
7086
7087
7088
7089
7090
7100
7101
7102
7103
7110
7113
7114
7115
7116
7128
7672
7673
7674
7675
7676
7696
7698
7699
7700
7701
7702
7722
7723
7724
7725
7726
7727
7729
7730
7731
7732
7733
7734
7735
7736
7750
7751
7752
7753
7754
7758
7759
7760
7761
7762
7763
7764
7765
7776
7777
7778
7779
7782
7783
7784
7788
7789
7790
7791
7792
7802
7803
7804
7831
8349
8372
8374
8375
8376
8377
8378
8379
8400
8401
8402
8403
8404
8405
8408
8410
8425
8426
8427
8428
8429
8430
8431
8432
8434
8435
8436
8437
8438
8453
8455
8456
8461
8462
8463
8464
8465
8466
8478
8479
8480
8481
8482
8488
8504
8505
8506
8507
8508
8534
9053
9079
9081
9103
9104
9105
9107
9111
9128
9129
9131
9132
9133
9136
9137
9138
9139
9156
9157
9159
9160
9162
9163
9166
9181
9182
9183
9184
9185
9207
9208
9209
9210
9211
9813
9832
9833
9834
9835
9837
9838
9839
9840
9841
9842
9843
9857
9858
9859
9860
9861
9883
9884
9885
9886
9888
9909
9910
9911
10509
10510
10511
10512
10513
10534
10535
10536
10537
10538
10559
10560
10561
10562
10563
10564
10585
10586
10587
10588
10589
10590
10595
10613
10614
10615
11185
11189
11210
11211
11212
11213
11214
11216
11235
11236
11238
11240
11241
11244
11245
11247
11248
11261
11263
11264
11265
11266
11267
11288
11289
11291
11292
11293
11317
11886
11887
11890
11912
11913
11914
11915
11917
11918
11919
11920
11921
11923
11938
11939
11940
11941
11942
11944
11945
11947
11948
11949
11950
11964
11965
11966
11967
11968
11969
11971
11975
11991
11992
11994
11995
12000
12590
12591
12592
12593
12594
12595
12596
12616
12617
12618
12619
12620
12621
12622
12623
12624
12640
12641
12642
12643
12644
12645
12646
12647
12648
12649
12650
12651
12667
12668
12669
12670
12671
12672
12673
12674
12675
12676
12679
12695
12701
13267
13268
13269
13270
13293
13294
13295
13296
13297
13319
13320
13321
13322
13323
13324
13325
13326
13327
13328
13343
13345
13346
13347
13348
13349
13350
13351
13352
13353
13354
13355
13356
13371
13372
13373
13374
13375
13376
13380
13401
13970
13971
13972
13995
13996
13997
13998
13999
14000
14001
14002
14004
14022
14023
14024
14025
14026
14027
14028
14029
14030
14031
14046
14047
14048
14049
14050
14051
14052
14053
14055
14056
14057
14058
14075
14076
14078
14082
14673
14674
14676
14699
14701
14702
14703
14704
14706
14723
14724
14725
14726
14727
14729
14730
14731
14750
14751
14753
14754
14780
15403
15405
15428
15429
15432
15455
15456
15458
15485
16133
16134
16136
16187
16190
16837
16840
16890
