2108
2109
2135
2784
2785
2808
2809
2810
2811
2812
2834
2836
2838
3484
3485
3486
3487
3510
3512
3513
3514
3515
3516
3517
3538
3540
3541
4160
4161
4162
4186
4187
4188
4189
4212
4213
4214
4215
4216
4217
4238
4239
4240
4241
4242
4244
4245
4264
4862
4863
4864
4865
4888
4889
4890
4891
4892
4914
4915
4916
4917
4918
4919
4920
4921
4924
4940
4941
4942
4943
4944
4945
4946
4947
4978
5565
5566
5568
5591
5592
5593
5595
5616
5617
5618
5619
5620
5621
5622
5623
5642
5643
5644
5645
5647
5649
5650
5651
5652
5669
5670
5695
5708
6267
6268
6269
6293
6294
6295
6296
6319
6320
6321
6322
6323
6324
6325
6326
6344
6345
6346
6347
6348
6349
6350
6354
6355
6371
6372
6373
6384
6385
6386
6387
6410
6411
6412
6413
6970
6995
6996
6997
6998
7001
7020
7021
7022
7023
7024
7025
7026
7034
7046
7047
7048
7049
7050
7056
7057
7058
7059
7060
7061
7062
7063
7073
7083
7084
7085
7086
7087
7088
7089
7090
7113
7114
7115
7698
7699
7722
7723
7724
7725
7728
7731
7734
7735
7736
7737
7749
7750
7751
7758
7759
7760
7761
7762
7763
7764
7765
7766
7785
7786
7788
7790
8400
8401
8426
8427
8434
8435
8436
8437
8438
8463
8464
8465
8466
9133
9134
9137
9138
9139
9842
14056
14084
14733
14734
14757
14758
14759
14761
15409
15434
15435
15436
15462
15486
16137
16164
16867
