2
676
806
1456
1482
1508
1534
2132
2137
2158
2159
2184
2210
2236
2262
2785
2808
2811
2812
2813
2814
2834
2836
2860
2861
2886
2912
2913
2938
2939
2964
3460
3485
3487
3488
3489
3512
3514
3515
3516
3517
3536
3562
3563
3564
3565
3588
3589
3614
3615
3616
3640
3641
3642
3666
3667
3668
3693
4135
4160
4161
4162
4163
4186
4187
4188
4189
4190
4191
4213
4216
4217
4218
4219
4220
4238
4246
4264
4265
4266
4267
4290
4291
4316
4317
4318
4342
4343
4344
4345
4369
4370
4811
4836
4837
4838
4839
4862
4863
4864
4865
4866
4867
4888
4889
4890
4891
4892
4893
4894
4895
4915
4916
4918
4919
4920
4921
4922
4942
4943
4944
4945
4946
4966
4967
4968
4969
4970
4971
4974
4992
4993
4994
4995
4996
5018
5019
5020
5021
5022
5044
5045
5046
5047
5073
5539
5540
5541
5565
5566
5567
5568
5569
5570
5571
5572
5591
5592
5593
5594
5595
5596
5597
5617
5618
5619
5620
5621
5622
5623
5624
5643
5644
5645
5646
5647
5648
5668
5669
5670
5671
5672
5673
5674
5675
5677
5694
5695
5696
5697
5698
5700
5721
5722
5723
5724
5725
5749
6243
6244
6245
6267
6268
6269
6270
6271
6272
6273
6293
6294
6295
6296
6297
6298
6299
6300
6301
6319
6320
6321
6322
6323
6324
6325
6326
6327
6344
6345
6346
6347
6348
6349
6350
6351
6357
6371
6372
6373
6374
6375
6376
6377
6378
6379
6380
6384
6385
6386
6387
6396
6397
6398
6399
6400
6401
6402
6403
6406
6411
6412
6413
6920
6973
6975
6976
6977
6996
6997
6998
6999
7000
7001
7002
7003
7021
7022
7023
7024
7025
7026
7027
7028
7029
7031
7033
7046
7047
7048
7049
7050
7051
7052
7053
7054
7055
7056
7058
7059
7060
7061
7062
7063
7073
7074
7075
7076
7077
7078
7079
7080
7082
7083
7084
7085
7086
7087
7088
7089
7090
7101
7102
7110
7111
7112
7113
7114
7115
7651
7677
7678
7697
7700
7701
7702
7703
7706
7722
7723
7724
7725
7726
7727
7728
7729
7730
7731
7733
7734
7735
7736
7737
7749
7750
7751
7752
7753
7754
7756
7757
7758
7759
7760
7761
7762
7763
7764
7765
7766
7776
7778
7784
7785
7786
7787
7788
7789
7791
8399
8400
8403
8404
8405
8409
8410
8425
8427
8428
8429
8434
8435
8436
8437
8438
8439
8451
8460
8461
8463
8464
8465
8466
9084
9085
9086
9102
9111
9112
9113
9138
9139
9140
9785
9788
9814
9841
12050
12698
12726
13376
13401
13402
13429
13455
14029
14030
14032
14054
14081
14105
14131
14132
14133
14707
14708
14730
14731
14732
14733
14734
14735
14757
14758
14760
14761
14783
14784
14807
14835
15408
15410
15411
15412
15434
15437
15438
15461
15465
15485
15538
16087
16110
16113
16135
16137
16138
16139
16140
16163
16190
16816
