1378
2080
2081
2106
2107
2163
2782
2784
2809
2811
3484
3485
3486
3487
3513
4160
4161
4162
4163
4164
4186
4187
4188
4189
4190
4191
4212
4215
4216
4238
4245
4264
4269
4270
4810
4836
4837
4838
4839
4862
4863
4864
4865
4866
4888
4889
4890
4891
4892
4893
4914
4915
4917
4918
4919
4920
4940
4944
4945
4946
4947
4949
4966
4971
4973
4975
4998
4999
5000
5512
5514
5538
5539
5540
5541
5542
5564
5565
5566
5567
5568
5569
5590
5591
5592
5593
5594
5616
5617
5618
5619
5620
5621
5622
5642
5643
5644
5645
5646
5647
5648
5649
5650
5651
5668
5669
5670
5672
5673
5674
5675
5676
5677
5678
5695
5696
5697
5698
5700
5701
5702
5704
6214
6215
6216
6217
6240
6241
6242
6243
6244
6245
6266
6267
6268
6269
6270
6271
6292
6293
6294
6295
6296
6297
6318
6319
6320
6321
6322
6324
6325
6326
6345
6346
6347
6348
6349
6350
6351
6352
6354
6371
6372
6373
6375
6376
6377
6378
6379
6380
6381
6385
6397
6399
6403
6404
6405
6410
6411
6412
6413
6916
6917
6919
6920
6942
6943
6944
6945
6946
6947
6968
6969
6970
6971
6972
6973
6994
6995
6996
6997
6998
6999
7000
7002
7020
7021
7022
7023
7024
7025
7026
7027
7028
7030
7047
7048
7049
7050
7051
7052
7053
7054
7055
7056
7059
7060
7062
7063
7074
7075
7076
7077
7079
7080
7081
7082
7083
7084
7085
7086
7087
7088
7089
7090
7106
7107
7108
7109
7110
7112
7113
7115
7618
7644
7645
7646
7647
7648
7649
7650
7670
7671
7672
7673
7674
7675
7696
7697
7698
7699
7700
7701
7702
7703
7704
7722
7723
7724
7725
7726
7727
7728
7729
7730
7731
7732
7733
7735
7749
7750
7751
7752
7753
7754
7755
7756
7757
7758
7759
7760
7761
7762
7763
7764
7765
7776
7777
7778
7783
7784
7785
7786
7787
7788
7789
7790
7808
7809
7811
8297
8320
8322
8323
8326
8346
8347
8348
8349
8350
8351
8353
8372
8373
8374
8375
8376
8377
8378
8398
8399
8400
8401
8402
8408
8409
8425
8426
8427
8428
8431
8432
8433
8434
8435
8436
8437
8438
8453
8454
8456
8457
8458
8459
8460
8461
8462
8463
8464
8485
8486
8487
8488
8490
8512
8999
9023
9024
9025
9026
9027
9049
9050
9051
9052
9053
9054
9075
9076
9077
9078
9079
9080
9082
9101
9102
9103
9104
9105
9110
9112
9128
9129
9130
9131
9138
9157
9160
9163
9164
9188
9189
9191
9701
9725
9726
9727
9728
9729
9730
9751
9752
9753
9754
9755
9756
9758
9777
9778
9779
9780
9781
9783
9804
9805
9806
9807
9808
9832
9833
9835
9836
9837
9864
9865
9891
9896
10428
10429
10430
10431
10432
10453
10454
10455
10456
10457
10458
10479
10480
10481
10482
10483
10484
10506
10507
10508
10509
10510
10511
10512
10538
10539
10540
10541
10567
11130
11131
11132
11133
11135
11155
11156
11157
11158
11159
11160
11161
11182
11183
11184
11185
11186
11187
11208
11209
11210
11211
11212
11213
11238
11240
11241
11243
11266
11267
11268
11269
11832
11833
11834
11836
11838
11858
11859
11860
11861
11862
11864
11885
11886
11887
11888
11889
11890
11912
11914
11915
11916
11941
11942
11968
11970
12536
12539
12562
12563
12564
12565
12566
12588
12589
12590
12591
12593
12616
12620
12641
12642
13238
13239
13240
13242
13264
13265
13266
13267
13269
13292
13293
13942
13944
13967
13968
13969
14022
14645
14673
14699
15376
15405
16081
16085
16111
16139
16781
16784
16810
16812
17511
18161
18190
