52
676
702
728
780
806
1352
1378
1404
1456
1482
1508
1534
2054
2080
2106
2109
2132
2158
2185
2756
2782
2808
2809
2810
2811
2834
2835
2887
2888
2914
2915
2941
2943
2966
2967
2968
2992
2993
2994
3458
3459
3484
3485
3486
3510
3511
3512
3515
3538
3541
3542
3564
3565
3589
3590
3593
3594
3615
3616
3617
3618
3619
3620
3621
3622
3623
3642
3643
3644
3645
3646
3647
3668
3669
3670
3671
3672
4135
4160
4161
4162
4163
4186
4187
4188
4189
4190
4212
4213
4214
4215
4238
4239
4240
4241
4244
4265
4266
4267
4270
4272
4291
4292
4293
4294
4295
4296
4297
4298
4317
4318
4319
4320
4321
4322
4323
4324
4343
4344
4345
4346
4838
4863
4864
4865
4889
4890
4891
4892
4914
4915
4916
4917
4918
4919
4920
4941
4942
4943
4944
4945
4946
4947
4948
4949
4967
4968
4969
4970
4971
4972
4973
4974
4993
4994
4995
4996
4997
4998
4999
5001
5020
5021
5022
5023
5027
5049
5540
5541
5565
5566
5567
5568
5591
5592
5593
5594
5595
5617
5618
5619
5620
5621
5643
5644
5645
5646
5648
5649
5668
5669
5670
5671
5672
5673
5674
5675
5677
5695
5696
5697
5698
5699
5704
5728
5730
5755
6243
6268
6269
6270
6294
6295
6296
6297
6320
6321
6322
6323
6344
6345
6346
6347
6348
6349
6350
6351
6371
6372
6373
6374
6375
6376
6377
6380
6381
6382
6385
6386
6387
6397
6398
6401
6402
6403
6405
6406
6407
6409
6410
6411
6412
6413
6430
6432
6433
6434
6435
6436
6437
6460
6972
6973
6997
6998
6999
7000
7002
7003
7004
7023
7024
7025
7028
7029
7030
7047
7048
7049
7050
7051
7052
7053
7055
7058
7059
7060
7062
7063
7073
7074
7075
7078
7080
7081
7082
7083
7084
7085
7086
7087
7088
7089
7090
7106
7107
7108
7110
7111
7112
7113
7114
7115
7675
7676
7701
7702
7703
7704
7705
7706
7727
7728
7730
7732
7734
7735
7755
7756
7757
7758
7760
7763
7764
7765
7782
7783
7784
7785
7786
7787
7788
7811
8378
8379
8380
8404
8405
8406
8407
8408
8431
8432
8433
8434
8435
8436
8437
8458
8459
8460
8461
8462
9054
9081
9082
9106
9107
9108
9109
9110
9134
9135
9136
9758
9783
9784
9785
9810
9811
9812
9837
9838
9839
10460
10486
10487
10488
10513
10514
11190
11191
11217
11243
12675
12676
13326
13406
13407
13432
13433
14003
14028
14029
14030
14055
14056
14057
14082
14083
14084
14108
14109
14110
14135
14162
14705
14706
14707
14731
14732
14733
14734
14757
14758
14759
14760
14783
14785
14786
14812
15408
15409
15410
15434
15435
15436
15461
15462
15486
15515
16111
16112
16137
16138
16139
16164
16165
16814
16815
16840
16841
16867
17543
17544
