26
676
702
728
1378
1404
1430
2054
2080
2106
2158
2166
2184
2186
2210
2808
2834
2860
2886
2887
3484
3485
3510
3536
3562
3588
3589
3590
3641
4186
4212
4213
4238
4239
4264
4265
4266
4270
4291
4292
4293
4294
4295
4296
4297
4317
4318
4319
4320
4862
4864
4888
4889
4890
4891
4892
4914
4915
4916
4917
4918
4940
4941
4942
4943
4945
4966
4967
4968
4969
4970
4971
4972
4973
4974
4992
4993
4994
4995
4996
4997
4998
4999
5000
5001
5020
5021
5564
5565
5566
5567
5568
5590
5591
5592
5593
5594
5595
5617
5618
5619
5620
5621
5622
5623
5624
5643
5644
5645
5646
5647
5648
5649
5650
5669
5670
5671
5672
5673
5674
5675
5676
5696
5697
5698
5699
5700
5701
5702
5703
5722
5723
5724
5726
5730
6240
6244
6266
6267
6268
6269
6270
6271
6293
6294
6295
6296
6297
6298
6319
6320
6321
6322
6323
6324
6325
6345
6346
6347
6348
6349
6350
6351
6352
6353
6371
6372
6373
6374
6375
6376
6377
6379
6380
6384
6385
6386
6387
6398
6399
6400
6401
6403
6405
6406
6407
6408
6409
6410
6411
6412
6413
6425
6428
6969
6970
6971
6973
6974
6995
6996
6997
6998
6999
7000
7001
7021
7022
7023
7024
7025
7026
7027
7028
7048
7049
7050
7051
7052
7053
7054
7055
7056
7057
7059
7060
7061
7062
7063
7073
7074
7075
7076
7077
7078
7079
7081
7082
7083
7084
7085
7086
7087
7088
7089
7090
7099
7100
7102
7103
7106
7108
7109
7110
7111
7112
7113
7114
7115
7116
7646
7647
7672
7674
7699
7700
7702
7723
7724
7725
7726
7727
7728
7729
7731
7733
7734
7735
7750
7751
7752
7753
7754
7755
7756
7757
7758
7759
7760
7761
7762
7763
7764
7765
7766
7775
7777
7778
7779
7780
7784
7785
7786
7787
7788
7789
7790
7791
7792
7801
7802
7803
7806
7810
7812
7813
7814
8376
8377
8402
8403
8404
8405
8426
8427
8428
8429
8430
8432
8433
8434
8435
8436
8437
8438
8453
8454
8455
8457
8459
8460
8461
8462
8463
8464
8478
8479
8480
8481
8482
8483
8484
8485
8503
8504
8507
8514
9076
9078
9103
9107
9110
9111
9128
9129
9130
9131
9132
9133
9134
9135
9136
9137
9155
9156
9159
9162
9181
9182
9183
9188
9206
9207
9754
9780
9781
9782
9804
9805
9806
9808
9809
9810
9812
9831
9832
9834
9835
9838
9839
9857
9859
9860
9863
9865
9883
9884
9887
10455
10457
10481
10482
10483
10507
10508
10510
10512
10533
10534
10541
10558
10559
10560
10561
10562
10563
10567
10569
10585
10586
10588
11157
11158
11159
11183
11184
11185
11186
11187
11209
11210
11213
11214
11215
11218
11235
11236
11237
11238
11239
11241
11242
11261
11262
11263
11265
11267
11859
11860
11861
11886
11887
11888
11889
11891
11892
11913
11914
11915
11917
11938
11939
11940
11944
11945
11946
11969
12562
12563
12564
12589
12590
12591
12594
12595
12615
12616
12617
12618
12619
12621
12624
12641
12642
12643
12644
12647
12649
12650
13238
13239
13240
13265
13266
13267
13268
13292
13293
13294
13295
13296
13297
13299
13318
13319
13320
13322
13324
13325
13345
13348
13349
13942
13969
13970
13995
13996
13997
13998
13999
14020
14021
14022
15487
