1406
1432
2108
2109
2134
2135
2811
2812
2837
3513
3514
3541
4217
4218
4243
4244
4892
4893
4894
4919
4920
5596
5597
5622
5623
5624
5649
5654
5681
6298
6299
6300
6324
6325
6326
6327
6356
6384
6385
6386
6387
6412
6413
7001
7002
7003
7028
7029
7033
7058
7059
7060
7061
7062
7085
7086
7087
7088
7089
7705
7706
7738
7761
7762
7763
7764
7765
7790
7791
8408
8439
8464
8466
8492
9143
14086
14762
14763
14790
14792
15464
15465
15466
15467
15468
15469
15491
15492
15494
15495
15521
16141
16142
16167
16168
16169
16170
16171
16194
16195
16196
16197
16844
16845
16846
16870
16871
16872
16873
16898
16899
17546
17547
17548
17549
17572
17573
17574
17575
