1404
1405
1406
1431
1432
2107
2108
2109
2133
2134
2135
2783
2809
2810
2811
2812
2836
2837
2838
3513
3514
3539
3540
3541
4190
4191
4216
4217
4218
4241
4242
4243
4244
4893
4894
4919
4920
4921
4946
4947
5595
5596
5597
5621
5622
5623
5624
5625
5648
5649
5650
5654
6298
6299
6300
6324
6325
6326
6327
6351
6352
6353
6383
6385
6386
6387
6412
6413
7001
7002
7003
7028
7029
7030
7059
7060
7061
7062
7063
7086
7087
7088
7089
7115
7704
7705
7706
7731
7732
7735
7736
7738
7757
7761
7762
7763
7764
7765
7790
7791
8408
8409
8438
8466
8467
9168
14060
14086
14114
14115
14736
14761
14762
14763
14764
14765
14789
14790
14791
14792
14816
14817
14818
15438
15439
15440
15464
15465
15466
15467
15490
15491
15492
15493
15494
15495
15519
15520
16141
16142
16143
16167
16168
16169
16170
16171
16194
16195
16196
16197
16198
16221
16222
16223
16843
16844
16845
16846
16870
16871
16872
16873
16874
16897
16898
16899
16900
17547
17548
17549
17573
17574
17575
17576
17600
17601
17602
18250
18251
18276
18277
