1405
1430
1431
1432
2081
2107
2108
2109
2134
2135
2783
2784
2809
2810
2811
2837
2838
3486
3487
3512
3513
3514
3539
3540
3541
3567
4189
4190
4216
4217
4218
4242
4243
4244
4270
4892
4893
4894
4918
4919
4920
4921
4945
4946
4947
4948
4973
5595
5596
5597
5598
5621
5622
5623
5624
5625
5648
5649
5650
5677
6272
6297
6298
6299
6300
6324
6325
6326
6327
6328
6352
6975
7000
7001
7002
7003
7027
7028
7029
7055
7056
7059
7060
7061
7062
7085
7086
7087
7088
7089
7704
7705
7706
7731
7732
7736
7761
7762
7763
7764
8407
8408
8434
8435
8436
8437
8438
8464
9110
9111
9112
9113
9114
9788
9789
9813
9814
9815
9816
9840
9842
10491
10516
10517
10518
10519
10543
10544
10545
10546
10573
11194
11219
11220
11221
11246
11247
11248
11249
11277
11897
11922
11923
11924
11925
11949
11950
11951
11952
11976
11979
12626
12627
12628
12652
12653
12654
12655
12682
13328
13329
13330
13331
13355
13356
13357
13358
13383
13384
13385
13413
14031
14032
14033
14034
14058
14059
14060
14062
14085
14086
14087
14088
14090
14114
14115
14735
14736
14761
14762
14763
14764
14765
14787
14788
14789
14790
14791
14792
14815
14816
14817
14818
15438
15439
15440
15464
15465
15466
15467
15468
15491
15492
15493
15494
15495
15518
15519
16141
16142
16143
16167
16168
16169
16170
16194
16195
16196
16197
16844
16845
16846
16870
16871
16872
16873
16896
16897
16898
16899
17547
17548
17549
17573
17574
17575
