2081
2108
2784
2810
2811
3460
3486
3487
3488
3513
3514
4162
4163
4188
4189
4190
4191
4216
4217
4219
4865
4866
4867
4891
4892
4893
4894
4919
4920
4921
4922
4949
5568
5569
5570
5594
5595
5596
5597
5598
5599
5622
5623
5624
5625
5626
5650
5651
5652
6271
6272
6273
6297
6298
6299
6300
6301
6325
6326
6327
6328
6329
6352
6355
6356
6385
6386
6411
6412
6413
6973
6974
6975
6976
7000
7001
7002
7003
7004
7028
7029
7030
7031
7032
7033
7056
7057
7059
7060
7061
7062
7063
7085
7086
7087
7088
7089
7090
7115
7677
7678
7679
7704
7705
7706
7707
7708
7731
7732
7733
7734
7735
7736
7737
7738
7760
7761
7762
7763
7764
7765
7788
7789
7790
7791
7792
8380
8381
8382
8383
8407
8408
8409
8410
8411
8434
8435
8436
8437
8438
8439
8440
8463
8464
8465
8466
9083
9084
9085
9110
9111
9112
9113
9114
9137
9138
9139
9140
9141
9142
9166
9167
9194
9786
9787
9788
9813
9814
9815
9816
9817
9840
9843
9844
10489
10490
10491
10516
10517
10518
10519
10544
10546
10547
10572
10573
11192
11193
11194
11219
11220
11221
11222
11223
11246
11249
11250
11896
11897
11922
11923
11924
11950
11952
11979
12599
12600
12626
12627
12652
12653
12654
12682
13302
13303
13328
13329
13330
13355
13356
13357
13358
13359
13385
13386
14006
14032
14033
14059
14060
14735
14736
14737
14761
14762
14763
15438
15439
15465
15466
15467
16140
16141
16142
16168
16169
16844
17547
17548
18250
