2784
3460
3487
3488
4161
4187
4189
4190
4191
4214
4217
4219
4244
4862
4863
4864
4865
4866
4889
4890
4891
4892
4893
4894
4895
4915
4916
4917
4919
4920
4946
4950
5565
5566
5567
5568
5569
5591
5592
5593
5594
5595
5596
5597
5618
5619
5622
5623
5624
5625
5648
5650
6243
6244
6267
6268
6269
6270
6271
6272
6273
6293
6294
6295
6296
6297
6298
6299
6300
6301
6320
6322
6325
6326
6327
6347
6349
6350
6351
6353
6355
6945
6970
6971
6972
6973
6974
6975
6976
6995
6996
6997
6998
6999
7001
7002
7021
7022
7023
7024
7025
7027
7030
7032
7049
7058
7060
7061
7062
7085
7086
7087
7088
7089
7672
7673
7674
7675
7697
7698
7699
7704
7705
7725
7734
7737
7760
7761
7762
7763
7764
7765
7785
8400
8408
8436
8438
8464
8465
9165
15433
15434
16109
16135
16138
17517
