1482
2158
2166
2184
2809
2810
2837
2843
2860
3589
4189
4190
4213
4214
4216
4217
4218
4219
4220
4242
4246
4249
4264
4290
4864
4892
4893
4894
4895
4918
4919
4920
4921
4922
4923
4948
4949
4950
4966
4978
4994
5021
5569
5570
5594
5595
5596
5598
5621
5622
5623
5624
5625
5626
5627
5651
5652
5653
5669
5672
5674
5683
5695
5696
5697
5698
5700
5701
5702
5703
5723
6270
6271
6293
6295
6296
6297
6298
6299
6300
6321
6322
6323
6324
6325
6326
6327
6328
6329
6345
6346
6347
6348
6349
6350
6351
6352
6353
6355
6356
6370
6371
6372
6373
6374
6375
6376
6377
6378
6379
6380
6383
6385
6386
6387
6397
6398
6399
6412
6413
6971
6972
6973
6974
6975
6996
6997
6998
6999
7000
7001
7021
7022
7023
7024
7025
7026
7027
7028
7029
7031
7032
7033
7034
7047
7048
7049
7050
7051
7052
7053
7054
7055
7056
7058
7059
7060
7061
7062
7063
7072
7073
7074
7075
7076
7077
7078
7079
7080
7081
7082
7083
7084
7085
7086
7087
7088
7089
7090
7108
7109
7110
7113
7114
7673
7674
7675
7676
7698
7699
7700
7701
7702
7703
7722
7723
7724
7725
7726
7727
7728
7729
7733
7734
7735
7736
7737
7738
7749
7750
7751
7753
7754
7757
7758
7759
7760
7761
7762
7763
7764
7765
7777
7785
7786
7787
7788
7789
7790
7791
8349
8376
8377
8400
8401
8402
8410
8411
8426
8427
8428
8433
8434
8435
8436
8437
8438
8439
8453
8459
8460
8461
8462
8463
8465
9128
9130
9131
9139
9156
9781
9805
9806
9833
9834
10484
10507
10508
10509
10534
10535
11185
11186
11187
11210
11211
11212
11238
11862
11863
11864
11887
11888
11889
11890
11914
12538
12539
12564
12565
12566
12567
12591
14080
14734
14735
14760
14761
14781
15410
15437
15484
16189
