780
806
832
1482
1508
1534
2081
2132
2158
2184
2210
2236
2262
2808
2834
2835
2860
2886
2887
2912
2913
2914
2938
2939
2964
3461
3484
3487
3488
3510
3536
3537
3538
3539
3562
3563
3565
3588
3589
3591
3614
3615
3640
3641
3642
3667
3668
4186
4187
4190
4212
4213
4214
4238
4239
4240
4241
4242
4243
4264
4265
4266
4267
4290
4291
4292
4316
4317
4318
4319
4342
4343
4344
4345
4368
4369
4370
4371
4866
4888
4889
4893
4894
4895
4914
4915
4916
4917
4919
4920
4921
4940
4941
4942
4943
4944
4945
4966
4967
4968
4969
4970
4993
4994
4995
4996
5018
5019
5020
5021
5022
5045
5046
5047
5048
5590
5591
5592
5593
5594
5595
5596
5597
5598
5616
5617
5618
5619
5620
5621
5622
5623
5624
5642
5643
5644
5645
5646
5647
5648
5669
5670
5671
5672
5673
5695
5696
5697
5698
5699
5721
5722
5723
5724
6268
6269
6270
6271
6272
6273
6293
6294
6295
6296
6297
6298
6299
6300
6319
6320
6321
6322
6323
6324
6325
6326
6345
6346
6347
6348
6349
6350
6351
6370
6371
6372
6373
6374
6375
6376
6397
6398
6399
6400
6401
6403
6425
6946
6971
6972
6973
6974
6995
6996
6997
6998
6999
7000
7001
7002
7003
7021
7022
7023
7024
7025
7026
7027
7028
7029
7030
7046
7047
7048
7049
7050
7051
7052
7053
7072
7073
7074
7075
7076
7077
7078
7079
7102
7103
7622
7647
7648
7649
7673
7674
7675
7676
7677
7697
7698
7699
7700
7701
7702
7703
7704
7705
7706
7707
7723
7724
7725
7726
7727
7728
7729
7730
7731
7732
7733
7749
7750
7751
7752
7753
7754
7757
7778
7779
7780
8325
8349
8350
8351
8352
8375
8376
8377
8378
8379
8380
8401
8402
8403
8405
8406
8407
8408
8409
8426
8427
8428
8429
8430
8431
8432
8433
8434
8454
8455
9026
9029
9051
9052
9053
9054
9055
9078
9079
9080
9081
9103
9104
9105
9110
9729
9730
9755
9756
9757
9781
9782
9783
9807
10432
10433
10460
10461
10485
10486
10488
10511
10515
11163
11164
11165
11186
11187
11189
11191
11212
11841
11864
11866
11867
11889
11890
11891
11892
11894
11895
11896
11921
11922
12544
12568
12570
12571
12572
12594
12596
12597
12598
12624
12626
13247
13248
13273
13274
13275
13300
13301
13302
13328
13329
13977
13978
13979
14005
14006
14032
14033
14055
14080
14081
14681
14683
14707
14708
14709
14733
14734
14735
14736
14756
14757
14758
14759
14760
14761
14762
14783
14784
15384
15410
15411
15434
15435
15437
15438
15439
15459
15460
15461
15462
15465
15487
16114
16115
16137
16141
16142
16163
16189
16190
16817
16844
16865
16866
16870
16892
16893
17547
17568
17569
18249
