26
702
728
1404
1430
1456
2054
2080
2106
2132
2158
2184
2756
2782
2808
2810
2834
2835
2839
2860
3458
3484
3510
3511
3536
3537
3562
4134
4160
4186
4188
4191
4212
4213
4215
4238
4239
4264
4265
4266
4836
4862
4865
4888
4892
4914
4915
4916
4940
4941
4942
4943
4951
4966
4967
4968
4969
4976
5512
5538
5539
5540
5564
5565
5566
5569
5570
5590
5591
5592
5616
5617
5618
5619
5623
5642
5643
5644
5645
5646
5653
5670
5672
6214
6215
6240
6241
6242
6245
6266
6267
6268
6272
6273
6292
6293
6294
6295
6318
6319
6320
6321
6322
6344
6346
6347
6348
6355
6371
6375
6385
6412
6438
6917
6918
6943
6944
6945
6946
6949
6968
6969
6970
6972
6974
6975
6976
6994
6995
6996
6997
6998
6999
7002
7021
7022
7023
7024
7025
7046
7047
7048
7049
7050
7051
7052
7058
7059
7060
7061
7062
7074
7076
7077
7084
7085
7086
7087
7088
7089
7114
7621
7644
7645
7647
7648
7649
7650
7651
7670
7671
7672
7673
7674
7678
7679
7696
7697
7698
7699
7700
7701
7702
7705
7723
7724
7725
7726
7727
7728
7731
7732
7733
7734
7735
7736
7737
7749
7750
7751
7752
7753
7754
7756
7757
7758
7759
7760
7761
7762
7763
7764
7777
7780
7788
7789
7790
7818
8322
8323
8324
8325
8326
8327
8328
8346
8347
8348
8349
8350
8351
8352
8353
8354
8355
8372
8373
8374
8375
8376
8377
8378
8381
8398
8399
8400
8401
8402
8403
8407
8409
8410
8425
8426
8427
8428
8429
8430
8431
8432
8433
8434
8435
8436
8437
8438
8452
8453
8454
8455
8456
8458
8460
8462
8463
8464
8999
9000
9001
9002
9003
9024
9025
9026
9027
9028
9029
9030
9031
9048
9049
9050
9051
9052
9053
9054
9055
9057
9074
9075
9076
9077
9078
9080
9081
9083
9084
9101
9102
9103
9104
9105
9106
9107
9108
9109
9128
9129
9130
9131
9132
9134
9137
9140
9155
9156
9157
9158
9679
9725
9726
9727
9728
9730
9732
9733
9751
9752
9753
9754
9760
9761
9777
9778
9779
9780
9781
9783
9786
9787
9788
9803
9804
9805
9806
9807
9808
9809
9811
9813
9814
9831
9832
9833
9834
9859
9863
9866
9888
10406
10428
10453
10454
10455
10456
10464
10479
10480
10481
10482
10483
10484
10485
10486
10506
10507
10508
10509
10510
10512
10515
10534
10535
10537
10539
10542
10560
10561
10563
11130
11155
11156
11157
11158
11159
11160
11182
11183
11184
11185
11186
11190
11208
11209
11210
11212
11213
11214
11216
11218
11219
11238
11239
11242
11244
11245
11265
11833
11834
11858
11859
11860
11861
11862
11863
11864
11885
11886
11887
11888
11889
11890
11891
11913
11914
11916
11917
11918
11919
11920
11938
11940
11946
11948
11949
11968
11971
12534
12535
12536
12561
12562
12563
12564
12565
12566
12569
12587
12588
12589
12590
12591
12592
12593
12594
12595
12597
12616
12617
12618
12619
12620
12621
12622
12623
12624
12625
12642
12643
12644
12649
12650
12651
12652
13237
13238
13239
13240
13264
13265
13266
13267
13268
13269
13270
13291
13292
13293
13294
13295
13297
13298
13299
13318
13320
13322
13323
13324
13325
13327
13350
13353
13402
13940
13941
13942
13945
13966
13967
13968
13969
13970
13971
13973
13995
13996
13997
13998
13999
14000
14001
14002
14026
14027
14030
14053
14055
14058
14060
14079
14080
14081
14106
14107
14643
14644
14645
14646
14671
14672
14674
14675
14676
14698
14699
14701
14702
14728
14731
14734
14735
14736
14755
14756
14757
14762
14782
14783
14784
15348
15349
15375
15376
15377
15378
15379
15383
15403
15404
15405
15406
15407
15409
15428
15430
15431
15432
15433
15434
15436
15438
15457
15458
15460
15461
15465
15486
15487
16054
16078
16079
16080
16081
16082
16083
16084
16085
16086
16087
16104
16105
16106
16107
16108
16109
16112
16133
16134
16162
16164
16756
16757
16758
16759
16760
16761
16782
16783
16784
16785
16809
16810
16811
16835
16838
17458
17459
17460
17486
17487
17488
17489
17512
17513
17514
17540
