1
731
2109
2110
2136
2137
2756
2784
2785
2808
2809
2811
2812
2813
2834
2835
2838
2839
3458
3459
3460
3484
3485
3486
3487
3488
3489
3490
3510
3511
3512
3513
3514
3515
3516
3536
3539
3540
3541
3542
3562
3563
3588
4160
4161
4162
4163
4164
4186
4187
4188
4189
4190
4191
4192
4212
4213
4214
4215
4216
4217
4218
4219
4238
4239
4240
4241
4242
4243
4244
4264
4265
4269
4291
4836
4837
4838
4840
4862
4863
4864
4865
4866
4867
4888
4889
4890
4891
4892
4893
4894
4914
4915
4916
4917
4918
4919
4920
4921
4940
4941
4942
4943
4944
4945
4946
4966
4967
4968
4969
4971
4992
4993
5540
5541
5564
5565
5566
5567
5568
5571
5590
5591
5592
5593
5594
5595
5596
5597
5598
5616
5617
5618
5619
5620
5621
5622
5623
5624
5642
5643
5644
5645
5646
5647
5648
5649
5650
5668
5669
5670
5671
5672
5694
5695
5696
5697
6216
6217
6241
6242
6243
6244
6266
6267
6268
6269
6270
6272
6274
6292
6293
6294
6295
6296
6297
6298
6299
6300
6301
6319
6320
6321
6322
6323
6324
6325
6326
6327
6328
6345
6346
6347
6348
6349
6350
6351
6352
6353
6354
6355
6370
6371
6372
6373
6374
6375
6381
6382
6383
6384
6385
6386
6387
6397
6398
6399
6409
6411
6412
6413
6920
6969
6970
6971
6972
6977
6994
6995
6996
6997
6998
6999
7000
7001
7002
7003
7004
7020
7021
7022
7023
7024
7025
7026
7027
7028
7029
7030
7031
7032
7047
7048
7049
7050
7051
7052
7053
7054
7055
7056
7057
7058
7059
7060
7061
7062
7063
7073
7074
7075
7076
7083
7084
7085
7086
7087
7088
7089
7090
7113
7114
7115
7671
7672
7674
7676
7697
7698
7699
7700
7701
7702
7703
7704
7723
7724
7725
7726
7727
7728
7729
7730
7731
7732
7733
7734
7735
7736
7737
7750
7751
7752
7753
7754
7755
7757
7758
7759
7760
7761
7762
7763
7764
7765
7766
7786
7787
7788
7789
7790
7791
7792
8374
8377
8379
8380
8400
8401
8402
8403
8405
8406
8407
8408
8409
8410
8411
8426
8427
8428
8429
8434
8435
8436
8437
8438
8439
8452
8461
8462
8463
8464
8465
8466
9085
9086
9102
9103
9109
9110
9111
9112
9113
9128
9129
9130
9131
9133
9134
9135
9136
9137
9138
9139
9140
9141
9142
9164
9166
9169
9804
9805
9807
9812
9814
9831
9832
9833
9843
10507
10508
10511
10512
10513
10534
10536
11191
11210
11215
11216
11236
11237
11238
11912
11913
11914
11915
11916
11917
11919
11922
11939
11949
12593
12596
12615
12618
12619
12622
12623
12625
12650
12652
12653
13293
13294
13295
13296
13297
13321
13323
13324
13325
13326
13327
13996
13997
13998
14000
14023
14027
14031
14700
14726
15436
15461
15462
15463
16139
16161
16193
16814
16842
16866
17545
