702
703
806
1352
1378
1379
1380
1405
1406
1482
1508
2028
2054
2055
2056
2080
2081
2082
2108
2132
2158
2210
2704
2730
2756
2757
2758
2759
2782
2783
2784
2785
2808
2834
2860
3380
3406
3432
3433
3434
3458
3459
3460
3461
3484
3485
3486
3487
3510
3536
3565
3588
3589
4082
4108
4134
4135
4136
4160
4161
4162
4163
4186
4212
4213
4238
4239
4240
4264
4291
4292
4318
4758
4784
4810
4811
4812
4836
4837
4838
4839
4862
4863
4864
4888
4889
4914
4915
4916
4940
4941
4942
4966
4967
4968
4969
4992
4993
4994
4995
5021
5022
5460
5486
5512
5513
5514
5538
5539
5540
5564
5565
5590
5591
5592
5593
5616
5617
5618
5619
5620
5621
5642
5643
5644
5645
5646
5668
5669
5670
5671
5672
5694
5696
5697
5699
5723
5724
6136
6162
6188
6189
6214
6215
6216
6217
6240
6241
6242
6266
6267
6268
6269
6292
6293
6294
6295
6296
6318
6319
6320
6321
6322
6344
6345
6346
6347
6348
6349
6351
6370
6371
6372
6373
6384
6386
6399
6400
6409
6411
6412
6413
6414
6864
6865
6890
6891
6892
6916
6917
6918
6942
6943
6944
6968
6969
6970
6971
6972
6994
6995
6996
6997
6998
7020
7021
7022
7023
7024
7025
7030
7033
7046
7047
7048
7049
7050
7051
7052
7057
7058
7060
7061
7062
7063
7074
7075
7077
7082
7084
7085
7086
7087
7088
7089
7090
7101
7109
7110
7113
7115
7127
7128
7566
7618
7619
7620
7621
7644
7645
7646
7647
7649
7670
7671
7672
7673
7674
7696
7697
7698
7699
7700
7701
7722
7723
7724
7725
7726
7727
7731
7733
7734
7735
7736
7749
7750
7751
7752
7753
7754
7756
7759
7760
7761
7762
7763
7764
7765
7776
7777
7778
7783
7784
7785
7786
7787
7788
7789
7790
7791
7803
7811
7828
7829
8320
8321
8322
8347
8348
8349
8350
8351
8373
8374
8375
8377
8378
8399
8400
8401
8402
8403
8405
8425
8426
8427
8428
8429
8431
8432
8434
8435
8436
8438
8454
8459
8461
8462
8463
8464
8465
8477
8478
8479
8480
8483
8484
8486
8487
8488
8504
8505
8506
8531
8997
8998
9023
9024
9025
9026
9049
9050
9051
9052
9075
9076
9077
9078
9101
9102
9103
9104
9105
9106
9111
9112
9127
9128
9129
9130
9131
9132
9133
9134
9137
9138
9141
9154
9155
9157
9158
9162
9163
9164
9165
9181
9182
9183
9184
9187
9207
9210
9212
9213
9699
9700
9725
9726
9727
9751
9752
9753
9754
9779
9780
9804
9805
9806
9807
9811
9813
9831
9832
9833
9834
9835
9838
9841
9856
9857
9858
9859
9860
9861
9863
9864
9867
9869
9883
9884
9885
9887
9888
9890
9891
9895
9909
9916
9936
10403
10428
10429
10433
10454
10455
10456
10457
10480
10481
10482
10483
10506
10507
10508
10509
10510
10514
10533
10534
10535
10536
10538
10539
10544
10558
10559
10560
10561
10562
10563
10587
10588
10590
10613
10617
11104
11110
11130
11131
11133
11156
11157
11159
11183
11184
11185
11186
11209
11210
11211
11212
11213
11214
11215
11234
11235
11237
11238
11239
11240
11241
11243
11262
11263
11264
11265
11266
11269
11270
11274
11276
11288
11289
11291
11292
11294
11315
11784
11809
11810
11813
11836
11837
11838
11839
11840
11859
11860
11866
11867
11885
11887
11888
11889
11891
11912
11913
11914
11915
11916
11917
11918
11920
11921
11938
11939
11941
11942
11943
11944
11945
11947
11948
11950
11964
11965
11966
11967
11968
11970
11972
11973
11993
11994
12483
12485
12486
12512
12513
12514
12515
12516
12540
12541
12542
12543
12569
12589
12590
12591
12592
12593
12614
12615
12616
12617
12618
12619
12620
12621
12623
12640
12641
12642
12643
12644
12645
12646
12647
12648
12649
12650
12652
12668
12669
12670
12671
12672
12673
12674
12675
12676
12677
12678
12679
12695
13132
13159
13161
13162
13185
13186
13187
13188
13189
13190
13214
13215
13216
13217
13218
13244
13245
13266
13293
13294
13295
13296
13316
13317
13318
13319
13320
13321
13322
13323
13324
13325
13326
13327
13328
13344
13345
13346
13347
13348
13349
13350
13351
13353
13354
13355
13356
13371
13372
13373
13375
13377
13378
13380
13398
13835
13836
13860
13861
13862
13863
13864
13865
13888
13889
13890
13891
13893
13894
13917
13918
13920
13921
13976
13996
13999
14001
14020
14021
14023
14025
14026
14028
14029
14030
14032
14047
14048
14049
14050
14051
14052
14056
14058
14076
14079
14082
14535
14536
14537
14538
14539
14562
14563
14564
14565
14566
14567
14592
14593
14594
14752
15211
15212
15213
15238
15239
15240
15241
15269
15296
15887
15914
15941
16618
