1456
2132
2164
2166
2783
2808
2834
2843
2860
2886
3484
3486
3487
3510
3513
3515
3536
3541
3543
3545
3562
4160
4161
4163
4186
4189
4212
4213
4217
4238
4239
4245
4248
4264
4275
4316
4837
4864
4865
4888
4889
4890
4891
4892
4893
4894
4914
4915
4916
4917
4918
4919
4920
4940
4943
4945
4949
4951
4952
4966
4978
5538
5539
5540
5541
5542
5564
5565
5566
5567
5568
5570
5590
5591
5592
5593
5594
5595
5596
5597
5618
5619
5620
5621
5622
5624
5643
5646
5655
5669
5695
5696
6216
6217
6242
6243
6244
6266
6267
6268
6269
6270
6271
6272
6273
6292
6293
6294
6295
6296
6297
6298
6299
6300
6318
6320
6321
6322
6323
6324
6325
6345
6346
6347
6348
6349
6350
6353
6356
6357
6358
6359
6371
6372
6373
6378
6380
6384
6385
6386
6387
6397
6398
6399
6409
6411
6412
6413
6433
6944
6945
6946
6947
6970
6971
6972
6973
6974
6975
6995
6996
6997
6998
6999
7000
7001
7002
7021
7022
7023
7024
7027
7028
7029
7030
7032
7046
7047
7048
7049
7050
7051
7052
7053
7054
7055
7057
7058
7059
7060
7061
7062
7063
7073
7074
7075
7077
7081
7082
7083
7084
7085
7086
7087
7088
7089
7090
7099
7100
7101
7107
7109
7110
7112
7113
7114
7115
7116
7127
7128
7130
7132
7622
7647
7648
7649
7650
7672
7673
7674
7675
7676
7677
7697
7698
7699
7700
7701
7702
7703
7704
7705
7706
7723
7724
7725
7726
7727
7728
7729
7731
7732
7733
7734
7735
7736
7737
7738
7749
7750
7751
7752
7757
7758
7759
7760
7761
7762
7763
7764
7765
7766
7775
7776
7777
7782
7783
7784
7786
7787
7788
7789
7790
7791
7792
7802
7803
7804
7805
7806
7809
7830
7831
8325
8350
8351
8374
8375
8376
8377
8379
8380
8400
8401
8402
8403
8404
8407
8409
8410
8411
8412
8425
8426
8427
8428
8429
8430
8431
8432
8433
8434
8435
8436
8437
8438
8452
8453
8455
8459
8460
8461
8462
8463
8465
8466
8478
8479
8480
8486
8487
8493
8505
8506
8508
8509
8510
8532
9052
9053
9054
9077
9078
9079
9080
9081
9102
9103
9104
9105
9106
9112
9127
9128
9129
9130
9131
9133
9135
9136
9137
9138
9139
9140
9155
9156
9157
9160
9162
9164
9167
9168
9181
9182
9184
9186
9188
9189
9196
9207
9209
9210
9211
9212
9238
9729
9754
9755
9756
9757
9780
9781
9782
9804
9805
9806
9807
9808
9809
9830
9831
9833
9834
9836
9838
9842
9858
9859
9860
9861
9862
9868
9883
9884
9885
9887
9889
9890
9912
9913
9916
9942
10433
10457
10458
10459
10460
10482
10486
10506
10507
10508
10533
10534
10535
10536
10537
10560
10561
10565
10590
10591
10593
10595
10613
11136
11161
11162
11163
11165
11185
11187
11192
11208
11209
11211
11218
11235
11236
11237
11239
11242
11246
11247
11263
11264
11266
11268
11272
11274
11276
11289
11291
11304
11318
11837
11839
11840
11864
11865
11866
11867
11887
11888
11889
11890
11893
11895
11912
11913
11914
11915
11917
11919
11920
11921
11922
11923
11938
11939
11940
11941
11942
11943
11945
11947
11948
11949
11952
11964
11968
11970
11972
11976
11980
11991
11992
11994
11997
12002
12543
12570
12571
12589
12592
12593
12594
12597
12599
12616
12618
12619
12620
12621
12622
12623
12625
12626
12642
12643
12645
12646
12647
12648
12650
12651
12653
12654
12668
12669
12671
12673
12675
12678
12679
12682
12726
13247
13265
13268
13269
13270
13271
13274
13275
13291
13292
13293
13294
13295
13296
13297
13298
13301
13302
13303
13317
13318
13321
13322
13323
13324
13325
13326
13327
13328
13329
13343
13344
13345
13346
13347
13348
13349
13350
13351
13352
13353
13354
13355
13356
13370
13371
13372
13373
13375
13376
13378
13455
13968
13969
13970
13971
13972
13977
13978
13979
13995
13996
13997
13998
13999
14000
14001
14003
14004
14005
14006
14020
14021
14022
14023
14024
14025
14026
14027
14028
14029
14030
14031
14032
14046
14047
14048
14049
14050
14051
14052
14054
14055
14057
14058
14059
14060
14078
14081
14104
14105
14106
14107
14131
14647
14670
14673
14674
14675
14680
14681
14700
14701
14702
14703
14704
14705
14708
14709
14724
14725
14731
14732
14734
14735
14736
14737
14752
14753
14756
14758
14759
14760
14761
14762
14763
14782
14809
14834
15382
15403
15407
15408
15409
15410
15412
15433
15434
15435
15437
15438
15439
15440
15459
15460
15486
15511
16086
16110
16112
16137
16140
16141
16161
16163
16166
16814
16839
16841
