2109
2132
2134
2785
2786
2809
2810
2811
2812
2813
2837
2839
3460
3486
3487
3488
3489
3512
3513
3514
3515
3538
3541
3543
4162
4163
4164
4188
4189
4190
4191
4192
4215
4216
4217
4218
4243
4245
4865
4866
4867
4868
4890
4891
4892
4893
4894
4895
4918
4919
4920
4921
4946
5542
5567
5568
5569
5570
5571
5594
5595
5596
5597
5618
5621
5622
5623
5624
5651
6244
6269
6270
6271
6272
6273
6296
6297
6298
6299
6300
6320
6322
6323
6324
6325
6326
6327
6350
6353
6354
6380
6383
6385
6386
6387
6412
6413
6946
6947
6948
6972
6973
6974
6975
6996
6998
6999
7000
7001
7024
7025
7026
7027
7028
7029
7030
7052
7053
7054
7055
7057
7058
7059
7060
7061
7062
7063
7080
7084
7085
7086
7087
7088
7089
7090
7114
7115
7649
7650
7651
7674
7676
7677
7678
7679
7700
7701
7702
7703
7704
7705
7706
7727
7728
7729
7730
7731
7732
7733
7734
7735
7736
7737
7756
7757
7758
7759
7760
7761
7762
7763
7764
7765
7766
7784
7785
7786
7788
7789
7790
7791
7792
8353
8377
8378
8379
8380
8403
8404
8405
8406
8407
8409
8410
8429
8430
8431
8432
8433
8435
8436
8437
8438
8459
8460
8461
8462
8463
8464
8465
8487
8489
8490
8493
9082
9083
9105
9106
9107
9108
9109
9110
9111
9113
9131
9132
9137
9138
9139
9140
9161
9165
9190
9191
9784
9785
9786
9807
9808
9809
9810
9811
9812
9813
9814
9815
9833
9834
9835
9836
9838
9839
9841
9842
9843
9865
9866
9893
10460
10487
10488
10489
10490
10491
10509
10510
10511
10512
10513
10514
10516
10517
10518
10519
10535
10536
10537
10540
10541
10542
10543
10562
10569
10570
10594
11164
11165
11189
11190
11191
11212
11215
11216
11220
11238
11239
11241
11243
11244
11245
11246
11264
11266
11271
11274
11275
11892
11893
11894
11895
11916
11917
11918
11919
11921
11922
11940
11941
11944
11946
11947
11948
11949
11950
11968
11969
11971
11972
11973
11974
11975
12001
12569
12595
12596
12597
12598
12624
12625
12627
12644
12645
12646
12647
12648
12650
12651
12672
12673
12675
13299
13356
