2028
2054
4186
4212
4238
4862
4888
4914
5564
5590
5616
5617
5621
6266
6267
6292
6293
6318
6319
6320
6323
6355
6385
6386
6387
6411
6412
6413
6942
6968
6969
6970
6994
6995
6996
6997
7020
7021
7022
7023
7027
7028
7030
7049
7056
7057
7058
7059
7060
7061
7062
7063
7083
7085
7086
7087
7088
7089
7090
7115
7644
7645
7670
7671
7672
7673
7696
7697
7698
7699
7700
7722
7723
7724
7725
7726
7732
7733
7734
7735
7736
7756
7758
7759
7760
7761
7762
7763
7764
7765
7787
7788
7789
7790
7791
7792
8320
8346
8347
8348
8372
8373
8374
8375
8399
8400
8401
8402
8403
8408
8409
8425
8426
8427
8428
8431
8435
8436
8437
8438
8461
8462
8463
8464
8466
9022
9023
9024
9048
9049
9050
9051
9075
9076
9077
9078
9079
9101
9102
9103
9104
9111
9128
9129
9131
9137
9138
9139
9140
9165
9166
9167
9725
9726
9751
9752
9753
9754
9777
9778
9779
9780
9803
9804
9805
9806
9838
9840
9841
9842
9869
10428
10430
10454
10455
10456
10458
10480
10481
10482
10507
10508
10515
10545
11156
11157
11158
11159
11160
11161
11182
11183
11184
11185
11187
11188
11210
11211
11212
11215
11247
11834
11836
11859
11860
11861
11862
11863
11864
11885
11886
11887
11888
11889
11890
11913
11914
11915
11916
11947
11949
12536
12537
12539
12561
12562
12563
12564
12565
12588
12590
12591
12592
12593
12616
12618
12619
12621
12625
12649
12650
12651
12652
12653
12654
12676
12677
12679
12680
13238
13239
13241
13263
13264
13265
13266
13267
13269
13290
13291
13292
13293
13294
13295
13296
13297
13319
13320
13321
13322
13323
13324
13325
13326
13327
13328
13329
13351
13352
13353
13354
13355
13356
13382
13383
13385
13941
13942
13943
13944
13966
13967
13968
13969
13970
13971
13972
13994
13995
13996
13997
13998
13999
14000
14001
14002
14003
14023
14024
14025
14026
14027
14028
14029
14030
14031
14053
14054
14055
14056
14057
14058
14059
14084
14644
14645
14646
14647
14648
14649
14670
14671
14672
14673
14674
14675
14676
14699
14700
14701
14702
14703
14704
14705
14727
14728
14729
14731
14733
14787
15352
15376
15377
15378
15379
15403
15404
15405
15406
15408
15430
15431
15490
16080
16081
16105
16107
16108
16134
16161
16783
16810
16811
17487
17513
