0
676
1379
1406
2082
2108
2109
2110
2135
2136
2140
2165
2167
2784
2785
2786
2810
2811
2812
2813
2837
2838
2842
2843
2869
3486
3487
3488
3489
3513
3514
3515
3572
3573
4163
4164
4189
4190
4191
4216
4217
4247
4248
4249
4275
4836
4866
4867
4892
4893
4894
4895
4919
4920
4921
4922
4950
4951
4952
4977
4978
5538
5568
5569
5570
5571
5590
5592
5594
5595
5596
5597
5598
5599
5619
5622
5623
5625
5627
5650
5652
6241
6244
6245
6246
6266
6268
6270
6272
6273
6293
6296
6297
6298
6299
6300
6301
6302
6321
6322
6323
6324
6325
6326
6327
6328
6329
6357
6358
6359
6383
6384
6385
6386
6387
6409
6411
6412
6413
6414
6942
6948
6949
6968
6969
6970
6973
6974
6975
6976
6977
6978
6994
6995
6996
6998
6999
7000
7001
7002
7003
7005
7021
7022
7026
7027
7028
7029
7030
7031
7032
7056
7057
7058
7059
7060
7061
7062
7063
7064
7080
7082
7084
7085
7086
7087
7088
7089
7090
7109
7112
7114
7115
7624
7645
7649
7650
7651
7652
7671
7672
7674
7675
7676
7677
7678
7698
7701
7703
7704
7706
7708
7728
7730
7731
7732
7733
7734
7735
7736
7737
7738
7739
7758
7759
7760
7761
7762
7763
7764
7765
7766
7782
7784
7787
7788
7789
7790
7791
7792
8326
8349
8352
8353
8354
8355
8375
8378
8379
8380
8383
8399
8402
8405
8407
8408
8409
8410
8411
8412
8413
8431
8432
8434
8435
8436
8437
8438
8439
8440
8461
8464
8465
8466
8467
8487
8494
9029
9030
9055
9056
9057
9075
9080
9082
9084
9108
9110
9111
9112
9135
9136
9138
9140
9161
9166
9168
9728
9731
9754
9757
9758
9759
9780
9782
9783
9811
9812
9814
9815
9835
9836
9840
9842
9843
10459
10482
10483
10489
10507
10508
10509
10515
10517
10518
10536
10539
10541
10546
10570
10592
11132
11136
11158
11159
11162
11183
11184
11185
11188
11191
11209
11210
11211
11213
11214
11215
11216
11217
11218
11219
11220
11238
11242
11244
11248
11264
11271
11273
11275
11293
11297
11835
11836
11838
11860
11861
11862
11866
11885
11887
11888
11889
11890
11892
11893
11896
11912
11913
11917
11918
11920
11921
11940
11942
11945
11946
11947
11949
11950
11951
11952
11966
11969
11970
11971
12000
12001
12537
12564
12565
12566
12567
12591
12592
12596
12597
12621
12623
12641
12651
12652
13240
13299
13324
13326
13352
13354
14000
14001
14006
14086
14708
