832
1430
1456
1482
1508
1534
2132
2158
2184
2210
2808
2834
2860
2886
2887
2912
2938
3484
3510
3511
3536
3537
3562
3564
3588
3614
3615
3616
3640
3641
3642
3667
4186
4187
4212
4238
4239
4264
4265
4290
4291
4292
4316
4317
4318
4319
4342
4343
4344
4345
4368
4369
4370
4862
4863
4888
4889
4914
4915
4916
4917
4940
4941
4943
4966
4967
4968
4970
4992
4993
4994
4995
4996
5018
5019
5020
5021
5022
5045
5046
5047
5538
5539
5540
5564
5565
5566
5590
5591
5592
5616
5617
5618
5619
5642
5643
5644
5645
5646
5668
5669
5670
5671
5695
5696
5697
5698
5721
5722
5723
5724
5748
5749
6214
6215
6240
6241
6242
6266
6267
6268
6292
6293
6294
6295
6296
6318
6319
6320
6321
6322
6323
6344
6345
6346
6347
6348
6349
6371
6372
6373
6375
6383
6385
6387
6397
6398
6399
6400
6401
6410
6411
6412
6413
6423
6424
6425
6426
6427
6451
6943
6944
6945
6969
6970
6971
6972
6994
6995
6996
6997
6998
6999
7020
7021
7022
7023
7024
7026
7030
7047
7048
7049
7050
7052
7055
7056
7058
7059
7060
7061
7062
7063
7073
7074
7075
7076
7079
7085
7086
7087
7088
7089
7090
7100
7101
7102
7103
7112
7115
7126
7127
7128
7129
7618
7645
7646
7647
7648
7671
7672
7673
7674
7675
7696
7697
7698
7699
7700
7701
7722
7723
7724
7725
7726
7727
7731
7732
7733
7735
7749
7750
7751
7752
7753
7759
7760
7761
7762
7763
7764
7765
7776
7777
7778
7779
7780
7781
7786
7788
7789
7802
7803
7804
7805
7806
7829
7830
8346
8347
8348
8349
8373
8374
8375
8376
8377
8398
8399
8400
8401
8402
8403
8404
8424
8425
8426
8433
8434
8436
8437
8438
8456
8459
8460
8461
8463
8464
8478
8479
8480
8481
8482
8483
8484
8488
8504
8505
8506
8507
8508
8509
9051
9077
9078
9080
9105
9136
9137
9138
9139
9140
9156
9166
9181
9182
9183
9184
9185
9208
9209
9211
9843
9858
9859
9860
9868
9884
9885
9886
9887
9888
9910
9912
10543
10559
10560
10561
10562
10563
10586
10587
10588
10589
11238
11240
11262
11263
11264
11265
11266
11272
11273
11274
11289
11915
11939
11940
11941
11942
11943
11948
11949
11964
11965
11966
11967
11969
11976
11977
12592
12617
12618
12622
12625
12641
12642
12643
12644
12646
12647
12648
12649
12650
12651
12652
12667
12668
12669
12670
12674
12676
12677
12679
12698
12700
13295
13299
13318
13319
13320
13321
13322
13323
13325
13326
13327
13328
13329
13344
13345
13346
13347
13348
13349
13351
13352
13353
13354
13355
13370
13371
13373
13374
13375
13377
13996
13997
13998
13999
14000
14001
14003
14020
14021
14022
14023
14024
14025
14026
14027
14028
14029
14030
14031
14045
14046
14047
14048
14049
14050
14052
14054
14056
14075
14076
14672
14673
14674
14675
14676
14677
14697
14698
14699
14700
14701
14702
14703
14704
14723
14726
14727
14730
14749
14751
14755
15378
15403
