2055
2158
2184
2730
2758
2785
2834
2860
2886
3432
3434
3459
3510
3536
3562
3588
3614
4136
4137
4186
4212
4238
4264
4265
4290
4291
4316
4317
4343
4862
4888
4914
4940
4966
4967
4992
4993
4994
5018
5019
5020
5564
5570
5590
5616
5617
5642
5643
5668
5669
5670
5671
5694
5695
5696
5697
5721
5722
6216
6244
6245
6266
6273
6274
6292
6293
6300
6318
6319
6320
6344
6345
6346
6347
6370
6371
6372
6373
6374
6397
6398
6399
6400
6947
6948
6968
6969
6970
6975
6976
6994
6995
6996
6997
7003
7020
7021
7022
7023
7024
7046
7047
7048
7049
7050
7072
7073
7074
7075
7076
7101
7102
7103
7104
7622
7647
7650
7651
7670
7671
7672
7673
7677
7678
7696
7697
7698
7699
7700
7703
7723
7724
7725
7726
7727
7749
7750
7751
7752
7753
7777
7778
7779
8323
8324
8325
8326
8347
8348
8349
8350
8351
8352
8353
8354
8372
8373
8374
8375
8376
8377
8378
8379
8380
8381
8382
8398
8399
8400
8401
8402
8407
8409
8425
8426
8427
8428
8429
8453
8454
8455
8999
9000
9001
9024
9025
9026
9027
9028
9029
9049
9050
9051
9052
9053
9054
9055
9056
9076
9077
9078
9079
9080
9081
9083
9084
9085
9086
9103
9104
9105
9111
9112
9130
9131
9156
9157
9675
9676
9701
9733
9815
9834
