4190
4893
4919
4920
5569
5595
5596
5597
5622
5623
5624
5625
6272
6298
6299
6300
6325
6326
6975
6976
7001
7002
7029
7678
7679
7704
7705
8381
8382
8407
8408
8409
9084
9085
9110
9111
9112
9787
9788
9813
9814
9815
9841
10490
10491
10517
10518
10544
11193
11194
11220
11221
11247
11897
11923
11924
11950
11951
12600
12626
12627
12628
12653
12654
13303
13329
13330
13331
13356
13357
14007
14032
14033
14034
14059
14060
14735
14736
14737
14762
14763
14764
15439
15440
15465
15466
15467
16142
16143
16168
16169
16170
16845
16846
16871
16872
17548
17549
17575
