676
1352
1378
1379
1405
1406
2055
2081
2082
2083
2107
2108
2109
2133
2135
2136
2704
2731
2732
2756
2757
2758
2782
2783
2784
2785
2786
2810
2811
2812
2838
3407
3433
3434
3458
3460
3461
3462
3484
3486
3487
3488
3489
3511
3513
3514
3515
3536
3539
3590
4056
4083
4136
4137
4160
4163
4164
4165
4189
4190
4191
4214
4215
4216
4217
4218
4238
4240
4242
4243
4264
4267
4268
4293
4294
4295
4786
4836
4839
4840
4866
4890
4891
4892
4893
4894
4914
4915
4917
4918
4919
4920
4940
4941
4943
4944
4945
4946
4969
4970
4971
4972
4998
5516
5539
5541
5565
5566
5567
5568
5569
5570
5590
5594
5595
5596
5597
5616
5617
5618
5619
5620
5621
5622
5623
5624
5642
5645
5646
5647
5648
5669
5670
5671
5672
5673
5674
6218
6219
6242
6243
6246
6266
6268
6270
6271
6272
6273
6292
6293
6294
6295
6296
6297
6298
6299
6300
6301
6318
6320
6321
6322
6323
6324
6325
6326
6327
6346
6347
6348
6349
6350
6351
6372
6894
6896
6921
6923
6944
6946
6947
6948
6949
6970
6971
6972
6973
6974
6975
6976
6996
6997
6998
6999
7000
7001
7002
7003
7022
7023
7024
7025
7026
7027
7028
7029
7030
7049
7050
7051
7075
7572
7598
7621
7624
7625
7647
7648
7649
7650
7651
7652
7672
7673
7674
7675
7676
7677
7678
7679
7698
7699
7700
7701
7702
7703
7704
7705
7706
7707
7725
7726
7727
7730
7731
7732
7733
7751
7752
7753
7759
8247
8273
8274
8299
8324
8328
8349
8350
8351
8352
8375
8376
8377
8378
8379
8380
8381
8383
8401
8402
8403
8406
8407
8408
8409
8410
8428
8429
8430
8435
8436
8454
8455
8923
8949
8950
8976
8977
9029
9053
9054
9056
9057
9078
9079
9080
9081
9082
9085
9104
9105
9106
9107
9110
9112
9113
9130
9131
9132
9138
9139
9157
9158
9625
9626
9653
9754
9755
9756
9757
9780
9781
9782
9783
9784
9806
9807
9808
9809
9810
9833
9834
10356
10432
10433
10457
10458
10459
10460
10483
10484
10485
10509
10510
10511
10518
10537
11133
11135
11136
11160
11161
11162
11163
11164
11186
11187
11188
11189
11214
11812
11837
11838
11839
11840
11863
11864
11865
11866
11867
11891
11892
11916
12516
12541
12542
12543
12568
12569
12570
13245
14733
14813
15438
16112
16113
16139
16140
16141
16142
16817
16844
17545
17548
18168
