676
1352
1378
1405
1482
1508
2054
2081
2106
2107
2108
2132
2135
2158
2184
2783
2784
2785
2808
2811
2834
2860
2886
3406
3458
3459
3460
3461
3484
3486
3487
3488
3510
3513
3514
3536
3562
3588
3614
4134
4160
4161
4186
4190
4217
4238
4239
4264
4265
4290
4316
4838
4862
4863
4865
4866
4888
4891
4892
4893
4914
4915
4916
4917
4918
4919
4940
4942
4943
4966
4967
4992
4993
4994
5019
5020
5513
5542
5564
5565
5566
5567
5568
5569
5591
5592
5593
5594
5595
5596
5617
5618
5619
5620
5621
5622
5623
5624
5644
5645
5668
5669
5670
5671
5694
5695
5696
5697
5722
5723
6241
6243
6244
6268
6269
6270
6271
6272
6294
6295
6296
6297
6298
6299
6300
6319
6320
6321
6322
6323
6324
6325
6326
6345
6346
6347
6348
6370
6371
6372
6373
6397
6398
6399
6400
6945
6946
6947
6970
6971
6972
6973
6974
6975
6995
6996
6997
6998
6999
7000
7001
7002
7021
7022
7023
7024
7025
7027
7028
7030
7046
7047
7048
7049
7050
7051
7072
7073
7074
7075
7076
7100
7101
7103
7622
7623
7647
7648
7649
7650
7672
7673
7674
7675
7676
7677
7678
7698
7699
7700
7701
7702
7703
7704
7705
7723
7724
7725
7726
7727
7731
7749
7750
7751
7752
7753
8324
8325
8350
8351
8352
8353
8375
8376
8377
8378
8379
8380
8381
8400
8401
8402
8403
8404
8406
8407
8427
8428
8429
8430
8433
8454
8455
9052
9053
9054
9055
9078
9079
9080
9081
9082
9103
9104
9105
9106
9107
9131
9132
9729
9755
9756
9758
9780
9781
9782
9783
9806
9808
9809
9811
9812
10432
10433
10434
10458
10459
10460
10461
10462
10484
10485
10486
10487
10488
10489
10512
10513
11109
11110
11135
11136
11137
11138
11162
11163
11164
11165
11187
11188
11189
11190
11191
11217
11812
11838
11839
11840
11841
11865
11866
11867
11868
11869
11893
11894
11895
11896
11921
11947
11949
12514
12515
12516
12517
12518
12541
12542
12543
12544
12545
12569
12570
12571
12572
12597
12598
12599
12624
12625
12626
12652
13219
13245
13246
13247
13248
13270
13272
13273
13274
13275
13276
13300
13301
13302
13303
13327
13328
13329
13330
13355
13377
13949
13951
13975
13976
13977
13978
13979
14004
14005
14006
14007
14030
14031
14032
14033
14034
14052
14053
14056
14058
14059
14060
14078
14080
14081
14650
14677
14679
14680
14681
14706
14707
14708
14709
14710
14731
14732
14733
14734
14735
14736
14737
14756
14757
14758
14759
14761
14762
14763
14783
14784
14785
14788
14809
15353
15410
15411
15412
15433
15434
15435
15437
15438
15439
15458
15461
15462
15463
15464
15465
15466
15486
16083
16109
16114
16115
16135
16138
16140
16141
16142
16143
16167
16168
16169
16170
16195
16196
16786
16817
16842
16843
16844
16845
16846
16867
16869
16870
16871
16872
16873
17489
17521
17522
17546
17547
17548
17549
17572
17573
17574
17575
