2860
3513
3514
3515
3516
3517
3562
4164
4186
4189
4190
4191
4193
4212
4213
4219
4238
4264
4265
4290
4836
4837
4839
4862
4863
4864
4865
4866
4888
4889
4890
4914
4916
4940
4941
4942
4966
4967
4968
4969
4992
5513
5514
5538
5539
5540
5541
5564
5565
5566
5567
5568
5590
5591
5592
5616
5617
5618
5642
5643
5644
5645
5647
5668
5669
5670
5671
5672
5676
5696
5697
5698
6216
6217
6240
6241
6242
6243
6244
6266
6267
6268
6269
6270
6292
6293
6294
6295
6318
6319
6320
6321
6326
6344
6345
6346
6347
6348
6350
6351
6352
6360
6371
6372
6373
6374
6375
6378
6380
6382
6385
6386
6387
6397
6398
6399
6400
6412
6413
6439
6916
6942
6943
6944
6945
6946
6968
6969
6970
6971
6974
6975
6994
6995
6996
6997
6999
7001
7020
7021
7022
7023
7024
7026
7027
7028
7029
7030
7046
7047
7048
7049
7050
7051
7052
7055
7056
7057
7059
7060
7061
7062
7063
7074
7075
7076
7077
7081
7082
7083
7084
7085
7086
7087
7088
7089
7090
7102
7103
7112
7114
7115
7592
7618
7619
7644
7645
7646
7670
7671
7672
7673
7674
7675
7696
7697
7698
7699
7700
7701
7702
7703
7722
7723
7724
7725
7726
7730
7732
7733
7734
7735
7736
7737
7738
7749
7750
7751
7752
7753
7754
7755
7756
7757
7758
7759
7760
7761
7762
7763
7764
7765
7766
7776
7777
7778
7779
7780
7781
7782
7783
7784
7785
7786
7787
7788
7789
7790
7791
7792
8294
8295
8320
8321
8322
8346
8347
8348
8349
8372
8373
8374
8375
8376
8377
8379
8398
8399
8400
8401
8402
8403
8404
8407
8408
8409
8411
8412
8425
8426
8427
8428
8429
8430
8431
8432
8433
8434
8435
8436
8437
8438
8439
8452
8453
8454
8455
8456
8457
8458
8459
8460
8461
8462
8463
8464
8465
8466
8467
8478
8480
8481
8482
8483
8487
8489
8490
8506
8508
8997
9022
9023
9024
9025
9048
9049
9050
9051
9052
9075
9076
9077
9079
9081
9083
9102
9103
9104
9105
9106
9107
9109
9110
9111
9112
9113
9127
9128
9129
9130
9131
9132
9133
9134
9135
9136
9137
9138
9155
9156
9157
9158
9159
9162
9163
9165
9182
9183
9184
9185
9189
9190
9211
9699
9725
9726
9727
9728
9751
9752
9753
9754
9755
9778
9779
9780
9781
9783
9804
9805
9806
9807
9808
9809
9811
9813
9814
9831
9832
9833
9834
9835
9836
9837
9838
9841
9857
9858
9859
9860
9861
9862
9864
9866
9869
9884
9885
9886
9887
9888
9889
9912
9914
10401
10402
10403
10404
10428
10429
10430
10454
10455
10456
10459
10480
10481
10482
10483
10484
10485
10486
10490
10506
10507
10508
10509
10510
10512
10516
10533
10534
10535
10536
10537
10538
10539
10540
10560
10561
10562
10563
10564
10566
10587
10588
10589
11105
11106
11107
11131
11132
11158
11159
11183
11184
11185
11186
11187
11188
11190
11211
11212
11213
11214
11216
11237
11238
11239
11240
11243
11244
11246
11263
11264
11265
11266
11267
11268
11270
11271
11272
11273
11290
11291
11295
11300
11807
11808
11809
11833
11834
11835
11860
11861
11863
11886
11887
11888
11889
11890
11912
11913
11914
11915
11916
11917
11918
11919
11920
11921
11939
11940
11941
11942
11943
11944
11945
11946
11947
11949
11966
11967
11968
11969
11970
11971
11972
11973
11974
11976
11992
12000
12001
12510
12536
12537
12538
12562
12563
12564
12566
12569
12589
12590
12591
12592
12593
12594
12595
12596
12615
12616
12617
12618
12619
12620
12621
12622
12623
12624
12641
12642
12643
12644
12645
12646
12647
12648
12650
12651
12652
12668
12669
12670
12671
12672
12673
12674
12675
12676
12677
12679
12696
12704
13239
13241
13265
13266
13267
13268
13269
13292
13293
13294
13295
13296
13297
13298
13299
13300
13318
13319
13320
13321
13322
13323
13324
13325
13326
13327
13328
13345
13346
13347
13348
13349
13350
13351
13352
13353
13354
13371
13372
13373
13374
13375
13376
13377
13378
13379
13380
13381
13408
13889
13916
13943
13945
13969
13970
13971
13973
13995
13996
13997
13998
13999
14000
14001
14002
14021
14022
14023
14024
14025
14026
14027
14028
14030
14047
14048
14049
14050
14051
14052
14055
14074
14075
14076
14077
14078
14080
14083
14106
14109
14674
14699
14700
14701
14702
14703
14704
14724
14725
14726
14727
14728
14729
14730
14750
14751
14752
14753
14754
14755
14760
14761
14777
14781
14782
14783
15403
15406
15407
15427
15428
15430
15433
15435
15454
15455
15459
16109
16130
16133
16134
16160
16162
16185
16784
16812
16837
