754
1508
2158
2210
2236
2834
2860
2886
2912
2913
2915
2938
2939
3562
3563
3564
3588
3593
3614
3615
3616
3617
3618
3619
3640
3641
3642
3644
3666
3667
3668
4186
4212
4238
4239
4264
4265
4266
4290
4291
4292
4294
4296
4297
4316
4317
4318
4319
4320
4321
4322
4323
4324
4342
4343
4344
4345
4346
4369
4370
4862
4888
4914
4916
4944
4947
4966
4967
4969
4972
4992
4993
4994
4995
4996
4997
4998
4999
5001
5018
5019
5020
5021
5022
5023
5024
5025
5026
5045
5046
5047
5048
5051
5073
5564
5590
5616
5617
5623
5624
5645
5646
5647
5649
5651
5669
5670
5671
5673
5674
5675
5676
5694
5695
5696
5697
5698
5699
5700
5701
5702
5703
5721
5722
5723
5724
5725
5729
5748
5749
5750
6240
6266
6292
6293
6318
6319
6320
6345
6346
6347
6348
6349
6350
6352
6371
6372
6373
6374
6376
6377
6378
6379
6380
6385
6387
6397
6398
6399
6400
6404
6405
6406
6407
6408
6409
6410
6411
6412
6413
6424
6425
6426
6431
6432
6433
6434
6452
6968
6969
6994
6995
6996
6997
7021
7022
7023
7024
7025
7026
7027
7029
7047
7048
7049
7050
7051
7052
7053
7054
7055
7056
7057
7059
7062
7073
7074
7075
7076
7077
7078
7081
7082
7083
7084
7085
7086
7087
7088
7089
7090
7100
7101
7102
7103
7107
7108
7109
7110
7111
7112
7113
7114
7126
7127
7128
7134
7136
7670
7671
7672
7696
7697
7698
7699
7700
7701
7722
7723
7724
7725
7726
7727
7728
7729
7730
7731
7732
7749
7750
7751
7752
7753
7754
7755
7756
7757
7758
7759
7760
7761
7762
7763
7764
7765
7782
7783
7784
7785
7786
7787
7788
7789
7790
7803
7804
7810
7811
7812
7829
7830
8346
8347
8348
8372
8373
8374
8375
8399
8400
8401
8402
8404
8425
8426
8427
8428
8431
8433
8434
8437
8452
8454
8455
8456
8459
8462
8463
8464
8488
8489
8490
8505
8506
8507
8532
9049
9050
9051
9075
9076
9077
9102
9103
9104
9135
9138
9164
9181
9183
9207
9208
9780
9807
9839
9883
9884
9885
9886
9910
10586
10587
10588
10589
11262
11264
11268
11288
11289
11965
11966
11991
11992
12643
12667
12668
12669
12727
13320
13321
13325
13344
13345
13346
13348
13351
13370
13371
14021
14022
14023
14024
14025
14047
14048
14729
