1430
1456
2133
2210
2236
2262
2783
2809
2812
2838
2860
2886
2912
2938
2939
2964
3485
3486
3512
3537
3540
3588
3589
3614
3615
3618
3640
3641
3642
3667
4161
4162
4186
4187
4188
4189
4212
4215
4216
4217
4240
4242
4246
4264
4268
4271
4290
4291
4293
4316
4317
4318
4319
4322
4342
4343
4344
4345
4369
4370
4371
4862
4863
4864
4888
4889
4890
4891
4892
4914
4915
4916
4918
4920
4921
4940
4942
4943
4944
4945
4947
4950
4966
4967
4970
4972
4992
4993
4994
4995
4996
4997
4998
4999
5019
5020
5021
5022
5023
5024
5025
5045
5046
5047
5048
5564
5590
5591
5592
5593
5594
5595
5596
5616
5617
5618
5619
5620
5621
5624
5642
5643
5644
5645
5646
5647
5648
5649
5650
5651
5668
5669
5670
5671
5672
5673
5674
5675
5676
5677
5694
5695
5696
5697
5698
5699
5700
5701
5702
5703
5721
5722
5723
5724
5725
5726
5748
5749
5750
6266
6292
6293
6296
6298
6299
6319
6320
6321
6322
6323
6324
6325
6326
6327
6344
6345
6346
6347
6348
6349
6351
6352
6370
6371
6372
6373
6374
6375
6376
6377
6378
6379
6380
6382
6397
6398
6399
6400
6401
6402
6403
6404
6405
6406
6407
6409
6410
6411
6412
6424
6425
6426
6427
6428
6431
6432
6968
6969
6970
6975
6994
6995
6996
6997
6998
6999
7000
7020
7021
7022
7023
7024
7025
7026
7027
7028
7046
7047
7048
7049
7050
7051
7052
7053
7054
7055
7056
7057
7058
7059
7060
7061
7062
7072
7073
7074
7075
7076
7077
7078
7079
7080
7081
7082
7083
7084
7085
7086
7087
7088
7089
7101
7102
7103
7104
7106
7108
7109
7110
7111
7113
7114
7115
7128
7670
7671
7672
7673
7696
7697
7698
7699
7700
7701
7702
7703
7722
7723
7724
7725
7726
7727
7728
7729
7730
7731
7732
7734
7749
7750
7751
7752
7753
7754
7755
7756
7757
7758
7759
7760
7761
7762
7763
7764
7765
7777
7778
7779
7783
7784
7785
7786
7787
7788
7789
7790
7791
7803
7804
7805
7808
7812
7813
8346
8347
8372
8373
8374
8375
8399
8400
8401
8402
8405
8408
8425
8426
8427
8428
8429
8430
8431
8433
8434
8435
8437
8451
8453
8454
8459
8460
8461
8462
8463
8464
8479
8480
8481
8482
8484
8506
9050
9076
9077
9078
9102
9103
9104
9107
9131
9133
9135
9161
9165
9185
9779
9806
9807
9808
9835
9865
10537
