1352
1378
2106
2784
2785
2808
2812
2813
2834
2860
3458
3460
3484
3485
3486
3487
3488
3510
3511
3512
3513
3514
3515
3516
3536
3542
4160
4161
4162
4186
4187
4188
4189
4190
4191
4192
4212
4213
4214
4215
4216
4217
4218
4238
4239
4243
4244
4264
4836
4837
4863
4864
4865
4888
4889
4890
4891
4893
4894
4914
4915
4916
4917
4918
4919
4920
4921
4940
4941
4942
4943
4944
4947
4948
4966
5538
5539
5540
5565
5566
5567
5568
5569
5590
5591
5592
5593
5594
5595
5596
5597
5616
5617
5618
5619
5620
5621
5622
5623
5624
5643
5644
5645
5647
5648
5650
5652
5669
5670
5671
5676
6215
6241
6242
6267
6268
6269
6270
6271
6272
6292
6293
6294
6295
6296
6297
6298
6299
6318
6319
6320
6321
6323
6324
6325
6326
6344
6345
6346
6347
6348
6349
6354
6371
6372
6373
6381
6382
6385
6386
6387
6412
6413
6944
6945
6970
6971
6972
6973
6974
6975
6995
6996
6997
6998
6999
7000
7001
7002
7021
7022
7023
7024
7025
7028
7031
7049
7055
7057
7058
7059
7060
7061
7062
7063
7082
7085
7086
7087
7088
7089
7090
7115
7673
7674
7675
7677
7678
7698
7699
7700
7701
7726
7727
7732
7733
7734
7735
7736
7737
7753
7758
7759
7760
7761
7762
7763
7764
7765
7788
7790
7791
8405
8429
8431
8436
8437
8438
8439
8462
8463
8464
8466
8492
9112
9139
9140
9167
9814
9817
13326
14005
14030
14053
14054
14056
14706
14707
14708
14731
14732
14733
14734
14735
14757
14758
14759
14760
14783
15407
15409
15410
15411
15432
15434
15435
15436
15437
15460
15461
15463
16109
16110
16111
16112
16137
16138
16140
16841
16842
