732
2106
2109
2165
2166
2167
2783
2808
2810
2812
2813
2834
2840
2841
2842
2844
2860
2869
3458
3484
3485
3487
3488
3510
3511
3512
3513
3514
3516
3517
3536
3541
3542
3544
3562
3563
3571
3572
3588
4161
4162
4163
4187
4188
4189
4190
4191
4212
4213
4214
4215
4216
4217
4218
4238
4239
4240
4245
4248
4264
4265
4837
4862
4863
4864
4865
4866
4867
4868
4888
4889
4890
4891
4892
4893
4894
4895
4914
4915
4916
4917
4918
4919
4920
4921
4924
4940
4941
4942
4949
4950
4951
4953
4966
4967
4968
4977
4979
5540
5541
5564
5565
5566
5567
5568
5569
5570
5571
5590
5591
5592
5593
5594
5595
5596
5597
5616
5617
5618
5619
5620
5621
5622
5623
5627
5642
5643
5644
5645
5649
5652
5668
5669
5670
5681
5695
5696
6242
6243
6267
6268
6269
6270
6271
6272
6273
6292
6293
6294
6295
6296
6297
6298
6299
6300
6318
6319
6320
6321
6322
6323
6324
6325
6327
6329
6330
6344
6345
6346
6347
6355
6356
6357
6371
6372
6373
6383
6384
6385
6386
6387
6411
6412
6413
6944
6945
6946
6970
6971
6972
6973
6974
6976
6977
6995
6996
6997
6998
6999
7000
7001
7002
7003
7021
7022
7023
7024
7026
7030
7031
7032
7047
7048
7049
7050
7055
7056
7057
7059
7060
7061
7062
7063
7085
7086
7087
7088
7089
7090
7114
7115
7647
7674
7675
7676
7677
7679
7680
7698
7699
7700
7701
7702
7704
7705
7707
7724
7725
7726
7733
7734
7735
7736
7737
7739
7759
7760
7761
7762
7763
7764
7765
7766
7789
7790
7791
7792
8323
8349
8376
8378
8381
8407
8408
8409
8410
8411
8427
8432
8434
8435
8436
8437
8438
8439
8462
8463
8464
8465
8466
8468
9051
9052
9077
9079
9083
9084
9085
9108
9110
9111
9112
9113
9137
9138
9139
9140
9141
9166
9167
9781
9783
9785
9786
9787
9788
9814
9840
10430
10456
10459
10460
10490
10514
10543
11133
11159
11160
11161
11216
11218
11241
11242
11243
11835
11890
11891
11892
11894
11919
11920
11921
11944
11945
11946
11949
11950
11976
11978
12538
12540
12564
12565
12593
12594
12595
12621
12623
12624
12625
12626
12651
12653
12682
13240
13266
13267
13270
13272
13296
13297
13298
13299
13300
13324
13327
13351
13352
13353
13354
13355
13917
13943
13944
13969
13970
13971
13972
13973
13998
13999
14000
14001
14002
14027
14028
14029
14030
14031
14054
14056
14057
14078
14647
14648
14673
14674
14675
14676
14677
14703
14705
14709
14730
14731
14732
14733
14734
14735
14755
14756
14757
14758
14759
14760
14761
14782
15377
15408
15409
15410
15432
15433
15434
15435
15436
15437
15458
15459
15460
15461
15463
15485
16110
16135
16136
16138
16139
16140
16162
16164
16838
16864
