104
156
806
832
1456
1482
1508
1534
2132
2158
2184
2210
2236
2834
2835
2860
2886
2912
2913
2938
2939
3484
3510
3536
3562
3588
3589
3614
3615
3616
3640
3641
3642
3666
3667
3668
4160
4212
4238
4239
4240
4241
4264
4265
4266
4290
4291
4292
4316
4317
4318
4319
4342
4343
4344
4345
4369
4370
4862
4888
4889
4915
4916
4940
4941
4942
4943
4966
4967
4968
4969
4992
4993
4994
4995
5018
5019
5020
5021
5022
5045
5046
5047
5048
5538
5539
5564
5565
5590
5591
5592
5593
5617
5618
5619
5642
5643
5644
5645
5646
5668
5669
5670
5671
5672
5695
5696
5697
5698
5721
5722
5723
5724
5748
5749
6214
6215
6240
6241
6266
6268
6293
6294
6296
6318
6319
6320
6321
6322
6344
6345
6346
6347
6348
6349
6370
6371
6372
6373
6374
6375
6379
6380
6383
6386
6387
6397
6398
6399
6400
6401
6411
6412
6413
6424
6425
6426
6427
6942
6945
6968
6969
6970
6971
6972
6994
6995
6996
6997
6998
7020
7021
7022
7023
7047
7048
7049
7050
7052
7056
7057
7060
7061
7062
7074
7075
7076
7077
7081
7082
7083
7084
7085
7086
7087
7088
7089
7090
7100
7101
7102
7103
7109
7112
7113
7115
7126
7127
7128
7129
7644
7645
7646
7647
7648
7670
7671
7672
7673
7674
7675
7696
7697
7698
7699
7722
7723
7724
7725
7749
7750
7751
7752
7757
7758
7759
7760
7761
7762
7763
7765
7776
7777
7778
7783
7784
7785
7786
7787
7788
7789
7790
7802
7803
7804
7806
7807
7811
7830
7832
8348
8349
8351
8374
8375
8376
8399
8400
8402
8427
8431
8432
8434
8437
8453
8460
8461
8462
8463
8464
8479
8480
8481
8484
8485
8488
8505
8506
8507
8508
8510
9129
9130
9137
9139
9155
9156
9163
9164
9165
9166
9181
9182
9183
9207
9208
9209
9210
9832
9838
9839
9858
9859
9860
9861
9866
9883
9884
9885
9886
9887
9888
9894
9910
9911
9912
9914
9915
10535
10560
10561
10562
10563
10565
10586
10587
10588
10589
10591
10595
10612
10613
10618
11237
11262
11263
11264
11270
11288
11289
11290
11291
11294
11296
11299
11939
11940
11964
11965
11966
11967
11968
11969
11970
11972
11974
11992
11994
11995
11996
11997
11998
11999
12617
12641
12642
12643
12646
12647
12648
12649
12650
12651
12653
12667
12668
12669
12670
12671
12672
12673
12674
12675
12676
12679
12693
12696
12697
13318
13319
13320
13321
13322
13323
13324
13325
13326
13344
13345
13346
13347
13348
13349
13351
13353
13355
13369
13370
13371
13372
13373
13374
13378
13379
13996
13997
13998
13999
14020
14021
14022
14023
14024
14025
14026
14027
14046
14047
14049
14050
14051
14055
14698
14699
14726
14730
