1430
1431
1438
1456
1463
2140
2141
2158
2160
2166
2808
2809
2834
2842
2843
2860
2861
2865
2912
2938
2964
3484
3485
3486
3510
3536
3537
3562
3566
3572
3573
3588
3614
3640
3641
3666
3667
4134
4160
4161
4162
4163
4186
4189
4212
4213
4215
4238
4239
4243
4249
4250
4264
4266
4275
4290
4291
4302
4316
4317
4318
4342
4343
4344
4369
4370
4810
4836
4837
4838
4862
4863
4864
4888
4889
4890
4891
4892
4893
4914
4915
4916
4917
4918
4940
4941
4942
4943
4944
4946
4952
4966
4967
4968
4969
4970
4971
4972
4975
4977
4979
4992
4993
4994
4997
4998
5018
5019
5020
5021
5045
5046
5047
5512
5538
5539
5540
5564
5565
5566
5590
5591
5592
5593
5594
5595
5616
5617
5618
5619
5620
5621
5622
5628
5642
5643
5644
5645
5646
5649
5668
5669
5670
5671
5672
5673
5675
5681
5682
5694
5695
5696
5697
5698
5703
5721
5722
5723
6214
6215
6216
6240
6241
6242
6266
6267
6268
6269
6270
6271
6292
6293
6294
6295
6296
6297
6298
6318
6319
6320
6321
6322
6323
6324
6344
6345
6346
6347
6348
6350
6370
6371
6372
6373
6374
6376
6377
6378
6379
6384
6385
6386
6387
6397
6398
6399
6400
6401
6410
6411
6412
6413
6423
6424
6425
6426
6918
6943
6944
6945
6969
6970
6971
6972
6973
6994
6995
6996
6997
6998
6999
7000
7001
7021
7022
7023
7024
7025
7026
7028
7047
7048
7049
7050
7051
7052
7053
7055
7056
7057
7058
7059
7060
7061
7062
7063
7072
7073
7074
7075
7076
7077
7079
7081
7082
7083
7084
7085
7086
7087
7088
7089
7090
7099
7100
7101
7102
7106
7109
7112
7114
7115
7116
7645
7646
7647
7671
7672
7673
7674
7675
7697
7698
7699
7700
7701
7702
7703
7723
7724
7725
7726
7727
7728
7729
7730
7732
7735
7749
7750
7751
7752
7753
7754
7755
7756
7757
7758
7759
7760
7761
7762
7763
7764
7765
7775
7776
7777
7778
7779
7780
7781
7782
7783
7784
7785
7786
7787
7788
7789
7790
7791
7792
7802
7803
7804
7805
7808
8347
8348
8349
8350
8352
8373
8374
8375
8376
8377
8378
8399
8400
8401
8402
8403
8404
8405
8425
8426
8427
8428
8429
8432
8433
8434
8435
8436
8437
8452
8453
8454
8455
8456
8457
8458
8459
8460
8462
8463
8464
8467
8478
8479
8480
8481
8482
8483
8484
8485
8486
8487
8489
8494
9050
9051
9076
9077
9078
9079
9080
9102
9103
9104
9105
9106
9107
9129
9130
9131
9132
9135
9136
9139
9155
9156
9157
9158
9159
9160
9161
9162
9163
9164
9165
9181
9182
9183
9184
9185
9186
9187
9188
9190
9191
9193
9754
9755
9756
9780
9781
9782
9807
9808
9809
9831
9832
9833
9834
9835
9836
9837
9838
9857
9858
9859
9860
9861
9862
9863
9864
9866
9883
9884
9885
9886
9887
9888
9890
9891
9892
10483
10509
10510
10512
10513
10533
10534
10535
10536
10537
10538
10539
10540
10542
10559
10560
10561
10562
10563
10564
10565
10566
10567
10568
10590
10594
10597
11190
11214
11216
11237
11238
11239
11240
11241
11242
11243
11244
11264
11265
11266
11267
11268
11269
11270
11271
11292
11917
11918
11919
11920
11940
11943
12646
12670
14756
14783
14786
15380
15405
15431
15432
15434
15436
15458
15460
15461
15462
15484
15485
16082
16083
16108
16109
16134
16135
16137
16138
16161
16189
16786
16811
16812
16837
16838
16839
16867
17489
17514
17515
17541
18217
18218
18244
