806
832
1456
1482
1484
1485
1508
1534
2132
2133
2158
2184
2185
2210
2236
2808
2834
2860
2861
2886
2887
2912
2913
2938
2939
2964
2965
3484
3510
3536
3562
3566
3588
3589
3590
3591
3614
3615
3616
3640
3641
3642
3666
3667
3668
4186
4212
4213
4238
4239
4240
4266
4270
4290
4292
4294
4295
4297
4298
4316
4317
4318
4319
4320
4321
4342
4343
4344
4345
4346
4347
4368
4369
4370
4371
4862
4888
4914
4916
4966
4967
4968
4973
4993
4994
4995
4996
4997
4998
4999
5000
5001
5019
5020
5021
5022
5023
5024
5045
5046
5047
5048
5590
5591
5616
5617
5618
5642
5651
5668
5671
5673
5674
5675
5676
5677
5696
5697
5698
5699
5700
5701
5721
5722
5723
5724
5725
5747
5748
5749
5750
5751
6292
6293
6295
6319
6320
6321
6322
6323
6325
6345
6346
6347
6348
6350
6352
6370
6372
6373
6374
6375
6376
6377
6378
6379
6380
6382
6383
6385
6386
6387
6398
6399
6400
6402
6403
6404
6405
6407
6409
6410
6411
6412
6413
6423
6424
6425
6426
6427
6435
6436
6449
6451
6452
6968
6969
6970
6994
6995
6996
6997
7020
7021
7022
7023
7024
7047
7048
7049
7050
7051
7052
7053
7054
7055
7057
7058
7059
7060
7061
7062
7063
7075
7077
7078
7079
7080
7081
7082
7083
7084
7085
7086
7087
7088
7089
7090
7100
7101
7102
7106
7108
7109
7110
7111
7113
7114
7115
7125
7126
7127
7129
7130
7134
7135
7152
7154
7644
7670
7671
7672
7697
7698
7699
7700
7706
7723
7724
7725
7726
7727
7731
7733
7735
7737
7749
7750
7751
7752
7753
7755
7756
7757
7758
7759
7760
7761
7762
7763
7764
7765
7779
7782
7783
7784
7785
7786
7787
7788
7789
7802
7803
7804
7805
7807
7810
7812
7828
7829
7830
7855
8346
8347
8372
8373
8374
8375
8376
8399
8400
8401
8405
8409
8412
8426
8429
8431
8432
8434
8435
8436
8437
8438
8439
8440
8460
8461
8462
8463
8464
8465
8491
8504
8505
8506
8507
8508
8531
8532
8533
9049
9050
9076
9101
9102
9103
9104
9105
9106
9131
9135
9136
9138
9139
9140
9163
9164
9181
9206
9207
9208
9210
9233
9234
9778
9779
9804
9805
9806
9812
9813
9815
9834
9837
9842
9883
9884
9885
9886
9909
9910
9911
9912
9936
10454
10455
10480
10481
10482
10507
10536
10560
10564
10566
10569
10585
10586
10587
10588
10590
10611
10612
10613
10614
11182
11183
11184
11209
11262
11263
11264
11288
11289
11291
11315
11316
11859
11885
11886
11887
11912
11913
11923
11938
11939
11942
11944
11946
11947
11948
11950
11964
11965
11966
11969
11972
11974
11990
11991
11992
11993
12562
12588
12589
12590
12592
12614
12615
12616
12624
12626
12641
12642
12643
12645
12649
12650
12651
12652
12653
12667
12668
12669
12673
12678
12693
12694
12705
13265
13291
13292
13294
13317
13318
13320
13321
13322
13323
13324
13325
13326
13327
13329
13343
13344
13345
13346
13347
13348
13349
13350
13351
13352
13353
13354
13355
13356
13369
13370
13371
13376
13396
13969
13994
13995
13996
13997
13998
13999
14000
14001
14002
14004
14020
14021
14022
14023
14024
14025
14026
14027
14028
14029
14030
14031
14032
14046
14047
14048
14053
14054
14055
14057
14058
14059
14073
14672
14673
14674
14675
14697
14698
14699
14700
14701
14702
14703
14705
14723
14724
14725
14727
14730
14731
15378
