1430
2132
2134
2140
2158
2166
2782
2783
2784
2785
2808
2811
2812
2813
2834
2835
2836
2837
2838
2839
2841
2860
3458
3459
3460
3484
3485
3486
3487
3488
3489
3510
3511
3512
3513
3514
3516
3517
3518
3536
3537
3538
3539
3541
3542
3562
4160
4161
4162
4163
4186
4187
4188
4189
4190
4191
4212
4213
4214
4215
4216
4217
4218
4238
4241
4243
4246
4247
4264
4273
4290
4837
4838
4862
4863
4864
4865
4888
4889
4890
4891
4892
4893
4914
4915
4916
4917
4918
4919
4920
4921
4940
4941
4942
4943
4945
4946
4950
4951
4952
4966
4967
4968
4972
4977
5540
5564
5565
5566
5567
5568
5590
5591
5592
5593
5594
5595
5616
5617
5618
5619
5620
5621
5622
5642
5643
5644
5645
5646
5647
5649
5669
5670
5671
5675
5695
5696
6242
6243
6267
6268
6269
6271
6292
6293
6294
6295
6296
6298
6318
6319
6320
6321
6322
6323
6325
6345
6346
6347
6348
6349
6350
6356
6371
6372
6373
6374
6384
6385
6386
6411
6412
6413
6944
6970
6971
6972
6975
6995
6996
6997
6998
6999
7000
7001
7005
7021
7022
7023
7024
7025
7026
7027
7028
7029
7030
7031
7032
7034
7047
7048
7049
7050
7053
7054
7055
7057
7059
7060
7061
7062
7063
7075
7084
7086
7087
7088
7089
7090
7115
7672
7673
7674
7675
7676
7677
7678
7698
7699
7700
7701
7702
7703
7723
7724
7725
7726
7727
7729
7733
7734
7735
7736
7737
7738
7751
7752
7753
7756
7758
7759
7760
7761
7762
7763
7764
7765
7785
7786
7787
7788
7789
7790
7791
8374
8375
8376
8379
8399
8400
8401
8402
8405
8406
8410
8428
8429
8433
8434
8435
8436
8437
8438
8439
8440
8441
8461
8463
8464
8465
8466
9050
9051
9076
9077
9139
9140
9141
9167
9784
9815
10487
10513
10514
11190
11216
11217
11242
11243
11244
11892
11893
11894
11918
11919
11920
11921
12622
13328
14002
14027
14029
14030
14031
14708
14731
14732
14733
14734
14757
14758
14759
14783
15408
15409
15433
15434
15435
15436
15437
15438
15460
16110
16111
16114
16136
16840
