806
1482
1508
2132
2158
2184
2834
2860
2886
2887
2914
3536
3562
3563
3589
3590
3616
3617
4238
4265
4266
4269
4291
4292
4293
4295
4318
4319
4940
4945
4947
4948
4949
4967
4968
4969
4971
4973
4993
4994
4995
4996
4997
4998
4999
5000
5020
5021
5022
5592
5620
5621
5622
5623
5643
5644
5645
5646
5647
5648
5649
5650
5669
5670
5671
5672
5673
5674
5675
5676
5677
5695
5696
5697
5698
5700
5703
5704
5723
5724
6294
6297
6319
6320
6321
6322
6323
6324
6325
6345
6346
6347
6348
6349
6350
6351
6352
6353
6354
6372
6373
6374
6375
6378
6380
6381
6382
6383
6386
6387
6398
6399
6400
6403
6405
6411
6412
6413
6425
6426
6969
6970
6971
6973
6976
6995
6996
6997
7002
7021
7022
7023
7024
7025
7047
7048
7049
7050
7055
7056
7057
7058
7059
7060
7061
7062
7063
7075
7077
7081
7082
7083
7084
7085
7086
7087
7088
7089
7090
7101
7102
7103
7106
7109
7110
7111
7112
7113
7115
7128
7699
7708
7731
7732
7733
7734
7735
7737
7738
7750
7751
7757
7758
7759
7760
7761
7762
7763
7764
7765
7778
7779
7780
7783
7784
7785
7786
7787
7788
7789
7790
7804
7805
7830
8427
8434
8436
8438
8439
8453
8454
8455
8456
8459
8461
8462
8463
8464
8480
8506
8507
8508
8511
9136
9155
9161
9182
9183
9208
9209
9832
9858
9860
9885
9889
9892
9911
9912
9914
10534
10561
10569
10587
10588
10590
11263
11264
11267
11269
11289
11291
11292
11296
11965
11966
11967
11972
11992
11993
11994
12650
12651
12668
12669
12670
12672
12673
12677
12696
12697
13322
13344
13345
13346
13347
13348
13350
13351
13352
13353
13355
13356
13370
13371
13372
13373
13375
13996
13998
13999
14001
14021
14022
14023
14024
14026
14027
14028
14031
14047
14048
14698
14699
14700
14701
