0
26
27
1460
2108
2136
2137
2811
2837
2866
3514
3542
3569
4190
4192
4216
4217
4218
4242
4243
4245
4893
4894
4919
4920
4946
4947
4974
5569
5595
5596
5622
5623
5624
5625
5649
5678
6272
6299
6300
6326
6327
6328
6354
7002
7003
7029
7030
7031
7678
7679
7704
7705
7706
7707
7732
7733
8381
8382
8407
8408
8409
8434
8435
8436
8461
8462
9084
9111
9112
9137
9138
9139
9163
9164
9165
9787
9788
9814
9815
9840
9841
9842
9866
9867
10490
10491
10517
10518
10543
10544
10545
10570
10571
10597
11194
11220
11221
11246
11247
11248
11272
11273
11274
11300
11301
11327
11897
11923
11924
11925
11949
11950
11951
11976
11977
12003
12004
12030
12031
12600
12626
12627
12652
12653
12654
12679
12680
12706
12707
12708
12733
13330
13331
13356
13357
13358
13382
13383
13384
13409
13410
13411
13437
14032
14033
14034
14059
14060
14085
14086
14087
14088
14112
14113
14114
14115
14140
14736
14762
14763
14764
14789
14790
14791
14816
14817
14818
15439
15440
15465
15466
15467
15492
15493
15494
15519
16142
16143
16168
16169
16170
16195
16196
16222
16845
16846
16871
16872
16873
16898
16899
17548
17549
17574
17575
17601
