0
676
702
806
832
1352
1380
1405
1406
1430
1508
2081
2082
2108
2109
2110
2132
2133
2158
2159
2185
2783
2784
2785
2786
2811
2812
2835
2837
2861
3460
3461
3486
3487
3488
3489
3511
3513
3514
3515
3536
3538
3539
3565
3566
3567
3589
3590
3591
3592
3593
3616
3617
3618
3619
3643
4137
4165
4188
4190
4191
4192
4214
4215
4216
4217
4241
4242
4243
4244
4267
4268
4269
4293
4294
4295
4296
4319
4320
4346
4840
4864
4865
4866
4867
4891
4892
4893
4894
4895
4916
4917
4918
4919
4920
4941
4943
4944
4945
4946
4947
4968
4969
4970
4971
4972
4996
4999
5540
5541
5566
5567
5568
5569
5570
5571
5592
5593
5594
5595
5596
5597
5620
5621
5622
5623
5645
5646
5647
5648
5649
5650
5671
5672
5673
5674
5699
6217
6219
6243
6244
6269
6270
6271
6272
6273
6274
6295
6296
6297
6298
6299
6300
6322
6323
6324
6325
6326
6327
6328
6348
6349
6350
6351
6352
6376
6377
6896
6922
6948
6949
6972
6973
6974
6975
6976
6998
6999
7000
7001
7002
7003
7004
7023
7024
7025
7026
7027
7029
7030
7054
7597
7624
7625
7675
7676
7679
7700
7702
7703
7704
7706
7707
7727
7731
7753
8273
8274
8300
8327
8383
8406
8409
8922
8923
8949
8950
9599
9625
12704
12705
13330
13355
13356
13357
13381
13408
14003
14006
14031
14032
14033
14057
14058
14059
14083
14084
14085
14086
14109
14110
14111
14707
14708
14709
14733
14734
14735
14736
14759
14760
14761
14762
14763
14786
14787
14788
14814
14815
15331
15383
15384
15409
15410
15411
15412
15436
15437
15438
15439
15440
15463
15464
15489
15490
15491
16060
16087
16114
16115
16137
16141
16142
16167
16168
16169
16736
16737
16790
16791
16843
16845
16869
