702
806
832
1378
1405
1456
1482
1508
1534
2082
2107
2108
2109
2132
2158
2184
2210
2236
2262
2756
2782
2784
2786
2808
2809
2810
2811
2812
2834
2860
2886
2887
2912
2913
2938
2939
2965
3458
3460
3484
3485
3486
3487
3510
3511
3536
3537
3562
3563
3564
3588
3589
3614
3615
3616
3640
3641
3642
3643
3666
3667
3668
4160
4161
4162
4186
4187
4188
4189
4212
4213
4214
4238
4239
4240
4241
4264
4265
4266
4267
4268
4290
4291
4292
4293
4294
4316
4317
4318
4319
4320
4342
4343
4344
4345
4369
4370
4837
4838
4862
4864
4865
4866
4889
4890
4891
4892
4893
4914
4915
4916
4917
4918
4919
4940
4941
4942
4943
4944
4945
4966
4967
4969
4970
4971
4993
4994
4995
4996
4997
5018
5019
5020
5021
5022
5044
5045
5046
5047
5541
5565
5566
5567
5569
5570
5590
5591
5592
5593
5594
5595
5596
5597
5616
5617
5618
5619
5620
5621
5622
5623
5642
5643
5644
5645
5646
5647
5648
5669
5670
5671
5672
5673
5694
5695
5696
5697
5698
5699
5720
5721
5722
5723
6267
6268
6269
6271
6272
6273
6293
6294
6295
6296
6297
6298
6299
6301
6319
6320
6321
6322
6323
6324
6325
6345
6346
6347
6348
6349
6350
6370
6371
6372
6373
6374
6375
6396
6397
6398
6399
6400
6969
6970
6971
6972
6973
6974
6975
6976
6977
6995
6996
6997
6998
6999
7000
7001
7002
7003
7021
7022
7023
7024
7025
7026
7027
7028
7046
7047
7048
7049
7050
7051
7052
7073
7074
7075
7076
7077
7078
7080
7100
7101
7102
7103
7648
7649
7650
7671
7672
7673
7674
7675
7676
7677
7678
7679
7697
7698
7699
7700
7701
7702
7703
7704
7705
7706
7722
7723
7724
7725
7726
7727
7728
7729
7749
7750
7751
7752
7753
7776
7777
8351
8352
8353
8354
8355
8375
8376
8377
8378
8379
8380
8381
8382
8399
8400
8401
8402
8403
8407
8408
8409
8410
8426
8427
8428
8429
8432
8433
8434
8435
8453
9052
9053
9054
9055
9056
9057
9077
9078
9079
9080
9081
9082
9083
9084
9085
9103
9104
9105
9110
9111
9112
9136
9137
9138
9759
9760
9761
9787
9788
9813
9814
9835
10490
12023
12672
12673
12698
12752
13351
13352
13377
13405
13406
14004
14027
14029
14030
14051
14053
14055
14056
14079
14080
14081
14082
14084
14104
14105
14106
14107
14110
14707
14731
14732
14733
14734
14754
14755
14756
14757
14758
14759
14760
14780
14781
14782
14783
14784
14785
14806
14807
14808
14812
15406
15407
15408
15409
15410
15430
15431
15432
15433
15434
15435
15436
15457
15458
15459
15460
15461
15462
15464
15483
15484
15485
15510
15511
15512
16109
16111
16137
16138
16140
16141
16160
16164
16186
16840
16864
16890
16891
17543
17569
17572
