1508
2107
2184
2210
2783
2834
2860
2886
2912
3458
3486
3487
3510
3536
3562
3564
3588
3589
3614
3615
3640
4108
4134
4135
4160
4161
4162
4163
4186
4187
4188
4189
4212
4213
4214
4215
4216
4238
4239
4240
4241
4264
4265
4266
4290
4291
4316
4317
4342
4343
4344
4810
4811
4836
4837
4838
4862
4863
4864
4865
4866
4888
4889
4890
4891
4892
4914
4915
4916
4917
4918
4919
4940
4941
4942
4943
4944
4945
4966
4967
4968
4992
4993
4994
4995
5018
5019
5020
5021
5045
5046
5486
5512
5513
5514
5538
5539
5540
5541
5564
5565
5566
5567
5568
5569
5590
5591
5592
5593
5594
5595
5596
5597
5598
5616
5617
5618
5619
5620
5621
5622
5623
5624
5642
5643
5644
5645
5646
5647
5668
5669
5670
5671
5672
5694
5695
5696
5697
5698
5721
5722
5723
5724
5748
6188
6189
6190
6214
6215
6216
6217
6240
6241
6242
6243
6244
6266
6267
6268
6269
6270
6271
6272
6273
6292
6293
6294
6295
6296
6297
6298
6299
6300
6318
6319
6320
6321
6322
6323
6324
6325
6344
6345
6346
6347
6348
6349
6370
6371
6372
6373
6374
6397
6398
6399
6400
6401
6424
6425
6426
6427
6890
6891
6892
6916
6917
6918
6919
6942
6943
6944
6945
6946
6968
6969
6970
6971
6972
6973
6974
6975
6994
6995
6996
6997
6998
6999
7000
7001
7020
7021
7022
7023
7024
7025
7026
7047
7048
7049
7050
7051
7073
7074
7075
7076
7101
7102
7593
7594
7620
7621
7622
7623
7645
7646
7647
7648
7649
7671
7672
7673
7674
7675
7676
7697
7698
7699
7700
7702
7705
7722
7723
7724
7725
7726
7727
7728
7749
7750
7751
7752
7753
7778
7779
7806
8324
8325
8326
8348
8352
8375
8399
8400
8401
8426
8427
8428
8429
8453
8454
8455
8457
9134
11133
11135
11161
11190
11809
11863
11864
11865
11866
11890
11892
11893
12486
12512
12513
12540
12568
12569
13189
13215
13216
13242
13243
13270
13891
13920
13972
13973
14030
14054
14622
14650
15379
15461
16108
16109
16113
16135
16140
16786
16811
16813
16864
17461
17487
17541
17542
17571
18193
