2886
3588
6381
6385
6386
6387
6411
6412
6413
6439
7030
7032
7055
7056
7059
7060
7061
7062
7063
7085
7086
7087
7088
7089
7090
7100
7115
7730
7731
7732
7733
7734
7735
7736
7737
7739
7740
7759
7760
7761
7762
7763
7764
7765
7784
7788
7789
7791
7802
7803
7829
8434
8436
8437
8438
8439
8461
8462
8463
8464
8465
8467
8479
8487
8492
8505
9112
9138
9139
9140
9141
9165
9168
9181
9183
9207
9208
9840
9857
9883
9884
9885
10515
10559
10560
10585
10586
11246
11248
11261
11262
11263
11271
11272
11289
11923
11938
11939
11946
11947
11948
11949
11951
11964
11965
11970
11973
11974
11975
11976
12615
12619
12622
12623
12624
12626
12641
12642
12645
12647
12648
12649
12650
12651
12652
12653
12654
12666
12667
12668
12670
12671
12673
12676
12678
12703
13292
13295
13297
13298
13317
13318
13319
13320
13321
13322
13323
13324
13325
13326
13327
13328
13329
13330
13343
13344
13345
13346
13347
13348
13349
13350
13351
13352
13353
13354
13356
13372
13373
13968
13969
13970
13971
13973
13994
13995
13996
13997
13998
13999
14000
14001
14002
14004
14019
14020
14021
14022
14023
14024
14025
14026
14027
14028
14029
14046
14047
14048
14059
14674
14675
14677
14696
