2132
2136
2158
2785
2808
2811
2812
2813
2834
2836
2837
2839
2860
2886
3460
3484
3485
3486
3487
3488
3510
3513
3514
3515
3536
3537
3539
3540
3541
3542
3562
3563
3569
3588
3589
3614
4160
4161
4162
4163
4186
4187
4188
4189
4190
4191
4212
4213
4214
4215
4216
4217
4218
4238
4239
4242
4243
4244
4245
4264
4265
4266
4290
4837
4838
4862
4863
4864
4865
4866
4888
4889
4890
4891
4892
4893
4914
4915
4916
4917
4918
4919
4920
4921
4923
4940
4941
4942
4943
4944
4945
4946
4947
4948
4966
4967
4968
4992
4993
4994
5018
5019
5564
5565
5566
5567
5568
5590
5591
5592
5593
5594
5595
5596
5616
5617
5618
5619
5620
5622
5623
5642
5643
5644
5645
5646
5648
5649
5652
5669
5670
5671
5672
5678
5695
5696
5697
5698
5722
6242
6267
6268
6269
6270
6272
6292
6293
6294
6295
6296
6297
6318
6319
6320
6321
6322
6323
6324
6345
6346
6347
6348
6349
6351
6352
6354
6355
6357
6371
6372
6373
6374
6383
6384
6412
6413
6919
6945
6946
6969
6970
6971
6972
6995
6996
6997
6998
6999
7000
7001
7002
7021
7022
7023
7024
7025
7026
7027
7028
7029
7030
7031
7032
7047
7048
7049
7050
7051
7052
7056
7057
7058
7059
7060
7061
7062
7074
7075
7077
7084
7085
7086
7087
7088
7089
7113
7570
7595
7596
7621
7622
7648
7673
7675
7676
7677
7678
7698
7699
7700
7701
7702
7703
7704
7705
7723
7724
7725
7726
7727
7728
7729
7732
7733
7734
7735
7736
7737
7751
7753
7757
7758
7759
7760
7761
7762
7763
7764
7789
7790
8246
8272
8273
8298
8299
8325
8377
8380
8400
8401
8402
8403
8404
8405
8406
8407
8410
8411
8427
8428
8429
8433
8434
8435
8436
8437
8438
8439
8461
8463
8464
8465
8466
8490
8948
8975
9104
9105
9106
9108
9109
9130
9132
9133
9134
9137
9138
9139
9140
9141
9625
9785
9811
9812
9815
9842
9843
10487
10488
10513
10514
10515
10539
10540
10541
10542
10544
10545
10546
10567
10570
11190
11191
11192
11216
11217
11218
11219
11220
11241
11242
11243
11244
11245
11247
11270
11891
11892
11893
11894
11895
11918
11919
11920
11921
11922
11945
11946
11947
11948
12571
12597
12598
12621
12622
12623
12624
12649
12701
13247
13248
13273
13300
13301
13326
13327
13352
13353
13377
13378
13383
13403
14002
14027
14028
14029
14030
14031
14032
14052
14053
14054
14055
14056
14058
14059
14061
14079
14080
14086
14087
14106
14107
14706
14707
14729
14731
14732
14733
14734
14756
14757
14758
14759
14760
14762
14781
14783
14809
14810
15382
15407
15408
15409
15410
15433
15434
15435
15436
15437
15438
15460
15461
15462
15463
15486
16084
16085
16110
16111
16112
16113
16137
16138
16139
16163
16215
16216
16734
16760
16813
16815
16816
16840
16841
16866
16892
17464
17544
