1482
2132
2158
2184
2210
2236
2808
2809
2811
2834
2860
2886
2912
2938
3484
3485
3510
3511
3513
3514
3515
3536
3541
3542
3562
3588
3614
3640
3667
4186
4187
4188
4189
4212
4213
4214
4215
4216
4217
4218
4219
4238
4239
4241
4242
4243
4245
4264
4265
4290
4291
4318
4342
4343
4344
4369
4863
4864
4888
4889
4890
4891
4892
4893
4894
4914
4915
4916
4917
4918
4919
4920
4940
4941
4942
4943
4944
4945
4946
4947
4948
4966
4967
4968
4975
4992
4993
4994
5018
5019
5020
5044
5045
5046
5070
5071
5539
5564
5565
5566
5567
5568
5569
5570
5571
5590
5591
5592
5593
5594
5595
5596
5597
5616
5617
5618
5619
5620
5621
5622
5623
5642
5643
5644
5645
5646
5647
5668
5669
5670
5671
5694
5695
5696
5697
5721
5722
5723
5747
5748
5773
6266
6267
6268
6269
6270
6271
6272
6273
6292
6293
6294
6295
6296
6297
6298
6299
6318
6319
6320
6321
6322
6323
6324
6325
6344
6345
6346
6347
6348
6349
6370
6371
6372
6373
6374
6382
6383
6386
6396
6397
6398
6399
6400
6401
6412
6423
6424
6449
6450
6969
6970
6971
6972
6973
6974
6975
6976
6994
6995
6996
6997
6998
6999
7000
7001
7002
7021
7022
7023
7024
7025
7026
7027
7028
7031
7032
7046
7047
7048
7049
7050
7057
7058
7059
7060
7061
7062
7073
7074
7075
7076
7077
7085
7086
7087
7088
7089
7099
7100
7102
7672
7674
7676
7678
7696
7697
7698
7699
7701
7702
7703
7704
7723
7724
7725
7727
7729
7732
7735
7736
7749
7750
7751
7752
7759
7760
7761
7762
7763
7764
7765
7776
7778
7779
7786
7790
8380
8402
8406
8435
8436
8437
8462
8463
8466
10488
10513
10515
10540
10541
10542
11216
11217
11218
11219
11243
11244
11245
11893
11894
11895
11919
11920
11921
11922
11946
12622
13299
13352
13353
14029
14030
14031
14056
14057
14705
14706
14708
14731
14732
14733
14734
14757
14758
14759
14760
15408
15409
15410
15411
15433
15434
15435
15436
15437
15461
15462
15463
16111
16113
16138
16139
16141
16164
16841
16842
