3588
4160
4186
4241
4290
4316
4317
4343
4344
4369
4370
4914
4917
4918
4942
4943
4966
4968
4992
4993
4994
5018
5019
5020
5021
5045
5046
5590
5592
5616
5617
5621
5624
5642
5650
5668
5669
5670
5671
5695
5696
5697
5721
5722
5723
5724
5748
5749
6292
6294
6318
6319
6321
6322
6323
6327
6344
6356
6357
6370
6382
6383
6385
6386
6387
6398
6399
6400
6410
6411
6412
6413
6423
6424
6425
6426
6451
6994
6996
6997
7020
7021
7022
7023
7026
7030
7031
7046
7047
7050
7053
7055
7056
7057
7058
7059
7060
7061
7062
7063
7064
7074
7075
7076
7078
7080
7082
7083
7084
7085
7086
7087
7088
7089
7090
7100
7101
7102
7103
7106
7109
7111
7114
7115
7126
7127
7128
7129
7670
7672
7697
7700
7701
7723
7728
7730
7731
7732
7733
7734
7735
7736
7737
7749
7757
7758
7759
7760
7761
7762
7763
7764
7765
7766
7776
7777
7783
7784
7786
7787
7788
7789
7790
7802
7803
7804
7805
7808
7810
8407
8408
8409
8411
8434
8435
8436
8437
8438
8439
8440
8461
8462
8463
8464
8465
8478
8479
8480
8481
8483
8504
8505
8506
8507
8508
9108
9109
9136
9137
9138
9139
9140
9162
9163
9164
9165
9166
9181
9182
9183
9185
9186
9207
9209
9210
9813
9814
9842
9843
9858
9859
9862
9867
9883
9884
9885
9886
10485
10486
10516
10560
10561
10562
10565
10586
10587
10588
11214
11237
11238
11239
11244
11246
11263
11264
11265
11274
11289
11290
11916
11918
11921
11939
11940
11941
11942
11943
11944
11945
11948
11949
11950
11965
11966
11967
11969
11976
11977
12617
12618
12620
12621
12622
12624
12625
12641
12642
12643
12644
12645
12646
12647
12648
12649
12650
12651
12652
12653
12654
12655
12668
12669
12670
12671
12672
12673
12675
12679
12680
12681
13295
13297
13299
13301
13319
13320
13321
13322
13323
13324
13325
13326
13327
13328
13329
13344
13345
13346
13347
13348
13349
13350
13351
13352
13353
13354
13355
13356
13357
13358
13379
13381
13383
13384
13995
13996
13997
13998
13999
14000
14001
14002
14003
14004
14021
14022
14023
14024
14025
14026
14027
14028
14029
14030
14031
14049
14050
14051
14052
14053
14055
14056
14057
14059
14060
14104
14674
14675
14676
14678
14700
14701
14702
14703
14704
14705
14706
14726
14727
14728
14730
14732
14754
14756
14757
14780
14806
15406
15436
15457
15462
15482
16109
16159
17489
