1
3544
3545
3588
4219
4220
4238
4244
4245
4264
4265
4290
4291
4292
4316
4317
4343
4344
4369
4866
4867
4868
4891
4892
4893
4894
4895
4896
4915
4918
4919
4920
4921
4922
4923
4940
4947
4949
4950
4966
4967
4968
4979
4992
4993
4994
4995
5019
5020
5021
5045
5046
5047
5072
5542
5543
5564
5567
5568
5569
5570
5571
5590
5591
5593
5594
5595
5596
5597
5598
5616
5619
5625
5642
5644
5645
5648
5649
5651
5668
5669
5670
5671
5681
5694
5695
5696
5697
5722
5723
5748
5749
6242
6243
6244
6245
6266
6267
6269
6270
6271
6272
6273
6292
6293
6295
6296
6318
6319
6320
6321
6322
6323
6325
6344
6345
6346
6347
6348
6352
6354
6370
6371
6372
6373
6383
6384
6385
6386
6387
6396
6398
6399
6400
6410
6411
6412
6413
6424
6425
6426
6452
6968
6971
6972
6973
6994
6996
6997
6998
6999
7020
7021
7022
7023
7024
7025
7026
7027
7046
7047
7048
7049
7054
7056
7057
7058
7059
7060
7061
7062
7063
7073
7074
7075
7076
7077
7079
7083
7084
7085
7086
7087
7088
7089
7090
7099
7100
7101
7102
7104
7112
7113
7114
7115
7127
7128
7129
7130
7672
7674
7697
7698
7701
7707
7723
7724
7730
7731
7732
7733
7734
7735
7736
7737
7738
7756
7757
7758
7759
7760
7761
7762
7763
7764
7765
7766
7776
7777
7778
7779
7780
7784
7786
7787
7788
7789
7790
7791
7792
7803
7804
7805
7829
7830
8376
8383
8409
8410
8411
8412
8430
8431
8432
8433
8434
8435
8436
8437
8438
8439
8440
8454
8455
8460
8461
8462
8463
8464
8465
8466
8480
8481
8482
8505
8506
8507
8508
8530
9085
9110
9111
9112
9113
9114
9135
9136
9138
9139
9140
9141
9142
9156
9158
9162
9163
9164
9165
9166
9167
9181
9182
9183
9184
9207
9208
9209
9210
9786
9787
9812
9838
9841
9858
9859
9860
9861
9866
9867
9869
9870
9883
9884
9885
9886
9887
9910
9911
9912
10516
10535
10536
10546
10560
10561
10562
10563
10569
10585
10586
10587
10588
10612
11237
11238
11249
11262
11263
11264
11265
11276
11289
11290
11291
11292
11293
11302
11919
11920
11939
11940
11941
11942
11948
11949
11950
11965
11966
11967
11968
11970
11972
11975
11977
11993
11997
12592
12615
12616
12617
12618
12619
12620
12622
12624
12625
12626
12641
12642
12643
12644
12645
12646
12647
12648
12649
12650
12651
12652
12653
12654
12668
12669
12670
12671
12672
12673
12674
12675
12676
12678
12679
12680
12681
12682
12779
13293
13319
13320
13321
13322
13323
13324
13325
13326
13327
13328
13344
13345
13346
13347
13348
13349
13350
13351
13352
13353
13354
13355
13356
13357
13372
13373
13375
13377
13378
13379
13381
13383
13403
13428
13429
13430
13455
13456
13996
13997
13998
13999
14000
14001
14021
14022
14023
14024
14025
14026
14027
14028
14029
14030
14031
14032
14047
14048
14049
14050
14051
14053
14054
14055
14056
14057
14058
14080
14081
14085
14104
14107
14131
14132
14133
14159
14675
14700
14701
14702
14703
14704
14705
14726
14727
14728
14729
14730
14731
14732
14733
14735
14752
14753
14757
14758
14760
14761
14779
14781
14783
14784
14787
14809
14835
14860
15379
15405
15406
15430
15433
15456
15460
15463
15465
15486
15510
15513
16167
16866
