2860
2886
3484
3511
3536
3562
3588
3614
4134
4161
4163
4186
4187
4188
4189
4212
4213
4214
4215
4238
4239
4264
4265
4290
4291
4316
4317
4343
4863
4864
4865
4889
4890
4891
4892
4893
4914
4915
4916
4917
4918
4940
4941
4942
4943
4966
4967
4992
4993
4994
4995
4996
4998
5019
5020
5046
5538
5539
5565
5566
5567
5568
5591
5592
5593
5594
5595
5596
5597
5598
5616
5617
5618
5619
5620
5621
5622
5642
5643
5644
5645
5646
5647
5668
5669
5670
5671
5672
5673
5675
5694
5695
5696
5697
5721
5722
6243
6266
6267
6268
6269
6270
6271
6272
6273
6274
6293
6294
6295
6296
6297
6298
6299
6300
6319
6320
6321
6322
6323
6324
6345
6346
6347
6348
6370
6371
6372
6373
6374
6375
6396
6397
6398
6399
6426
6943
6944
6945
6947
6970
6971
6972
6973
6974
6995
6996
6997
6998
6999
7000
7001
7021
7022
7023
7024
7025
7026
7028
7046
7047
7048
7049
7050
7051
7052
7053
7073
7074
7075
7076
7077
7081
7098
7099
7100
7125
7592
7648
7672
7674
7675
7676
7698
7699
7700
7701
7702
7723
7724
7725
7726
7727
7728
7749
7750
7751
7752
7753
7757
7775
7776
7777
7778
7784
7801
7802
8403
8427
8430
8451
8452
8455
8477
8478
8503
8504
9080
9154
9180
10458
11135
11215
11216
11217
11242
11836
11837
11838
11893
11918
11919
11945
12484
12485
12486
12515
12539
12541
12568
12621
13188
13215
13216
13217
13243
13270
13864
13891
13892
13945
13946
13947
13974
14566
14622
14648
14650
14733
14757
14759
14809
15437
15460
15461
15511
16113
16137
16139
16163
16188
16839
16840
16866
16868
