1
2
2210
2834
2839
2841
2860
2867
2886
2912
3484
3488
3489
3490
3510
3515
3516
3536
3543
3588
3614
4163
4164
4165
4186
4187
4189
4190
4191
4192
4212
4238
4264
4290
4343
4838
4839
4840
4841
4862
4863
4864
4865
4866
4867
4868
4888
4889
4890
4893
4914
4915
4940
4966
4993
4994
5018
5019
5020
5046
5540
5541
5564
5566
5567
5590
5591
5592
5616
5617
5620
5643
5644
5668
5669
5670
5671
5672
5695
5696
5697
5721
5722
5723
6243
6244
6267
6268
6269
6293
6294
6295
6297
6319
6320
6321
6322
6344
6345
6346
6347
6348
6370
6371
6372
6373
6374
6382
6385
6386
6387
6396
6397
6398
6399
6412
6413
6424
6425
6945
6946
6969
6970
6971
6972
6974
6994
6995
6996
6997
6998
6999
7001
7002
7003
7020
7021
7022
7023
7024
7025
7026
7027
7028
7029
7030
7047
7048
7049
7050
7051
7055
7056
7057
7058
7059
7060
7061
7062
7063
7074
7075
7076
7081
7084
7085
7086
7087
7088
7089
7090
7101
7102
7113
7114
7116
7127
7128
7644
7648
7649
7671
7672
7673
7674
7675
7676
7677
7678
7697
7698
7699
7700
7701
7702
7703
7704
7705
7706
7707
7723
7724
7725
7726
7727
7728
7729
7730
7731
7732
7733
7734
7735
7736
7737
7738
7739
7750
7751
7752
7753
7759
7760
7761
7762
7763
7764
7765
7777
7778
7779
7783
7786
7787
7788
7789
7790
7791
7792
7804
7805
7829
7830
7831
8348
8350
8351
8352
8373
8376
8377
8378
8379
8380
8381
8382
8383
8401
8402
8403
8404
8405
8406
8407
8408
8409
8410
8411
8412
8427
8428
8429
8430
8431
8433
8434
8435
8436
8437
8438
8439
8440
8453
8454
8455
8456
8460
8462
8464
8465
8468
8479
8480
8481
8505
8506
8507
8532
9051
9077
9078
9079
9080
9081
9082
9083
9084
9104
9105
9106
9107
9108
9109
9111
9112
9113
9114
9130
9131
9132
9133
9137
9138
9139
9140
9155
9157
9164
9168
9180
9181
9182
9183
9208
9756
9757
9758
9759
9782
9783
9784
9785
9786
9787
9788
9808
9809
9810
9812
9813
9814
9815
9837
9839
9840
9842
9844
9857
9859
9860
9872
9884
9885
9886
9910
9911
10432
10433
10458
10459
10460
10461
10462
10463
10481
10482
10484
10485
10486
10487
10488
10489
10490
10511
10513
10515
10536
10541
10546
10560
10561
10562
10566
10587
10588
10589
11109
11110
11130
11131
11135
11136
11137
11157
11158
11160
11184
11185
11187
11189
11212
11213
11214
11215
11216
11218
11238
11239
11240
11241
11244
11248
11264
11265
11266
11267
11269
11275
11291
11302
11807
11834
11835
11862
11890
11891
11915
11916
11917
11918
11919
11920
11940
11941
11942
11943
11944
11951
11965
11966
11967
11968
11977
11978
11980
11982
12536
12564
12566
12592
12594
12617
12618
12619
12620
12621
12622
12623
12624
12643
12644
12645
12649
12650
12651
12652
12653
12654
12656
12669
12670
12671
12680
12681
12682
12684
13270
13271
13296
13297
13298
13300
13321
13322
13323
13324
13325
13326
13327
13328
13329
13346
13347
13348
13349
13350
13352
13353
13354
13355
13371
13373
13388
13973
13997
13998
13999
14000
14001
14002
14003
14022
14023
14025
14026
14027
14028
14029
14030
14031
14048
14049
14052
14053
14054
14056
14060
14075
14676
14700
14701
14702
14703
14726
14727
14728
14729
14730
14752
14753
14756
15407
15429
15432
15434
15459
15460
16787
