1482
2184
2808
2860
2886
2938
3484
3510
3536
3614
3641
3666
3667
4212
4264
4290
4291
4292
4316
4317
4318
4342
4343
4344
4369
4914
4922
4940
4949
4966
4992
4993
4994
5019
5020
5021
5045
5046
5616
5617
5622
5642
5643
5668
5669
5670
5678
5695
5696
5697
5721
5722
5723
5748
6266
6292
6293
6296
6318
6319
6326
6344
6345
6346
6354
6358
6370
6371
6372
6381
6384
6386
6387
6397
6398
6399
6400
6411
6412
6413
6423
6424
6425
6426
6427
6450
6968
6969
6970
6972
6994
6995
6996
6999
7005
7020
7021
7022
7029
7031
7046
7047
7048
7049
7054
7055
7056
7058
7059
7060
7061
7062
7063
7073
7074
7075
7083
7085
7086
7087
7088
7089
7090
7100
7101
7102
7115
7127
7128
7129
7696
7697
7722
7723
7724
7732
7733
7734
7735
7736
7737
7749
7750
7751
7752
7758
7759
7760
7761
7762
7763
7764
7765
7776
7777
7778
7779
7787
7788
7789
7790
7791
7802
7803
7804
7805
7830
8375
8399
8400
8408
8409
8426
8427
8428
8433
8434
8435
8436
8437
8438
8452
8453
8454
8455
8461
8462
8463
8464
8465
8466
8478
8479
8480
8481
8488
8493
8494
8505
8506
8507
8535
9103
9109
9110
9112
9128
9129
9130
9131
9136
9137
9139
9140
9155
9156
9157
9165
9166
9181
9182
9183
9190
9208
9210
9211
9805
9812
9814
9831
9832
9834
9840
9841
9857
9858
9859
9867
9884
9885
9886
10517
10534
10560
10561
10562
10568
10586
10587
10588
10590
10593
10595
10612
10617
11236
11237
11238
11239
11245
11262
11263
11264
11265
11269
11271
11274
11288
11289
11290
11291
11294
11922
11923
11924
11939
11940
11942
11948
11949
11950
11951
11965
11966
11968
11969
11970
11972
11979
11992
11995
12593
12620
12622
12623
12624
12626
12627
12641
12642
12643
12644
12645
12648
12650
12651
12652
12653
12654
12668
12669
12670
12677
12678
12679
12680
13294
13296
13300
13318
13319
13320
13321
13322
13323
13324
13325
13326
13327
13328
13329
13330
13344
13345
13346
13347
13348
13350
13351
13352
13353
13354
13355
13356
13357
13372
13381
13384
13973
13996
13997
13998
13999
14000
14001
14002
14003
14021
14022
14023
14024
14025
14026
14027
14028
14029
14030
14031
14032
14033
14048
14053
14057
14058
14059
14060
14673
14674
14675
14676
14700
14701
14702
14703
14704
14705
14706
14727
14728
14729
14730
14731
14732
14760
14784
15379
15405
15431
