0
1
702
703
730
1378
1379
1380
1404
1405
1406
1432
2054
2080
2081
2082
2106
2107
2108
2109
2110
2135
2730
2756
2782
2783
2784
2785
2786
2810
2811
2812
2813
2837
2838
3458
3484
3485
3486
3487
3488
3489
3512
3513
3514
3515
3516
4160
4161
4163
4164
4188
4189
4190
4191
4192
4216
4217
4218
4219
4243
4244
4865
4891
4892
4893
4894
4895
4920
4921
5565
5568
5569
5595
5597
5598
5621
5623
5624
5627
5654
5679
5681
6270
6271
6273
6297
6298
6300
6301
6326
6327
6328
6358
6385
6386
6387
6412
6413
6973
6974
7000
7002
7003
7004
7030
7032
7033
7056
7057
7059
7060
7061
7062
7063
7086
7087
7088
7089
7090
7114
7650
7676
7677
7678
7706
7707
7709
7733
7734
7735
7736
7737
7760
7762
7763
7764
7765
7766
7789
7790
7791
8352
8379
8381
8406
8409
8410
8436
8437
8438
8439
8440
8441
8465
8466
8492
8493
9057
9081
9082
9111
9112
9113
9138
9139
9140
9168
9758
9784
9786
9787
9815
9842
9843
9845
9868
10460
10487
10488
10489
10491
10544
10545
11164
11165
11166
11190
11220
11221
11222
11247
11248
11866
11867
11893
11894
11895
11896
11922
11925
11950
11951
11952
11953
11954
11978
11979
12569
12570
12595
12597
12598
12599
12626
12627
12628
12653
12654
12655
12682
12683
13272
13273
13275
13300
13301
13302
13304
13329
13330
13331
13332
13356
13357
13358
13359
13385
13976
13977
13978
14003
14004
14005
14006
14031
14032
14034
14035
14057
14058
14059
14060
14061
14062
14086
14700
14703
14704
14707
14708
14709
14734
14735
14736
14737
14738
14762
14763
14766
14789
14790
14791
14818
14820
15347
15403
15406
15407
15431
15436
15438
15439
15440
15463
15465
15466
15467
15492
15493
15494
15495
15496
15520
15522
16075
16080
16102
16106
16107
16114
16142
16143
16144
16168
16169
16170
16171
16172
16194
16195
16196
16197
16198
16777
16778
16781
16784
16845
16846
16847
16870
16871
16872
16873
16874
16897
16898
16899
16900
17548
17549
17573
17574
17575
17576
17602
18251
18252
18277
18278
