2054
2080
2081
2756
2757
2758
2782
2783
2784
2811
2812
2838
3432
3458
3459
3460
3461
3485
3486
3487
3488
3489
3513
3514
3515
3542
4135
4136
4161
4162
4163
4164
4165
4188
4189
4190
4191
4217
4218
4836
4837
4838
4839
4840
4863
4864
4865
4866
4867
4892
4893
4894
4921
4922
4947
5539
5540
5541
5542
5543
5567
5568
5569
5570
5596
5597
5598
5623
5624
5650
5651
6216
6217
6218
6242
6243
6244
6245
6246
6272
6273
6299
6300
6301
6326
6327
6353
6918
6919
6944
6975
6976
7002
7003
7004
7029
7030
7705
7706
7732
7733
8409
8435
8436
9112
9138
13301
13978
14004
14005
14031
14032
14707
14708
14734
15384
15410
15411
15437
15438
16113
16114
16141
16790
16816
16817
17520
