2082
2757
2784
2785
2811
2812
2813
2838
2839
3460
3461
3487
3488
3514
3515
3516
3541
3542
4134
4135
4136
4137
4161
4162
4163
4164
4189
4190
4191
4192
4216
4217
4218
4219
4244
4836
4837
4838
4839
4840
4862
4863
4864
4865
4866
4867
4891
4892
4893
4894
4895
4920
4921
4922
4947
4948
5538
5539
5540
5541
5542
5543
5565
5566
5567
5568
5569
5570
5596
5597
5598
5623
5624
6242
6243
6244
6245
6246
6268
6269
6270
6271
6272
6273
6299
6300
6326
6327
6944
6945
6946
6947
6948
6949
6971
6972
6973
6974
6975
6976
7003
7647
7648
7675
7678
14034
15438
