1352
1378
2054
2080
2756
2782
2785
2812
3458
3484
3488
3514
3515
4134
4160
4161
4162
4186
4187
4191
4212
4217
4218
4836
4837
4838
4839
4862
4863
4864
4865
4866
4867
4888
4889
4893
4894
4914
4919
4920
4921
4922
4940
5019
5538
5539
5540
5541
5542
5543
5564
5565
5566
5567
5568
5569
5570
5571
5590
5591
5592
5593
5594
5595
5596
5597
5598
5617
5623
5624
5625
5642
5643
5695
5696
6241
6242
6243
6244
6245
6246
6267
6268
6269
6270
6271
6273
6293
6294
6295
6296
6297
6300
6319
6320
6321
6326
6344
6345
6346
6371
6372
6918
6919
6920
6944
6945
6946
6969
6970
6971
6972
6973
6995
6996
6997
6998
6999
7003
7021
7022
7023
7024
7048
7049
7647
7648
7672
7673
7674
7675
7676
7698
7699
7700
7702
7724
7725
