832
1379
1482
1534
2054
2108
2132
2158
2184
2210
2784
2808
2834
2860
2886
3458
3484
3487
3510
3515
3536
3562
3563
3588
3614
3615
3640
3641
4160
4161
4162
4186
4187
4190
4212
4213
4238
4239
4264
4265
4290
4291
4292
4317
4318
4343
4344
4862
4863
4864
4888
4889
4890
4891
4915
4919
4940
4941
4966
4967
4969
4992
4993
4994
4995
5018
5019
5020
5021
5045
5046
5539
5564
5565
5566
5567
5568
5569
5590
5591
5592
5593
5594
5595
5596
5616
5617
5618
5621
5622
5643
5644
5645
5668
5669
5670
5671
5694
5695
5696
5697
5721
5722
5723
5724
6242
6267
6268
6269
6270
6271
6272
6293
6294
6295
6296
6297
6298
6299
6318
6319
6320
6321
6322
6324
6325
6326
6344
6345
6346
6347
6348
6370
6371
6372
6373
6374
6397
6398
6399
6400
6402
6425
6944
6945
6946
6948
6969
6970
6971
6972
6973
6974
6995
6996
6997
6998
6999
7000
7001
7002
7020
7021
7022
7023
7024
7027
7028
7046
7047
7048
7049
7050
7051
7073
7074
7075
7076
7077
7102
7622
7645
7647
7648
7649
7650
7651
7672
7673
7674
7675
7676
7677
7697
7698
7699
7700
7701
7703
7704
7705
7722
7723
7724
7725
7726
7727
7749
7750
7751
7752
7753
8325
8326
8348
8350
8351
8352
8373
8374
8375
8376
8377
8378
8379
8399
8400
8401
8402
8427
8428
8429
9052
9053
9054
9077
9078
9079
9080
9081
9103
9104
9105
9106
9131
9132
9755
9756
9757
9781
9782
9783
9784
9807
9808
10434
10459
10461
10462
10484
10487
10488
10510
11136
11138
11163
11164
11165
11189
11191
11192
11218
11841
11867
11868
11869
11895
11921
11922
12545
12571
12572
12573
12597
12598
12599
12624
12625
13248
13274
13275
13300
13301
13302
13303
13327
13328
13329
13978
13979
14001
14003
14004
14005
14006
14031
14032
14053
14054
14059
14679
14702
14705
14706
14707
14708
14709
14710
14728
14729
14730
14731
14732
14733
14734
14735
14736
14737
14756
14757
14761
14762
14763
14782
15405
15406
15407
15408
15409
15411
15412
15413
15431
15433
15434
15435
15437
15438
15439
15440
15464
15465
15466
15492
16109
16110
16111
16112
16113
16115
16135
16139
16140
16141
16142
16143
16163
16166
16167
16168
16169
16194
16811
16812
16813
16816
16817
16841
16844
16845
16846
16871
16872
17517
17545
17575
