1378
2808
2834
2886
3510
3536
3562
3588
4186
4187
4212
4238
4264
4265
4290
4291
4863
4864
4889
4890
4891
4892
4893
4914
4915
4916
4917
4918
4919
4940
4941
4966
4967
4968
4992
4993
4994
5018
5019
5020
5565
5566
5567
5591
5592
5593
5594
5595
5596
5597
5616
5617
5618
5619
5620
5621
5622
5642
5643
5644
5668
5669
5670
5671
5694
5695
5696
5697
5722
6267
6268
6269
6270
6271
6272
6293
6294
6295
6296
6297
6298
6299
6318
6319
6320
6321
6322
6323
6344
6345
6346
6347
6348
6370
6371
6372
6373
6374
6397
6398
6399
6400
6969
6970
6971
6972
6973
6974
6995
6996
6997
6998
6999
7000
7021
7022
7023
7024
7025
7026
7046
7047
7048
7049
7050
7051
7073
7074
7075
7076
7101
7102
7649
7672
7673
7674
7675
7676
7698
7699
7700
7701
7702
7723
7724
7725
7726
7727
7728
7749
7750
7751
7752
7753
7778
8377
8400
8401
8402
8403
8426
8427
8428
8429
8454
8455
9131
9132
14106
14756
14759
14808
14809
14810
15432
15434
15435
15458
15485
16110
16111
16135
16136
16137
16138
16162
16165
16813
16814
16837
16840
16867
17517
17542
17568
