2
3
1482
2184
2808
2841
2860
2886
3484
3486
3489
3510
3512
3517
3536
3541
3544
3562
3588
3615
4161
4186
4188
4190
4191
4212
4216
4217
4218
4219
4238
4243
4264
4265
4290
4291
4837
4862
4863
4865
4867
4888
4889
4890
4891
4892
4893
4894
4895
4914
4916
4917
4918
4919
4920
4921
4940
4948
4967
4992
4994
5020
5566
5567
5568
5569
5570
5571
5591
5592
5593
5594
5595
5596
5597
5598
5616
5617
5618
5619
5620
5621
5623
5627
5642
5648
5651
5652
5653
5668
5669
5670
5695
5696
5697
5721
5722
6242
6243
6244
6267
6268
6269
6270
6271
6272
6273
6292
6293
6294
6295
6296
6298
6299
6300
6318
6319
6320
6321
6322
6323
6325
6327
6344
6345
6346
6347
6349
6359
6370
6371
6372
6373
6383
6385
6386
6387
6397
6398
6399
6400
6411
6412
6413
6944
6970
6971
6972
6994
6996
6997
6998
6999
7020
7021
7022
7023
7024
7025
7027
7029
7030
7031
7032
7033
7046
7047
7048
7049
7056
7057
7058
7059
7060
7061
7062
7063
7072
7073
7074
7075
7076
7077
7085
7086
7087
7088
7089
7090
7100
7101
7102
7114
7115
7672
7673
7675
7676
7697
7698
7699
7704
7725
7726
7732
7733
7734
7735
7736
7750
7751
7752
7754
7759
7760
7761
7762
7763
7764
7765
7775
7776
7777
7778
7788
7789
7790
7791
7802
7804
7806
8373
8376
8400
8401
8402
8403
8408
8409
8410
8412
8427
8429
8435
8436
8437
8438
8439
8453
8464
8465
8466
8467
8478
8479
8480
8481
8492
8533
9052
9053
9055
9078
9084
9085
9104
9111
9113
9129
9130
9138
9139
9140
9154
9155
9156
9166
9168
9169
9180
9181
9182
9183
9184
9207
9208
9209
9234
9754
9784
9806
9832
9833
9834
9856
9857
9858
9859
9860
9861
9883
9884
9885
9910
10457
10483
10487
10509
10510
10513
10534
10535
10536
10537
10560
10561
10562
10586
10587
11158
11184
11185
11188
11190
11211
11212
11213
11216
11235
11237
11238
11239
11240
11241
11242
11244
11246
11248
11262
11263
11265
11266
11267
11274
11275
11276
11277
11279
11290
11291
11300
11303
11304
11836
11860
11887
11888
11890
11891
11892
11893
11894
11912
11913
11914
11916
11917
11918
11919
11920
11921
11938
11939
11940
11941
11942
11943
11944
11945
11946
11949
11952
11965
11966
11968
12562
12564
12565
12566
12567
12590
12591
12593
12594
12595
12596
12614
12616
12618
12619
12620
12621
12623
12624
12641
12642
12643
12644
12646
12648
12650
12651
12652
12654
12668
12669
12671
12677
12679
12680
12681
12683
13267
13268
13291
13293
13294
13295
13296
13297
13298
13299
13301
13318
13319
13320
13321
13322
13323
13324
13325
13326
13327
13345
13346
13347
13351
13352
13353
13355
13378
13973
13974
13975
13996
13997
13998
13999
14000
14001
14022
14023
14024
14025
14026
14027
14028
14030
14031
14032
14033
14048
14056
14677
14702
14703
14705
14708
14709
14729
14730
14732
14733
14734
14735
14736
14751
14758
14762
15409
15412
15434
15435
15436
15437
15461
15462
15464
16111
16138
16142
16143
16869
17517
