2110
2756
2813
2814
2841
3516
3517
3536
3562
4191
4219
4220
4221
4238
4246
4247
4248
4264
4265
4290
4865
4892
4893
4895
4920
4921
4922
4923
4924
4925
4940
4941
4946
4947
4948
4949
4951
4966
4967
4992
5596
5597
5599
5616
5619
5621
5622
5623
5624
5625
5626
5642
5643
5644
5646
5647
5648
5649
5650
5651
5652
5653
5669
5670
5673
5676
5677
5695
5696
6294
6296
6297
6298
6299
6300
6320
6321
6322
6323
6324
6325
6326
6327
6328
6329
6330
6345
6346
6347
6348
6349
6350
6352
6353
6354
6355
6356
6371
6372
6373
6374
6375
6376
6380
6384
6386
6387
6398
6410
6412
6413
6975
6996
6997
6998
6999
7000
7001
7002
7022
7023
7024
7025
7026
7027
7028
7029
7030
7031
7032
7047
7048
7049
7050
7051
7052
7053
7054
7055
7056
7057
7058
7059
7060
7061
7062
7073
7074
7075
7076
7084
7085
7086
7087
7088
7089
7090
7114
7115
7674
7699
7700
7701
7702
7703
7706
7723
7724
7725
7726
7727
7728
7730
7731
7732
7733
7734
7735
7736
7737
7749
7750
7751
7752
7753
7756
7759
7760
7761
7762
7763
7764
7765
7787
7788
7789
7790
8378
8402
8403
8430
8435
8436
8437
8438
8439
8455
8461
8462
8463
8464
8465
8466
9112
9113
9131
9136
9139
9141
9158
9842
9844
15459
15460
16161
16162
17595
