2842
2939
3588
3615
3641
4238
4241
4242
4243
4244
4248
4264
4265
4266
4267
4291
4292
4293
4317
4318
4344
4345
4914
4917
4918
4919
4920
4941
4943
4944
4945
4946
4947
4967
4968
4969
4993
4994
4995
5020
5021
5617
5620
5621
5622
5623
5624
5625
5644
5645
5646
5647
5648
5649
5650
5651
5671
5672
5673
5674
5697
6319
6320
6322
6323
6324
6325
6326
6328
6345
6347
6348
6349
6350
6351
6352
6353
6354
6355
6384
6386
6387
6411
6412
6413
6996
6997
7022
7023
7024
7028
7029
7034
7048
7049
7050
7055
7056
7057
7059
7060
7061
7062
7063
7085
7086
7087
7088
7089
7090
7113
7114
7115
7700
7724
7725
7726
7727
7732
7733
7734
7735
7736
7737
7751
7758
7759
7760
7761
7762
7763
7764
7765
7786
7788
7790
7792
8404
8428
8429
8430
8435
8436
8437
8438
8439
8462
8463
8464
9107
