2080
2106
2158
2184
2782
2808
2860
2886
2912
3459
3484
3485
3486
3510
3511
3512
3513
3536
3537
3562
3588
3589
3614
4160
4161
4162
4163
4186
4187
4188
4189
4190
4212
4213
4214
4215
4216
4217
4238
4240
4241
4264
4265
4266
4290
4291
4292
4317
4862
4863
4864
4865
4866
4888
4889
4890
4891
4892
4893
4894
4895
4914
4915
4916
4917
4918
4919
4940
4941
4942
4943
4944
4966
4967
4968
4969
4992
4993
4994
4995
5019
5020
5539
5540
5565
5566
5567
5568
5569
5590
5591
5592
5593
5594
5595
5596
5597
5598
5616
5617
5618
5619
5620
5621
5622
5623
5624
5642
5643
5644
5645
5646
5647
5668
5669
5670
5671
5672
5695
5696
5697
5722
6242
6243
6266
6267
6268
6269
6270
6271
6272
6273
6274
6293
6294
6295
6296
6297
6298
6299
6300
6301
6318
6319
6320
6321
6322
6323
6324
6325
6345
6346
6347
6348
6349
6371
6372
6373
6374
6375
6398
6399
6945
6970
6971
6972
6973
6974
6975
6995
6996
6997
6998
6999
7000
7001
7002
7021
7022
7023
7024
7025
7026
7027
7047
7048
7049
7050
7051
7055
7074
7075
7076
7077
7648
7673
7674
7675
7679
7699
7700
7701
7702
7703
7705
7725
7726
7727
7728
7729
7731
7732
7751
7752
7758
7778
7779
8402
8403
8404
8407
8428
8429
8430
8432
8434
8461
14055
14105
14808
15459
16111
16136
16137
16138
16841
17548
