1
3
678
1378
2028
2080
2132
2782
2808
2809
2810
2834
2835
2838
2860
3460
3484
3485
3486
3487
3488
3489
3490
3510
3512
3513
3514
3516
3517
3541
3562
4136
4160
4161
4162
4163
4164
4165
4186
4187
4188
4189
4190
4191
4192
4193
4212
4213
4214
4215
4216
4217
4219
4238
4242
4243
4244
4245
4264
4290
4291
4810
4836
4837
4838
4839
4840
4841
4862
4863
4864
4865
4866
4867
4888
4889
4890
4891
4892
4893
4894
4914
4915
4916
4917
4918
4919
4920
4921
4923
4940
4941
4942
4944
4948
4966
4967
4993
5512
5513
5514
5515
5539
5540
5541
5542
5565
5566
5567
5568
5569
5591
5592
5593
5594
5595
5596
5597
5616
5617
5618
5619
5620
5621
5622
5623
5642
5643
5644
5645
5646
5647
5649
5669
5670
5671
5672
5695
5696
5697
6243
6244
6268
6269
6270
6271
6272
6273
6274
6294
6295
6296
6297
6298
6299
6300
6301
6302
6319
6320
6321
6322
6323
6324
6325
6326
6345
6346
6347
6348
6349
6371
6372
6373
6375
6383
6385
6386
6397
6399
6400
6411
6412
6413
6945
6947
6948
6970
6971
6972
6973
6974
6975
6976
6996
6997
6998
6999
7000
7001
7002
7003
7004
7020
7021
7022
7023
7024
7025
7026
7027
7028
7029
7030
7032
7047
7048
7049
7050
7051
7052
7059
7060
7061
7062
7063
7074
7075
7076
7085
7086
7087
7088
7089
7090
7102
7115
7649
7673
7674
7675
7676
7678
7679
7697
7698
7699
7700
7701
7702
7703
7707
7708
7724
7725
7726
7727
7728
7730
7732
7733
7734
7735
7736
7737
7738
7750
7751
7752
7759
7760
7761
7762
7763
7764
7765
7788
7789
7790
7791
7792
8380
8402
8404
8408
8409
8410
8411
8412
8413
8428
8429
8435
8436
8437
8438
8439
8440
8463
8464
8465
8466
9083
9084
9085
9087
9110
9111
9112
9113
9114
9133
9138
9139
9140
9142
9165
9760
9761
9788
9814
9815
9817
15465
15466
16140
16142
16844
