676
1352
1378
1404
2080
2782
2783
2834
3484
3485
3486
3487
3510
3511
3512
3536
3541
3562
4160
4161
4186
4187
4188
4189
4212
4213
4214
4215
4216
4238
4244
4264
4290
4864
4888
4889
4890
4892
4914
4915
4916
4917
4918
4919
4920
4940
4941
4943
4945
4947
4966
4967
4968
4972
4992
4993
5565
5566
5591
5592
5593
5594
5595
5616
5617
5618
5619
5620
5621
5623
5642
5643
5644
5645
5646
5647
5648
5649
5668
5669
5670
5671
5695
5696
5697
6268
6269
6292
6293
6294
6295
6296
6298
6299
6318
6319
6320
6321
6322
6323
6324
6325
6344
6345
6346
6347
6348
6355
6370
6371
6372
6373
6374
6385
6398
6971
6972
6974
6995
6996
6997
6998
6999
7000
7001
7002
7020
7021
7022
7023
7024
7025
7026
7027
7028
7029
7046
7047
7048
7049
7050
7051
7052
7055
7057
7058
7059
7061
7072
7073
7074
7075
7084
7085
7086
7087
7088
7115
7674
7675
7676
7677
7678
7697
7698
7699
7700
7701
7702
7703
7704
7705
7723
7724
7725
7726
7727
7728
7729
7730
7748
7749
7750
7751
7752
7753
7754
7758
7759
7760
7761
7762
7763
7775
7776
7777
7778
7779
7786
7788
7789
7790
8374
8377
8378
8379
8400
8401
8402
8403
8404
8405
8406
8407
8408
8426
8427
8428
8429
8430
8431
8434
8451
8452
8453
8454
8455
8456
8460
8463
8478
8479
8481
9080
9081
9102
9103
9104
9105
9106
9107
9108
9109
9128
9129
9130
9131
9132
9133
9134
9136
9138
9154
9155
9156
9157
9158
9163
9166
9782
9783
9784
9785
9805
9806
9807
9808
9809
9810
9811
9812
9831
9832
9833
9834
9835
9836
9837
9858
9859
9860
9861
10484
10485
10486
10487
10509
10510
10511
10512
10513
10515
10516
10517
10534
10535
10536
10537
10538
10539
10541
10542
10543
10544
10563
10568
11187
11188
11189
11190
11191
11212
11213
11214
11215
11216
11217
11218
11219
11220
11237
11239
11240
11241
11242
11243
11244
11245
11246
11247
11267
11268
11269
11889
11892
11893
11894
11895
11896
11917
11918
11919
11920
11921
11922
11923
11943
11944
11945
11946
11947
11948
11949
11972
12595
12596
12597
12599
12621
12622
12623
12624
12625
12626
12627
12647
12648
12649
12650
12651
12652
12653
13325
13326
13327
13328
13329
13330
13351
13352
13353
13354
13355
13356
14029
14030
14031
14032
14054
14055
14057
14058
14080
14757
14758
14759
14782
14808
15432
15458
15460
15461
15486
16163
16187
16188
16838
16839
