0
1
26
27
29
676
677
702
703
704
728
729
730
731
732
1352
1353
1378
1379
1380
1404
1405
1406
1407
1431
1432
1433
1434
1435
1462
2028
2054
2080
2081
2082
2083
2107
2108
2109
2110
2111
2135
2136
2137
2756
2757
2758
2759
2782
2783
2784
2785
2786
2809
2810
2811
2812
2813
2814
2839
2840
2841
3432
3458
3459
3460
3461
3484
3485
3486
3487
3488
3489
3512
3513
3514
3515
3516
3541
3542
4134
4160
4162
4163
4164
4165
4188
4189
4190
4191
4216
4217
4218
4865
4866
4867
4888
4890
4891
4892
4893
4894
4919
4920
4921
4948
5543
5567
5568
5569
5570
5592
5593
5594
5595
5596
5597
5621
5622
5623
5624
5649
5650
6219
6244
6245
6246
6268
6269
6270
6271
6272
6274
6295
6296
6297
6298
6299
6323
6324
6325
6327
6350
6351
6357
6385
6386
6387
6412
6413
6921
6944
6945
6946
6947
6948
6971
6972
6973
6974
6975
6976
6997
6998
6999
7000
7001
7002
7003
7024
7026
7029
7030
7032
7056
7058
7059
7060
7061
7062
7063
7085
7086
7087
7088
7089
7090
7115
7647
7652
7673
7676
7678
7703
7704
7733
7735
7736
7737
7758
7760
7761
7762
7763
7764
7765
7789
7790
7791
8411
8430
8435
8437
8438
8439
8440
8463
8464
8465
8466
9142
9815
9841
12654
13303
13357
13994
13995
14021
14032
14033
14059
14060
14061
14086
14087
14666
14698
14699
14700
14701
14708
14709
14726
14729
14735
14736
14737
14762
14763
15372
15374
15375
15377
15398
15400
15401
15402
15403
15404
15405
15406
15411
15412
15432
15438
16043
16048
16071
16072
16073
16074
16075
16076
16077
16078
16080
16100
16101
16102
16103
16104
16105
16107
16110
16112
16141
16169
16746
16747
16749
16750
16752
16771
16772
16773
16776
16777
16779
16781
16782
16783
16807
16836
17423
17447
17448
17449
18186
