0
1
26
27
676
677
702
703
704
705
728
729
730
1352
1378
1379
1380
1404
1405
1406
1407
1431
1432
1433
2028
2054
2055
2056
2080
2081
2082
2083
2106
2107
2108
2109
2110
2135
2136
2730
2756
2757
2759
2782
2783
2784
2785
2786
2787
2811
2812
2813
2838
2839
3432
3458
3459
3460
3461
3487
3488
3489
3512
3514
3515
3541
4160
4161
4163
4187
4189
4190
4191
4214
4216
4217
4218
4862
4867
4868
4890
4892
4893
4894
4919
4920
5564
5593
5596
5623
5624
5625
6327
7003
7029
8435
9138
9139
13293
13326
13354
13971
13995
13997
13998
13999
14024
14025
14026
14027
14030
14031
14034
14055
14057
14059
14060
14061
14086
14672
14673
14674
14696
14698
14699
14700
14701
14702
14703
14704
14705
14707
14708
14725
14727
14728
14729
14730
14731
14732
14734
14736
14737
14760
14762
14763
15370
15371
15372
15373
15374
15375
15376
15377
15378
15380
15381
15382
15398
15400
15401
15402
15403
15404
15405
15406
15407
15408
15411
15429
15430
15432
15433
15434
15435
15439
15460
15465
15466
16045
16046
16048
16051
16053
16069
16070
16071
16073
16074
16075
16076
16077
16078
16079
16080
16081
16082
16098
16100
16101
16102
16103
16104
16105
16106
16107
16108
16109
16111
16133
16138
16745
16746
16747
16748
16749
16750
16751
16771
16772
16773
16774
16775
16776
16777
16778
16779
16780
16782
16808
16809
16810
16813
16868
17422
17447
17448
17449
17450
17453
17454
17457
17476
17477
17480
17482
17483
17512
18155
18178
