0
1
26
27
28
676
677
702
703
704
729
730
1352
1378
1379
1380
1404
1405
1406
1407
1432
1433
2054
2080
2082
2106
2108
2109
2110
2134
2136
2756
2782
2785
2786
2811
2812
2813
2837
2838
3432
3458
3461
3487
3488
3489
3513
3514
3515
3541
4134
4160
4161
4162
4163
4164
4189
4191
4192
4217
4218
4836
4837
4838
4839
4862
4863
4864
4865
4888
4919
4921
5538
5539
5540
5541
5565
5566
5567
5597
5624
6241
6242
6243
6267
6268
6300
6326
6327
6918
6944
6945
6970
6971
6972
7647
9112
9139
10518
10545
13291
13992
13998
13999
14024
14025
14030
14056
14670
14676
14696
14697
14698
14699
14700
14701
14702
14703
14704
14725
14727
14728
14730
14733
15346
15372
15373
15374
15375
15376
15377
15378
15398
15399
15400
15401
15402
15403
15404
15405
15406
15431
16073
16075
16076
16077
16078
16079
16083
16101
16102
16103
16104
16105
16106
16107
16108
16131
16132
16138
16750
16751
16752
16753
16777
16778
16779
16780
16781
16805
16807
16808
16809
17453
17512
17514
