0
1
26
27
79
106
676
677
702
703
704
729
730
781
808
809
835
1352
1378
1379
1380
1404
1405
1406
1407
1432
1433
1485
1512
1538
2028
2054
2055
2080
2081
2082
2083
2107
2108
2109
2110
2135
2136
2159
2161
2162
2189
2215
2756
2757
2758
2759
2782
2783
2784
2785
2786
2810
2811
2812
2813
2838
2839
2863
2864
2865
3432
3435
3458
3459
3460
3461
3462
3486
3487
3488
3489
3512
3513
3514
3515
3516
3540
3541
3542
3567
3568
3594
3648
3649
3674
3675
3676
3701
3702
4135
4136
4137
4160
4161
4162
4163
4164
4165
4187
4189
4190
4191
4192
4216
4217
4218
4219
4242
4243
4244
4295
4324
4325
4350
4351
4352
4377
4378
4836
4837
4838
4839
4840
4862
4863
4864
4865
4866
4867
4891
4892
4893
4894
4895
4917
4918
4919
4920
4921
4943
4944
4945
4970
4971
4972
4998
4999
5000
5001
5002
5025
5026
5027
5028
5053
5054
5539
5540
5541
5542
5543
5566
5567
5568
5569
5592
5593
5594
5595
5596
5597
5598
5619
5620
5646
5647
5648
5650
5673
5674
5675
5676
5677
5700
5701
5702
5703
5704
6242
6243
6244
6268
6269
6270
6271
6296
6297
6326
6349
6351
6353
6379
6380
6406
6944
6945
6946
6971
6972
7026
7027
7029
7030
7648
7649
8378
12653
12654
13329
13357
13358
13383
13964
13966
13969
14024
14026
14033
14057
14059
14060
14061
14086
14087
14670
14672
14696
14697
14698
14699
14700
14701
14702
14728
14729
14730
14735
14736
14737
14762
14763
15369
15372
15373
15374
15375
15376
15377
15397
15398
15399
15400
15401
15402
15403
15404
15405
15406
15411
15412
15413
15427
15428
15429
15430
15432
15437
15438
15439
15466
16049
16069
16070
16071
16072
16073
16074
16075
16076
16077
16078
16079
16088
16098
16100
16101
16102
16103
16104
16105
16106
16107
16130
16141
16142
16168
16745
16746
16747
16748
16749
16750
16751
16772
16773
16774
16775
16776
16777
16778
16779
16781
16801
16807
16809
16810
16812
16871
17421
17422
17423
17424
17447
17448
17449
17450
17451
17476
17480
17513
