1352
1378
1406
1431
1458
2054
2055
2080
2081
2082
2107
2108
2109
2133
2134
2135
2160
2161
2188
2757
2758
2782
2783
2784
2785
2809
2810
2811
2812
2836
2837
2838
3458
3459
3460
3461
3484
3485
3486
3487
3488
3489
3511
3512
3513
3514
3515
3538
3539
3540
3541
3567
4134
4135
4136
4137
4160
4161
4162
4163
4164
4165
4187
4188
4189
4190
4191
4192
4214
4215
4216
4217
4218
4219
4241
4242
4243
4244
4269
4270
4296
4836
4837
4838
4839
4840
4862
4863
4864
4865
4866
4867
4868
4889
4890
4891
4892
4893
4894
4895
4917
4918
4919
4920
4921
4944
4945
4946
4972
4973
4974
5000
5026
5513
5514
5515
5539
5540
5541
5542
5543
5565
5566
5567
5568
5569
5570
5593
5594
5596
5597
5621
5622
5623
5624
5647
5648
5649
5650
5675
5676
5677
5702
5703
5704
6216
6217
6242
6243
6244
6245
6268
6269
6270
6271
6298
6299
6300
6324
6325
6326
6327
6351
6352
6353
6378
6379
6406
6432
6920
6945
6946
6947
6971
6972
6974
6976
7000
7001
7002
7003
7027
7028
7029
7030
7054
7055
7056
7081
7082
7648
7674
7675
7703
7704
7730
7731
7732
7757
7758
8351
8352
8407
8432
8433
8460
9136
