702
806
1352
1378
1404
1508
1534
2132
2158
2184
2210
2236
2808
2834
2860
2886
2938
3458
3484
3510
3536
3537
3562
3588
3614
3615
3640
3667
4134
4135
4160
4161
4162
4164
4186
4212
4213
4238
4264
4265
4266
4291
4317
4318
4343
4344
4370
4836
4837
4838
4839
4840
4862
4863
4864
4866
4888
4889
4914
4915
4940
4941
4942
4969
4993
4994
4995
5019
5020
5021
5046
5047
5538
5539
5540
5564
5565
5566
5567
5591
5592
5616
5617
5618
5619
5642
5643
5644
5645
5646
5669
5670
5671
5672
5695
5696
5697
5698
5699
5723
6241
6242
6243
6267
6268
6269
6270
6292
6293
6294
6295
6296
6319
6320
6321
6322
6344
6345
6346
6347
6348
6370
6371
6372
6373
6398
6399
6400
6944
6945
6969
6970
6971
6972
6973
6995
6996
6997
6998
6999
7020
7021
7022
7023
7024
7025
7026
7047
7048
7049
7050
7051
7076
7647
7648
7672
7673
7674
7675
7698
7699
7700
7701
7725
7726
7727
7751
8378
15408
15409
