702
1378
1379
1405
2054
2080
2082
2107
2108
2782
2783
2784
2785
2786
2809
2810
2811
2812
2860
2886
2938
3459
3460
3485
3486
3487
3488
3512
3513
3514
3562
3588
3614
3615
4135
4161
4162
4164
4187
4188
4189
4190
4191
4212
4213
4216
4264
4265
4290
4291
4292
4316
4317
4318
4343
4344
4863
4864
4865
4866
4888
4889
4890
4891
4892
4893
4894
4914
4915
4916
4918
4919
4920
4940
4941
4942
4943
4944
4966
4967
4969
4992
4993
4994
4995
5019
5020
5021
5046
5047
5540
5564
5565
5566
5567
5568
5569
5590
5591
5592
5593
5594
5595
5596
5597
5616
5617
5618
5619
5620
5621
5622
5642
5643
5644
5645
5646
5647
5669
5670
5671
5672
5694
5695
5696
5697
5721
5722
5724
6242
6243
6268
6269
6270
6271
6272
6273
6293
6294
6295
6296
6297
6298
6299
6319
6320
6321
6322
6323
6324
6325
6326
6345
6346
6347
6348
6349
6350
6370
6371
6372
6373
6374
6375
6397
6398
6399
6944
6945
6946
6947
6970
6971
6972
6973
6974
6975
6995
6996
6997
6998
6999
7000
7001
7002
7021
7022
7023
7024
7025
7026
7027
7028
7029
7046
7047
7048
7049
7050
7051
7052
7073
7074
7075
7076
7102
7646
7647
7648
7649
7650
7672
7673
7674
7675
7676
7677
7678
7698
7699
7700
7701
7702
7703
7704
7723
7724
7725
7726
7727
7728
7729
7749
7750
7751
7752
7753
7754
7777
8324
8349
8350
8351
8352
8353
8375
8376
8377
8378
8379
8380
8400
8401
8402
8403
8404
8405
8406
8426
8427
8428
8429
8454
8455
9027
9052
9053
9054
9056
9079
9080
9081
9083
9085
9103
9105
9106
9107
9131
9132
9158
9730
9756
9757
9758
9783
9784
9785
9835
10433
10459
10460
10461
10486
10488
10489
10511
11136
11137
11162
11163
11164
11165
11190
11191
11192
11839
11840
11866
11867
11868
11869
11894
11895
12543
12544
12570
12571
12598
12599
12624
12625
13246
13247
13274
13299
13301
13302
13327
13328
13329
13357
13976
13978
14003
14004
14005
14030
14031
14032
14033
14058
14059
14679
14681
14707
14708
14709
14733
14734
14735
14736
14760
14761
14762
15410
15411
15412
15436
15437
15438
15439
15458
15459
15462
15463
15464
15465
15466
16112
16113
16114
16115
16136
16138
16140
16141
16142
16162
16167
16168
16169
16189
16816
16817
16838
16843
16844
16845
16863
16870
16871
16872
17547
17573
17574
18247
18251
