2080
2810
3458
3460
3485
3486
3490
3510
3515
3517
3536
3541
3542
3544
3562
3588
4134
4160
4161
4164
4186
4187
4188
4189
4190
4212
4213
4214
4215
4217
4219
4220
4238
4244
4264
4265
4291
4317
4862
4863
4864
4865
4866
4888
4889
4890
4891
4892
4914
4915
4916
4917
4918
4919
4940
4941
4942
4943
4944
4946
4948
4949
4966
4967
4968
4969
4993
4994
5019
5540
5564
5565
5566
5567
5568
5590
5591
5592
5593
5594
5595
5596
5616
5617
5618
5619
5620
5621
5622
5623
5624
5625
5626
5642
5643
5644
5645
5647
5648
5649
5650
5651
5652
5668
5669
5670
5671
5695
5696
5697
6242
6243
6266
6267
6268
6269
6270
6271
6292
6293
6294
6295
6296
6297
6298
6299
6300
6318
6319
6320
6321
6322
6323
6324
6325
6326
6327
6328
6344
6345
6346
6347
6348
6349
6350
6352
6353
6354
6356
6371
6372
6373
6944
6945
6946
6969
6970
6971
6972
6973
6974
6995
6996
6997
6998
6999
7000
7001
7002
7020
7021
7022
7023
7024
7025
7026
7027
7028
7029
7030
7031
7047
7048
7049
7050
7055
7057
7058
7060
7061
7074
7075
7085
7086
7087
7088
7648
7671
7672
7673
7674
7697
7698
7699
7700
7701
7702
7703
7724
7725
7726
7727
7730
7732
7733
7734
7735
7736
7750
7751
7759
7760
7761
7762
7763
7764
7788
7789
7790
8376
8379
8400
8401
8402
8403
8410
8426
8427
8428
8429
8435
8436
8437
8438
8439
8463
8464
8492
9077
9085
9086
9103
9104
9111
9112
9130
9131
9139
14056
14706
14731
14733
14756
15432
15433
15436
15461
15462
16110
16111
16112
16137
16138
16139
16140
16162
16813
16814
16815
16838
16839
16840
