1456
1482
2028
2055
2081
2082
2107
2132
2136
2138
2184
2704
2705
2730
2731
2757
2758
2783
2784
2785
2808
2809
2810
2834
2839
2842
2860
2868
2869
2886
3406
3407
3433
3458
3460
3484
3485
3486
3487
3489
3510
3511
3514
3515
3519
3536
3537
3538
3539
3540
3543
3545
3546
3562
3564
3572
3573
3588
3614
4135
4160
4161
4162
4163
4186
4187
4188
4189
4190
4191
4212
4213
4214
4215
4216
4217
4218
4220
4238
4239
4240
4241
4243
4244
4245
4264
4265
4269
4274
4275
4290
4291
4317
4318
4343
4344
4862
4863
4864
4865
4866
4867
4888
4889
4890
4891
4892
4893
4894
4914
4915
4916
4917
4918
4919
4920
4921
4924
4925
4940
4941
4942
4943
4944
4945
4946
4947
4951
4966
4967
4968
4977
4992
4993
4994
5018
5019
5020
5539
5540
5541
5564
5565
5566
5567
5568
5569
5570
5590
5591
5592
5593
5594
5595
5596
5597
5598
5616
5617
5618
5619
5620
5621
5622
5623
5624
5625
5626
5642
5643
5644
5645
5646
5647
5648
5650
5651
5652
5654
5668
5669
5670
5671
5681
5694
5695
5696
5697
5722
5723
6242
6243
6244
6246
6267
6268
6269
6270
6271
6272
6273
6274
6292
6293
6294
6295
6296
6297
6298
6299
6300
6301
6319
6320
6321
6322
6323
6324
6325
6326
6327
6328
6345
6346
6347
6348
6349
6350
6351
6355
6358
6359
6371
6372
6373
6374
6375
6376
6383
6384
6385
6386
6387
6398
6399
6400
6411
6412
6413
6919
6920
6921
6922
6944
6945
6946
6947
6948
6949
6970
6971
6972
6973
6975
6976
6995
6996
6997
6998
6999
7000
7001
7002
7003
7021
7022
7023
7024
7025
7026
7028
7030
7031
7032
7033
7047
7048
7049
7050
7051
7052
7055
7056
7057
7058
7059
7060
7061
7062
7063
7075
7076
7081
7082
7084
7085
7086
7087
7088
7089
7090
7113
7596
7597
7621
7622
7623
7646
7647
7648
7649
7650
7651
7672
7673
7675
7676
7698
7699
7700
7701
7702
7703
7705
7709
7723
7724
7725
7726
7727
7733
7734
7735
7736
7737
7750
7751
7752
7753
7759
7760
7761
7762
7763
7764
7765
7784
7786
7787
7788
7790
7791
8273
8300
8350
8351
8352
8375
8376
8377
8378
8379
8400
8401
8402
8403
8404
8405
8406
8408
8410
8411
8426
8427
8428
8436
8437
8438
8455
8461
8462
8463
8464
8465
8467
9052
9080
9104
9105
9106
9138
9872
13327
13376
13377
13402
13429
13430
13456
14030
14031
14032
14053
14054
14056
14057
14061
14079
14080
14087
14106
14107
14132
14133
14682
14705
14730
14731
14732
14733
14734
14735
14736
14738
14756
14757
14759
14760
14762
14782
14783
14784
14808
14810
15385
15407
15408
15409
15410
15411
15433
15434
15435
15436
15437
15438
15458
15459
15461
15462
15485
15538
16083
16084
16087
16110
16111
16112
16137
16138
16139
16162
16163
16164
16817
16839
16864
16866
