2810
3485
3512
3513
4161
4189
4215
4216
4217
4247
4270
4892
4914
4921
4923
4948
4949
4950
4971
4976
4977
5598
5599
5616
5617
5622
5623
5624
5625
5626
5648
5649
5650
5651
5652
5653
5674
5675
5676
5679
5682
6267
6268
6274
6293
6294
6295
6297
6298
6299
6300
6301
6302
6303
6320
6321
6322
6323
6324
6325
6326
6327
6328
6329
6346
6348
6349
6350
6351
6352
6353
6354
6355
6356
6357
6358
6379
6383
6384
6385
6386
6387
6411
6412
6413
6969
6970
6971
6972
6973
6974
6975
6995
6996
6997
6998
6999
7000
7001
7002
7003
7004
7021
7022
7023
7024
7025
7026
7027
7028
7029
7030
7031
7032
7048
7049
7054
7055
7056
7057
7058
7059
7060
7061
7062
7063
7081
7083
7084
7085
7086
7087
7088
7089
7090
7113
7114
7115
7116
7647
7671
7672
7673
7674
7675
7676
7677
7698
7699
7700
7701
7702
7703
7704
7705
7706
7724
7725
7726
7727
7728
7729
7730
7731
7732
7733
7734
7735
7736
7737
7750
7751
7752
7758
7759
7760
7761
7762
7763
7764
7765
7766
7786
7787
7788
7789
7790
7791
7792
8350
8375
8376
8377
8378
8401
8402
8403
8405
8406
8408
8409
8410
8412
8427
8429
8431
8434
8435
8436
8437
8438
8439
8462
8463
8464
8465
8467
9080
9110
9111
9113
9135
9136
9137
9138
9838
14761
14762
14791
15435
15461
15463
15469
16138
16139
16163
16164
