0
1
676
703
1352
1406
2054
2080
2081
2082
2107
2108
2109
2135
2756
2757
2758
2782
2783
2784
2785
2786
2808
2809
2810
2811
2812
2834
3458
3459
3460
3461
3462
3484
3485
3486
3487
3488
3510
3512
3513
3514
3536
4134
4160
4161
4162
4163
4164
4186
4187
4188
4189
4190
4191
4212
4216
4217
4218
4244
4836
4837
4838
4839
4862
4863
4864
4865
4866
4867
4888
4889
4890
4891
4892
4893
4894
4895
4914
4915
4916
4918
4919
4920
4921
4940
4993
5539
5540
5541
5564
5565
5566
5567
5568
5569
5570
5590
5591
5592
5593
5594
5595
5596
5597
5616
5617
5618
5619
5621
5622
5623
5624
5642
5643
5644
5668
5669
5670
5695
5696
6242
6244
6267
6268
6269
6270
6272
6292
6293
6294
6295
6296
6297
6298
6299
6300
6319
6320
6321
6322
6323
6324
6325
6326
6327
6345
6346
6347
6353
6371
6372
6412
6944
6945
6969
6970
6971
6972
6973
6974
6975
6995
6996
6997
6998
6999
7000
7001
7002
7004
7021
7022
7023
7024
7027
7048
7059
7061
7062
7085
7086
7087
7088
7089
7673
7676
7699
7700
7704
7724
7726
7735
7737
7738
7761
7762
7763
8377
8435
8436
8437
8438
12654
13328
13330
13354
13357
14001
14002
14028
14030
14031
14032
14033
14057
14058
14059
14060
14679
14703
14705
14707
14708
14730
14731
14732
14733
14734
14735
14736
14737
14761
14762
14763
15407
15408
15409
15410
15411
15412
15433
15434
15435
15436
15437
15438
15439
15463
15466
16109
16110
16111
16112
16114
16136
16137
16139
16141
16142
16813
16815
16817
16839
