702
806
832
1404
1405
1430
1456
1482
1508
2106
2107
2108
2132
2158
2184
2210
2236
2782
2783
2785
2808
2809
2810
2811
2834
2835
2860
2886
2912
2913
2939
3459
3484
3487
3489
3510
3512
3513
3536
3537
3538
3539
3562
3563
3588
3589
3614
3615
3640
3641
3666
3667
4160
4186
4188
4191
4192
4193
4212
4213
4214
4215
4216
4238
4239
4240
4242
4264
4265
4266
4290
4291
4292
4316
4317
4318
4319
4342
4343
4344
4345
4369
4370
4838
4862
4863
4864
4865
4866
4867
4888
4889
4890
4891
4892
4893
4894
4914
4915
4917
4918
4919
4920
4940
4941
4942
4943
4944
4947
4966
4967
4968
4970
4971
4992
4993
4994
4995
4997
5018
5019
5020
5021
5022
5045
5046
5047
5048
5513
5514
5540
5541
5564
5565
5566
5567
5568
5569
5570
5572
5590
5591
5592
5593
5594
5595
5596
5597
5598
5616
5617
5618
5619
5620
5621
5622
5623
5624
5625
5643
5644
5645
5646
5647
5648
5649
5668
5669
5670
5671
5672
5673
5677
5694
5695
5696
5697
5698
5699
5720
5721
5722
5723
5724
6216
6217
6242
6243
6244
6269
6270
6272
6273
6274
6294
6295
6296
6297
6298
6299
6300
6301
6319
6320
6321
6322
6323
6324
6325
6326
6327
6345
6346
6347
6348
6349
6370
6371
6372
6373
6374
6375
6376
6377
6396
6397
6398
6399
6400
6401
6426
6427
6919
6920
6945
6946
6970
6971
6972
6973
6975
6976
6977
6995
6996
6997
6998
6999
7000
7001
7002
7003
7004
7005
7020
7021
7022
7023
7024
7025
7026
7027
7028
7029
7030
7031
7032
7046
7047
7048
7049
7050
7051
7052
7056
7058
7059
7060
7061
7073
7074
7075
7076
7077
7078
7079
7081
7083
7084
7085
7086
7087
7088
7089
7101
7102
7106
7597
7622
7623
7649
7672
7674
7675
7678
7679
7680
7681
7698
7699
7700
7701
7702
7703
7704
7705
7706
7707
7708
7723
7724
7725
7726
7727
7728
7732
7734
7735
7736
7737
7749
7750
7751
7752
7753
7754
7755
7758
7759
7760
7761
7762
7763
7764
7776
7777
7778
7779
7780
7784
7785
7786
7787
7789
7806
8298
8299
8353
8378
8379
8400
8401
8403
8404
8405
8408
8409
8427
8429
8434
8435
8436
8437
8438
8453
8454
8456
9002
9028
9029
9054
9055
9081
9083
9104
9105
9106
9113
9731
9732
9757
10407
10490
11111
11373
12103
12702
12728
12780
13350
13352
13354
13355
13356
13375
13377
13378
13379
13401
13403
13404
13405
13428
13429
13430
13455
13457
13483
14026
14030
14031
14053
14054
14055
14056
14058
14078
14079
14080
14081
14082
14083
14104
14105
14106
14107
14108
14131
14132
14134
14159
14705
14706
14707
14730
14731
14732
14734
14735
14736
14756
14757
14758
14759
14760
14761
14762
14781
14782
14783
14784
14785
14786
14787
14807
14808
14809
14810
14835
15383
15407
15408
15409
15411
15433
15434
15435
15436
15437
15438
15458
15459
15460
15461
15462
15463
15464
15465
15485
15486
15487
15488
15490
15511
15512
15538
16085
16087
16110
16112
16115
16135
16136
16137
16162
16163
16164
16165
16187
16190
16787
16864
16867
17465
