1430
1456
2730
2756
2757
2782
2785
2808
2834
3432
3458
3459
3460
3461
3484
3485
3486
3487
3488
3510
3511
3514
3536
3562
3588
4082
4108
4134
4160
4161
4162
4163
4164
4186
4187
4188
4189
4190
4191
4212
4213
4214
4238
4239
4240
4264
4290
4291
4784
4810
4811
4836
4837
4838
4839
4840
4862
4863
4864
4865
4866
4867
4888
4889
4890
4891
4892
4893
4914
4915
4916
4917
4918
4940
4941
4942
4966
4967
4968
4993
4994
5019
5020
5486
5487
5512
5513
5514
5538
5539
5540
5541
5542
5543
5565
5566
5567
5568
5569
5570
5591
5592
5593
5594
5595
5596
5597
5616
5617
5618
5619
5620
5621
5622
5623
5624
5643
5644
5645
5646
5669
5670
5671
5695
5696
5697
5723
6188
6189
6216
6217
6241
6242
6243
6244
6245
6246
6267
6268
6269
6270
6271
6272
6273
6293
6294
6295
6296
6297
6298
6299
6300
6319
6320
6321
6322
6323
6324
6344
6345
6346
6347
6371
6372
6373
6374
6398
6399
6917
6918
6944
6945
6946
6947
6948
6949
6969
6970
6971
6972
6973
6974
6975
6976
6995
6996
6997
6998
6999
7000
7001
7002
7003
7021
7022
7023
7024
7025
7026
7047
7048
7049
7050
7051
7073
7074
7075
7076
7077
7540
7622
7623
7647
7648
7649
7650
7672
7673
7674
7675
7676
7677
7678
7679
7698
7699
7700
7701
7702
7703
7704
7705
7706
7723
7724
7725
7726
7727
7728
7729
7750
7751
7752
7753
7754
7755
7776
7777
7778
7779
8350
8375
8376
8377
8378
8380
8401
8402
8403
8404
8405
8426
8428
8429
8430
8431
8452
8453
9079
9107
9131
9158
10432
10458
11109
11135
11163
11189
11757
11783
11784
11785
11810
11811
11812
11837
11838
11839
11864
12458
12459
12460
12484
12485
12486
12487
12488
12513
12514
12515
12540
12541
12568
13134
13135
13136
13160
13161
13162
13163
13164
13187
13188
13189
13190
13191
13216
13217
13218
13244
13271
13272
13298
13837
13838
13863
13864
13865
13890
13891
13892
13893
13894
13895
13919
13920
13921
13945
13948
13973
14001
14540
14541
14566
14567
14568
14569
14594
14596
14622
14623
14624
14649
14650
14651
14652
14677
14732
15270
15271
15299
15326
15353
15379
15410
15433
15434
15436
15460
16084
16109
16110
16137
16164
16786
16787
16812
16814
16841
17462
17488
17490
