2137
2784
2785
2811
2815
2837
2841
2842
2869
3487
3488
3489
3516
3517
3518
3546
4192
4218
4220
4221
4245
4247
4248
4264
4291
4919
4920
4921
4922
4923
4924
4926
4940
4941
4942
4943
4945
4946
4947
4948
4949
4970
4971
4976
4992
5018
5019
5596
5597
5598
5599
5619
5620
5621
5622
5623
5624
5625
5626
5627
5642
5643
5644
5645
5646
5647
5648
5649
5650
5651
5652
5653
5655
5669
5670
5671
5672
5673
5675
5677
5678
5695
5696
5697
5721
6272
6295
6297
6298
6300
6301
6319
6320
6321
6322
6323
6324
6325
6326
6327
6328
6329
6345
6346
6347
6348
6349
6350
6351
6352
6353
6354
6355
6356
6357
6371
6372
6373
6374
6382
6383
6384
6385
6386
6397
6398
6399
6411
6412
6413
6996
6998
6999
7000
7001
7002
7003
7022
7023
7024
7025
7026
7027
7028
7029
7030
7031
7032
7048
7049
7050
7051
7054
7055
7056
7057
7058
7059
7060
7061
7062
7063
7074
7075
7076
7084
7085
7086
7087
7088
7089
7090
7113
7114
7115
7700
7701
7702
7704
7707
7708
7725
7726
7727
7731
7732
7733
7734
7735
7736
7737
7750
7751
7752
7753
7754
7759
7760
7761
7762
7763
7764
7765
7766
7777
7778
7779
7786
7787
7788
7789
7790
7791
7792
7804
8409
8411
8412
8429
8434
8435
8436
8437
8438
8439
8463
8464
8465
8466
9112
9113
9114
9139
9140
9141
9142
9167
9816
14834
15485
15510
