0
1
676
677
702
703
729
730
1352
1378
1379
1380
1404
1405
1406
1407
1408
1431
1432
1433
2028
2054
2080
2081
2082
2083
2106
2107
2108
2109
2110
2111
2135
2137
2138
2730
2756
2782
2783
2784
2785
2786
2810
2811
2812
2813
2814
2838
2839
2840
2841
3432
3458
3460
3461
3484
3486
3487
3488
3489
3513
3514
3515
3516
3517
4134
4160
4161
4162
4163
4186
4188
4189
4190
4191
4192
4216
4217
4218
4244
4862
4863
4866
4867
4889
4890
4891
4892
4893
4894
4895
4896
4915
4918
4919
4920
4921
4922
5538
5564
5565
5566
5567
5568
5569
5570
5571
5590
5591
5592
5593
5594
5595
5596
5597
5598
5619
5623
5624
5625
6240
6266
6267
6268
6269
6270
6271
6272
6294
6297
6299
6300
6301
6326
6327
6356
6357
6358
6386
6387
6412
6413
6942
6946
6968
6969
6970
6971
7003
7033
7058
7059
7060
7061
7062
7086
7087
7088
7089
7115
7618
7647
7670
7671
7733
7734
7735
7736
7761
7762
7763
7764
7765
7790
7791
8376
8410
8437
8438
8440
8464
8465
8492
9112
9138
9139
9142
9167
9841
9842
10518
10544
10545
12654
13331
13356
13357
13995
13999
14027
14028
14029
14033
14034
14059
14060
14061
14086
14087
14696
14699
14700
14701
14702
14709
14726
14727
14728
14729
14730
14733
14734
14735
14736
14737
14760
14761
14762
14763
14764
15372
15373
15374
15377
15379
15397
15398
15399
15400
15401
15402
15403
15404
15405
15429
15430
15431
15432
15433
15436
15437
15438
15439
15465
15466
16048
16049
16052
16072
16073
16074
16075
16076
16077
16078
16079
16081
16099
16101
16102
16103
16104
16105
16106
16107
16109
16111
16131
16132
16135
16141
16142
16143
16169
16747
16748
16749
16750
16751
16752
16753
16774
16775
16776
16777
16778
16779
16780
16782
16806
16808
16811
16812
16838
16872
17424
17449
17450
17451
17457
17481
17506
17548
