0
1
26
27
53
676
677
678
702
703
704
728
729
730
1352
1353
1378
1379
1380
1404
1405
1406
1407
1431
1432
1433
2054
2055
2080
2081
2082
2083
2106
2107
2108
2109
2110
2135
2136
2730
2756
2759
2782
2783
2785
2786
2808
2810
2811
2812
2813
2838
2839
3432
3458
3484
3485
3487
3488
3489
3512
3513
3514
3515
4160
4161
4186
4188
4190
4217
4218
4244
4862
4866
4888
4889
4890
4892
4893
4894
4920
4921
5598
5624
5651
6327
6353
11248
13321
13322
13325
13326
13972
13996
13998
13999
14000
14001
14022
14023
14024
14025
14026
14027
14028
14029
14031
14053
14055
14670
14671
14673
14674
14675
14697
14698
14699
14700
14701
14702
14703
14704
14705
14706
14726
14727
14728
14729
14730
14731
14732
14733
14734
14757
15370
15372
15373
15375
15376
15377
15378
15379
15380
15398
15399
15400
15401
15402
15403
15404
15405
15406
15407
15408
15428
15430
15431
15432
15433
15434
15435
16051
16053
16072
16074
16075
16076
16077
16078
16079
16080
16081
16082
16083
16084
16099
16101
16102
16103
16104
16105
16106
16107
16108
16109
16110
16132
16133
16134
16136
16137
16745
16746
16747
16748
16749
16750
16751
16752
16754
16772
16773
16774
16775
16776
16777
16778
16779
16781
16783
16786
16805
16806
16807
16808
16809
16810
16811
16812
16813
16814
16834
16836
16837
16838
16839
16840
17423
17424
17447
17448
17449
17451
17452
17474
17476
17478
17479
17484
17486
17512
17514
17515
17516
18124
18185
