0
1
26
27
676
677
702
703
704
728
729
730
1352
1353
1378
1379
1380
1404
1405
1406
1407
1431
1432
1433
2054
2055
2056
2080
2081
2082
2083
2107
2108
2109
2110
2135
2136
2730
2756
2782
2783
2785
2786
2810
2811
2812
2813
2837
2838
2839
3432
3458
3487
3488
3489
3513
3514
3515
3516
3541
4134
4160
4162
4163
4164
4188
4190
4191
4192
4217
4218
4836
4838
4839
4862
4864
4865
4891
4921
5538
5540
5541
5564
5566
5567
5596
5597
5598
5623
5624
6216
6241
6242
6267
6268
6300
6301
6327
6918
6943
6944
6969
6970
7003
7644
7645
7646
7670
7671
7672
7673
7674
7696
7698
7729
8347
8348
8349
8350
8372
8373
8374
8375
8376
8436
9051
9815
9816
9842
11922
13323
13996
13997
14027
14669
14671
14697
14698
14699
14701
14702
14727
14728
14729
14730
14731
14732
14733
14760
15346
15373
15374
15375
15376
15377
15379
15395
15397
15398
15399
15400
15401
15402
15403
15404
15405
15406
15407
15425
15428
15430
15431
15432
15433
15434
15435
15461
16070
16073
16074
16075
16076
16077
16079
16080
16098
16099
16100
16101
16102
16103
16104
16105
16106
16107
16108
16112
16129
16130
16132
16133
16134
16138
16747
16748
16749
16751
16754
16755
16774
16775
16776
16777
16778
16779
16780
16781
16804
16805
16806
16807
16810
16812
16838
17448
17450
17451
17457
17476
17478
17479
17480
17483
17485
17489
18189
