676
702
1352
1378
2028
2054
2080
2158
2808
2834
3460
3484
3487
3510
4135
4136
4160
4161
4162
4163
4164
4186
4187
4188
4190
4191
4212
4217
4218
4264
4836
4837
4838
4839
4840
4862
4863
4864
4865
4866
4867
4888
4889
4890
4892
4893
4894
4895
4914
4915
4916
4920
4921
4940
4941
5515
5516
5539
5540
5541
5542
5543
5564
5565
5566
5567
5568
5569
5570
5571
5591
5592
5593
5596
5597
5616
5617
5618
5622
5623
5624
5625
5642
5648
5649
5650
5652
5668
5669
5670
6215
6216
6217
6241
6242
6243
6244
6267
6268
6269
6293
6294
6295
6296
6297
6298
6299
6300
6301
6318
6319
6320
6321
6322
6323
6324
6325
6326
6327
6328
6344
6345
6346
6347
6352
6353
6354
6371
6372
6373
6944
6945
6968
6969
6970
6971
6972
6973
6974
6976
6994
6995
6996
6997
6998
6999
7000
7001
7002
7003
7004
7021
7022
7023
7024
7025
7027
7028
7029
7047
7048
7049
7058
7085
7645
7648
7671
7672
7673
7674
7675
7698
7699
7700
7701
7702
7704
7724
7725
7732
7734
7735
7736
7759
7760
7761
7762
8376
8378
8410
8411
8435
8436
8437
8438
8439
8462
8463
8464
8465
9112
9140
