2210
2236
2835
2860
2886
2938
2964
3484
3485
3486
3510
3512
3515
3536
3537
3562
3588
3614
3640
3641
3642
3667
3668
4160
4161
4162
4186
4187
4188
4189
4191
4212
4213
4214
4215
4216
4238
4264
4265
4267
4268
4290
4291
4292
4293
4294
4316
4317
4318
4319
4342
4343
4344
4345
4369
4370
4371
4837
4838
4862
4863
4864
4889
4890
4891
4892
4893
4894
4914
4915
4916
4918
4919
4920
4921
4940
4942
4943
4944
4945
4947
4966
4967
4970
4971
4974
4992
4993
4994
4995
4996
5018
5019
5020
5021
5022
5045
5046
5047
5048
5539
5540
5564
5565
5566
5567
5590
5591
5592
5593
5594
5595
5596
5597
5598
5616
5617
5618
5619
5620
5621
5622
5623
5624
5625
5642
5643
5644
5645
5646
5647
5648
5649
5669
5670
5671
5672
5673
5674
5694
5695
5696
5697
5698
5699
5701
5721
5722
5723
6240
6241
6267
6268
6269
6270
6271
6272
6274
6292
6293
6294
6295
6296
6297
6298
6299
6300
6301
6319
6320
6321
6322
6323
6324
6325
6326
6327
6345
6346
6347
6348
6349
6350
6351
6352
6353
6354
6370
6371
6372
6373
6374
6375
6376
6377
6378
6397
6398
6399
6400
6401
6402
6403
6404
6425
6944
6969
6970
6971
6972
6973
6976
6995
6996
6997
6998
6999
7000
7001
7002
7003
7020
7021
7022
7023
7024
7025
7026
7027
7028
7030
7046
7047
7048
7049
7050
7051
7052
7053
7054
7055
7056
7057
7058
7073
7074
7075
7076
7077
7078
7079
7080
7081
7082
7083
7084
7085
7086
7087
7088
7102
7107
7108
7109
7114
7646
7672
7673
7674
7697
7698
7699
7700
7701
7702
7703
7705
7706
7722
7723
7724
7725
7726
7727
7728
7729
7731
7732
7749
7750
7751
7752
7753
7754
7755
7756
7757
7758
7759
7760
7761
7762
7763
7777
7778
7783
7784
7785
7786
7787
7789
7804
8399
8400
8401
8402
8403
8404
8408
8409
8425
8426
8427
8428
8429
8430
8432
8433
8434
8435
8436
8437
8453
8454
8455
8459
8460
8461
8462
8463
8464
8486
9103
9109
9111
9112
9129
9130
9132
9136
9137
9140
9182
9190
9807
9814
9815
9840
9841
14755
14782
15433
15435
15439
15459
15484
15510
15511
16187
16188
16189
