2782
3484
4134
4160
4186
4836
4862
4888
4922
5538
5564
5590
5591
5621
5651
6240
6241
6266
6267
6268
6293
6294
6297
6298
6299
6324
6325
6326
6327
6352
6386
6411
6412
6413
6916
6942
6943
6968
6969
6970
6972
6973
6974
6975
6995
6996
6997
6998
6999
7000
7003
7023
7026
7027
7028
7029
7051
7053
7054
7055
7057
7058
7060
7061
7062
7063
7084
7085
7086
7087
7088
7089
7090
7115
7116
7644
7645
7670
7671
7672
7673
7674
7675
7676
7677
7697
7698
7699
7700
7701
7702
7703
7705
7726
7727
7728
7729
7732
7733
7734
7735
7736
7739
7759
7760
7761
7762
7763
7764
7765
7784
7787
7790
8346
8347
8348
8349
8350
8351
8352
8372
8373
8374
8375
8376
8377
8378
8379
8400
8401
8402
8403
8405
8406
8407
8408
8409
8410
8411
8412
8433
8434
8435
8436
8437
8438
8439
8459
8462
8464
8465
9022
9023
9024
9025
9048
9049
9050
9051
9052
9053
9056
9075
9076
9077
9078
9080
9081
9082
9083
9084
9085
9103
9105
9107
9108
9109
9110
9111
9112
9134
9725
9726
9727
9728
9729
9752
9753
9754
9778
9779
9780
9781
9782
9783
9786
9807
9810
9814
10402
10403
10428
10429
10430
10454
10455
10456
10457
10458
10481
10482
10483
10484
10485
10487
10489
10510
10514
10515
11130
11131
11132
11133
11156
11157
11158
11159
11160
11161
11162
11182
11184
11185
11186
11188
11189
11212
11807
11833
11834
11835
11859
11860
11861
11862
11863
11864
11885
11886
11887
11888
11889
11890
11891
11916
12509
12510
12511
12535
12536
12537
12538
12539
12561
12562
12563
12564
12565
12566
12567
12589
12590
12591
12592
12593
12618
12619
13212
13213
13214
13238
13239
13240
13241
13242
13264
13265
13266
13267
13268
13269
13270
13292
13293
13294
13295
13296
13297
13322
13323
13914
13916
13940
13941
13942
13943
13944
13945
13967
13968
13969
13970
13971
13972
13973
13996
13997
13998
13999
14000
14024
14025
14026
14027
14617
14619
14620
14643
14644
14645
14646
14647
14671
14672
14673
14674
14675
14676
14700
14701
14702
14703
14728
14729
15374
15376
15377
15378
15379
15404
15405
15406
15433
16079
16080
16106
16136
16782
16783
16784
16810
17459
17485
17486
18188
