105
106
132
133
159
238
754
755
781
807
808
809
833
834
835
836
859
860
861
887
888
889
911
912
913
914
915
916
938
939
940
1430
1457
1458
1463
1482
1483
1484
1485
1509
1510
1511
1512
1534
1535
1536
1537
1538
1539
1561
1562
1563
1564
1565
1566
1587
1588
1589
1590
1591
1592
1613
1614
1615
1616
1617
1618
1639
2132
2159
2160
2161
2166
2167
2185
2186
2187
2188
2210
2211
2212
2213
2214
2215
2238
2239
2240
2241
2242
2263
2264
2265
2266
2267
2268
2289
2290
2291
2292
2293
2294
2295
2315
2316
2808
2835
2836
2837
2860
2861
2862
2863
2864
2887
2888
2889
2890
2891
2914
2915
2916
2917
2918
2939
2940
2941
2942
2943
2944
2945
2965
2966
2967
2970
2971
2991
2992
2996
2997
2998
3458
3510
3511
3513
3537
3538
3564
3566
3590
3591
3592
3593
3614
3615
3616
3617
3618
3619
3620
3640
3641
3642
3643
3646
3647
3648
3667
3668
3669
3671
3672
3673
3674
3675
3698
3699
3700
3701
4161
4162
4186
4187
4188
4189
4213
4214
4216
4217
4239
4240
4241
4242
4243
4244
4249
4264
4266
4267
4268
4270
4274
4276
4290
4291
4292
4293
4295
4296
4297
4316
4317
4318
4319
4320
4321
4322
4323
4324
4342
4343
4344
4345
4346
4347
4349
4350
4351
4371
4375
4376
4377
4838
4862
4863
4864
4865
4889
4890
4891
4892
4893
4914
4916
4917
4918
4919
4920
4921
4922
4940
4942
4943
4944
4945
4946
4947
4948
4951
4952
4953
4966
4967
4968
4969
4970
4971
4972
4973
4977
4978
4979
4992
4993
4994
4998
4999
5000
5019
5020
5022
5024
5025
5026
5027
5028
5047
5051
5052
5053
5054
5076
5078
5539
5564
5565
5566
5567
5568
5590
5591
5592
5593
5594
5595
5596
5616
5617
5618
5619
5620
5621
5622
5623
5642
5643
5644
5645
5646
5647
5648
5649
5650
5651
5652
5653
5654
5655
5668
5669
5670
5671
5672
5673
5674
5675
5677
5695
5696
5701
5702
5703
5722
5727
5728
5729
5750
5752
5755
5756
5757
6242
6267
6268
6269
6292
6293
6294
6295
6296
6297
6298
6299
6318
6319
6320
6321
6322
6323
6324
6325
6326
6344
6345
6346
6347
6348
6349
6350
6351
6353
6355
6370
6371
6372
6373
6377
6384
6385
6386
6398
6399
6404
6406
6411
6412
6413
6432
6969
6970
6971
6974
6994
6995
6996
6997
6998
6999
7001
7002
7020
7021
7022
7023
7024
7025
7027
7030
7046
7047
7048
7053
7054
7055
7056
7057
7058
7059
7060
7061
7062
7063
7082
7083
7084
7085
7086
7087
7088
7089
7090
7113
7114
7115
7671
7672
7673
7674
7677
7697
7698
7704
7723
7724
7725
7732
7733
7734
7735
7738
7758
7759
7760
7761
7762
7763
7764
7765
7766
7786
7787
7788
7789
7790
7791
8373
8374
8399
8400
8401
8405
8408
8435
8436
8437
8438
8439
8440
8461
8462
8463
8464
8465
8467
8493
9138
9139
9872
12753
12754
13326
13430
13457
14133
14731
14732
14757
14783
14836
15433
15434
15435
