885
886
912
913
939
1538
1560
1563
1564
1565
1587
1588
1589
1590
1591
1613
1614
1615
1616
1617
2080
2236
2238
2240
2241
2263
2264
2265
2266
2267
2268
2289
2290
2291
2782
2834
2860
2886
2912
2938
2939
2940
2964
2965
2966
2967
2968
2969
2970
2971
2991
2992
2993
2997
3021
3458
3484
3485
3510
3536
3562
3588
3614
3615
3616
3640
3641
3642
3643
3644
3667
3668
3672
3673
3675
3699
3700
3701
4160
4161
4162
4186
4187
4188
4189
4212
4213
4214
4238
4239
4264
4265
4290
4291
4292
4316
4317
4318
4319
4343
4344
4345
4348
4349
4350
4351
4369
4371
4373
4375
4376
4377
4378
4862
4863
4864
4865
4888
4889
4890
4891
4914
4915
4916
4940
4941
4942
4966
4967
4968
4992
4993
4994
4995
5018
5019
5020
5021
5045
5046
5047
5048
5050
5051
5052
5079
5564
5565
5566
5567
5590
5591
5592
5593
5616
5617
5618
5619
5642
5643
5644
5645
5668
5669
5670
5671
5694
5695
5696
5697
5698
5721
5722
5723
5724
5747
5748
6269
6292
6293
6294
6295
6296
6318
6319
6320
6321
6322
6344
6345
6346
6347
6348
6370
6371
6372
6373
6374
6397
6398
6399
6400
6423
6424
6425
6426
6427
6998
6999
7000
7020
7021
7022
7023
7024
7025
7046
7047
7048
7049
7050
7073
7074
7075
7076
7100
7101
7102
7126
7127
7671
7696
7697
7698
7700
7701
7723
7724
7725
7727
7729
7749
7750
7751
7752
7753
7777
7778
7803
8373
8374
8375
8399
8400
8401
8426
8427
8452
8453
8454
8481
9076
9077
9103
9109
9129
9130
9157
12726
13429
13457
14161
14782
14809
14835
14862
15436
15460
15461
15510
15511
15512
15539
16112
16139
16162
16187
17518
