676
2106
2107
2109
2110
2134
2159
2784
2785
2808
2809
2810
2811
2812
2813
2835
2836
2837
2838
2839
2860
2861
2862
2887
3459
3484
3485
3486
3487
3488
3489
3510
3511
3512
3513
3514
3515
3516
3537
3538
3539
3540
3541
3542
3543
3562
3563
3564
3565
3568
3569
3588
3589
3590
3591
4160
4161
4162
4163
4186
4187
4188
4189
4190
4191
4192
4212
4213
4214
4215
4216
4217
4218
4219
4238
4240
4241
4242
4243
4244
4245
4264
4265
4266
4267
4268
4272
4290
4291
4292
4293
4294
4295
4862
4863
4864
4865
4866
4888
4889
4890
4891
4892
4893
4894
4895
4914
4915
4916
4917
4918
4919
4920
4921
4922
4941
4942
4943
4944
4945
4946
4947
4948
4966
4967
4968
4969
4970
4971
4974
4993
4994
4995
4996
4997
5540
5565
5566
5567
5568
5591
5592
5593
5594
5595
5617
5618
5619
5620
5621
5643
5644
5645
5646
5647
5648
5668
5669
5670
5671
5672
5673
5674
5695
5696
5697
5699
6243
6244
6267
6268
6269
6270
6271
6272
6293
6294
6295
6296
6297
6298
6319
6320
6321
6322
6323
6324
6327
6345
6346
6347
6348
6349
6350
6354
6355
6356
6371
6372
6377
6381
6383
6384
6385
6386
6411
6412
6413
6946
6971
6972
6973
6974
6997
6998
6999
7000
7001
7002
7023
7024
7026
7027
7028
7029
7030
7031
7032
7033
7050
7051
7052
7053
7054
7055
7057
7058
7059
7060
7061
7062
7063
7079
7085
7086
7087
7088
7089
7090
7114
7115
7677
7702
7704
7705
7706
7728
7729
7730
7731
7732
7733
7734
7735
7736
7737
7738
7755
7759
7760
7761
7762
7763
7764
7765
7786
7788
7789
7790
7791
8406
8407
8408
8411
8433
8436
8437
8438
8439
8463
8464
8465
8466
8491
9139
9140
9141
9167
9169
9194
9843
14783
15488
15514
16163
16217
