3458
4836
4862
4863
5538
5564
5565
5625
6240
6266
6271
6272
6294
6295
6297
6298
6299
6300
6323
6324
6327
6329
6352
6353
6375
6376
6385
6386
6411
6412
6413
6968
6971
6972
6974
6995
6996
6999
7000
7001
7002
7022
7024
7025
7026
7027
7028
7029
7048
7049
7050
7051
7052
7053
7055
7057
7060
7061
7062
7063
7081
7083
7084
7085
7086
7087
7088
7089
7090
7647
7648
7670
7671
7672
7673
7674
7675
7676
7697
7698
7699
7700
7701
7702
7703
7705
7724
7725
7726
7727
7728
7729
7730
7731
7732
7733
7734
7735
7736
7737
7752
7754
7755
7757
7758
7759
7760
7761
7762
7763
7764
7765
7785
7787
7789
7790
8347
8348
8349
8350
8373
8374
8375
8376
8377
8378
8379
8400
8401
8402
8403
8404
8405
8406
8408
8426
8427
8428
8429
8430
8431
8432
8434
8435
8436
8437
8438
8439
8455
8464
9024
9049
9050
9051
9052
9053
9054
9076
9077
9078
9079
9080
9081
9102
9103
9104
9105
9106
9107
9108
9109
9110
9111
9128
9129
9133
9157
9726
9727
9729
9752
9753
9754
9755
9756
9779
9780
9781
9782
9783
9785
9805
9808
9809
9830
9831
9832
10428
10429
10430
10454
10455
10456
10457
10458
10480
10481
10482
10483
10484
10485
10486
10507
10509
10510
10511
10513
10538
11105
11130
11131
11132
11133
11157
11158
11159
11160
11183
11184
11185
11186
11187
11188
11212
11213
11214
11215
11806
11807
11833
11834
11859
11860
11861
11862
11863
11864
11887
11888
11889
11890
11891
11914
11915
11916
11917
11918
12509
12535
12536
12537
12538
12561
12562
12563
12564
12565
12566
12567
12590
12591
12592
12593
12594
12617
12618
12619
12620
13238
13239
13240
13264
13265
13266
13267
13268
13269
13270
13293
13294
13295
13296
13297
13321
13322
13323
13324
13325
13914
13915
13940
13941
13942
13943
13944
13967
13968
13969
13970
13971
13972
13973
13996
13997
13998
13999
14000
14001
14024
14025
14026
14027
14052
14618
14643
14644
14645
14646
14673
14674
14675
14676
14678
14700
14701
14702
14703
14704
14705
14728
14729
14730
14731
14757
15376
15377
15378
15379
15403
15404
15405
15406
15407
15409
15431
15433
15434
15436
16081
16086
16107
16108
16109
16110
16111
16112
16135
16136
16137
16138
16784
16811
16812
