4134
4160
4810
4836
4837
4862
5512
5538
5539
5564
5565
5566
5567
5591
5617
5624
6214
6215
6217
6240
6242
6243
6266
6267
6268
6269
6295
6298
6319
6320
6321
6322
6325
6346
6348
6385
6387
6412
6413
6890
6916
6917
6942
6943
6944
6945
6946
6968
6969
6970
6972
6994
6995
6996
6998
6999
7022
7023
7025
7026
7049
7050
7051
7052
7054
7055
7056
7057
7061
7062
7082
7085
7086
7087
7088
7089
7090
7592
7618
7619
7620
7622
7645
7646
7647
7648
7649
7650
7670
7671
7672
7673
7674
7675
7677
7697
7698
7699
7700
7702
7703
7724
7725
7726
7727
7728
7729
7730
7731
7733
7734
7753
7754
7755
7756
7757
7758
7759
7760
7761
7762
7763
7789
8321
8322
8323
8325
8326
8346
8347
8348
8349
8350
8351
8352
8353
8373
8374
8375
8376
8377
8378
8379
8399
8400
8401
8402
8403
8404
8405
8406
8407
8426
8427
8428
8429
8430
8431
8432
8433
8434
8435
8436
8437
8452
8453
8454
8455
8456
8457
8458
8464
9023
9024
9025
9026
9027
9049
9050
9051
9052
9053
9054
9076
9077
9078
9079
9101
9102
9103
9104
9106
9107
9108
9109
9128
9129
9130
9131
9132
9134
9155
9699
9700
9724
9725
9726
9727
9728
9750
9751
9752
9753
9754
9755
9777
9778
9779
9780
9781
9782
9804
9805
9806
9807
9808
9809
9810
9831
9832
9833
9834
10401
10402
10403
10426
10427
10428
10429
10430
10453
10454
10455
10456
10458
10481
10482
10483
10484
10485
10486
10507
10508
10509
10510
10511
10512
10513
10536
10537
11103
11104
11105
11129
11130
11131
11132
11133
11134
11156
11157
11158
11159
11160
11161
11163
11183
11184
11185
11186
11187
11188
11189
11190
11209
11210
11211
11212
11213
11214
11215
11216
11217
11238
11239
11241
11806
11807
11808
11832
11833
11834
11835
11836
11838
11859
11860
11861
11862
11863
11864
11867
11885
11886
11887
11888
11889
11890
11891
11892
11893
11914
11915
11916
11917
11918
11919
11920
12511
12535
12536
12537
12538
12539
12540
12562
12563
12564
12565
12566
12567
12568
12569
12570
12571
12589
12590
12591
12592
12593
12595
12596
12617
12618
12620
12622
12623
12645
13213
13214
13238
13239
13240
13241
13242
13243
13265
13266
13267
13268
13269
13270
13271
13272
13292
13293
13294
13295
13296
13297
13321
13942
13943
13944
13945
13947
13968
13969
13970
13971
13972
13973
13974
13975
13996
13997
13998
13999
14025
14618
14621
14645
14647
14648
14649
14650
14674
14675
14676
14677
14700
14702
15349
15351
15352
15375
15376
15378
16051
16079
16081
16755
16756
16780
16781
16782
17432
17458
17459
17483
17484
17485
