781
1482
1508
2184
2210
2756
2782
2808
2834
2886
2892
2912
2915
3432
3458
3459
3484
3485
3486
3510
3511
3536
3537
3562
3588
3589
3614
3615
4134
4135
4136
4160
4161
4162
4163
4186
4187
4188
4189
4212
4213
4214
4215
4238
4240
4264
4290
4291
4316
4317
4784
4810
4811
4836
4837
4838
4862
4863
4864
4865
4888
4889
4890
4891
4914
4915
4916
4917
4940
4943
4966
4967
4968
4992
4993
4994
5018
5019
5020
5044
5045
5046
5486
5512
5513
5514
5538
5539
5540
5541
5542
5564
5565
5566
5567
5568
5569
5590
5591
5592
5593
5594
5595
5596
5616
5617
5618
5619
5620
5621
5642
5643
5644
5645
5646
5668
5669
5670
5671
5694
5695
5696
5697
5698
5700
5701
5721
5722
5723
5724
5725
5726
5747
5748
5749
6188
6214
6215
6216
6241
6242
6243
6244
6267
6268
6269
6270
6271
6272
6292
6293
6294
6295
6296
6297
6298
6299
6318
6319
6320
6321
6322
6323
6324
6344
6345
6346
6347
6348
6370
6371
6372
6373
6397
6398
6399
6400
6401
6402
6404
6406
6408
6423
6424
6425
6426
6427
6428
6429
6430
6449
6452
6453
6917
6918
6944
6945
6946
6947
6948
6969
6970
6971
6972
6973
6974
6975
6994
6995
6996
6997
6998
6999
7000
7020
7021
7022
7023
7024
7025
7026
7047
7048
7049
7050
7073
7074
7075
7076
7077
7084
7085
7086
7087
7088
7089
7099
7100
7101
7102
7103
7104
7105
7106
7107
7108
7109
7110
7111
7112
7114
7125
7126
7127
7128
7129
7130
7131
7132
7135
7152
7154
7648
7649
7651
7671
7672
7674
7675
7697
7698
7699
7700
7701
7702
7703
7723
7724
7725
7726
7727
7749
7750
7751
7752
7753
7775
7776
7777
7788
7789
7790
7802
7803
7804
7806
7808
7809
7810
7811
7812
7813
7814
7827
7828
7829
7830
7831
7832
7835
8350
8352
8375
8376
8377
8399
8400
8401
8402
8403
8404
8425
8426
8427
8428
8429
8430
8452
8453
8454
8478
8479
8480
8506
8513
8536
9080
9105
9129
9130
9131
9133
9154
9155
9156
9157
9181
9182
9806
9807
9808
9832
9834
9857
9858
9859
10511
10560
10567
10568
10593
11109
11137
11218
11271
11784
11785
11811
11837
11839
11864
11947
11973
12458
12459
12460
12485
12486
12487
12488
12513
12514
12515
12516
12541
12542
12594
12650
12676
13135
13136
13160
13161
13162
13163
13188
13189
13190
13216
13217
13218
13243
13245
13270
13353
13837
13838
13863
13864
13865
13866
13892
13893
13919
13920
13947
14029
14541
14542
14566
14705
14756
14759
14782
14783
14807
15298
15327
15406
15407
15409
15435
15457
15458
15484
15486
15509
15510
15511
15536
16059
16084
16111
16112
16135
16136
16138
16139
16160
16162
16186
16760
16787
16789
16813
16814
16839
16841
16865
16889
17463
17464
17465
17489
17541
17544
18167
18194
