2783
2785
2841
2842
2860
3485
3486
3489
3516
3562
3572
3614
4160
4161
4164
4186
4187
4189
4192
4193
4212
4219
4220
4238
4247
4248
4264
4266
4267
4290
4291
4316
4343
4863
4864
4866
4888
4889
4890
4895
4915
4919
4920
4921
4922
4940
4941
4943
4945
4947
4948
4949
4950
4966
4967
4968
4971
4972
4974
4975
4992
4993
4994
4996
5019
5020
5046
5540
5541
5565
5566
5567
5569
5590
5591
5593
5597
5598
5616
5618
5619
5620
5621
5622
5623
5624
5625
5626
5642
5644
5645
5646
5647
5648
5649
5650
5651
5652
5653
5669
5670
5671
5672
5673
5674
5675
5676
5677
5678
5679
5695
5696
5697
5698
5722
5723
6243
6269
6270
6272
6294
6295
6296
6297
6298
6299
6300
6319
6320
6321
6322
6323
6324
6325
6326
6327
6328
6329
6345
6346
6347
6348
6349
6350
6351
6352
6353
6354
6355
6356
6371
6372
6373
6374
6375
6379
6381
6385
6386
6387
6397
6398
6399
6400
6411
6412
6413
6972
6973
6974
6975
6976
6996
6997
6998
6999
7000
7001
7002
7003
7005
7021
7022
7023
7024
7025
7026
7027
7028
7029
7030
7031
7032
7034
7048
7049
7050
7051
7052
7057
7058
7059
7060
7061
7062
7063
7074
7075
7076
7077
7084
7085
7086
7087
7088
7089
7090
7113
7115
7116
7674
7676
7677
7699
7700
7701
7702
7704
7705
7706
7724
7725
7726
7727
7728
7733
7734
7735
7736
7737
7738
7751
7752
7753
7759
7760
7761
7762
7763
7764
7765
7779
7787
7788
7789
7790
7791
8377
8380
8403
8404
8407
8408
8409
8410
8429
8430
8431
8434
8436
8437
8438
8439
8440
8463
8464
8465
8466
9081
9105
9111
9112
9114
9115
9141
9815
9816
14757
14783
15434
15460
15461
16163
16840
16865
16892
