676
702
1378
1456
2159
2185
2808
2834
2835
2837
2860
2862
2886
2887
2888
3485
3486
3488
3510
3514
3536
3537
3538
3540
3562
3563
3564
3565
3588
3589
3590
3591
3592
3616
3617
4161
4163
4164
4186
4187
4188
4189
4213
4214
4215
4216
4217
4238
4239
4240
4241
4242
4243
4244
4264
4265
4266
4267
4268
4269
4291
4292
4293
4294
4295
4319
4864
4865
4889
4890
4891
4892
4915
4916
4917
4918
4920
4941
4942
4943
4944
4945
4946
4967
4968
4969
4970
4971
4994
4995
4996
4997
5542
5566
5567
5568
5592
5593
5594
5595
5618
5619
5620
5621
5622
5643
5644
5645
5646
5647
5648
5670
5671
5672
5673
5674
5697
5698
5699
5700
6217
6218
6244
6245
6246
6269
6270
6271
6272
6295
6296
6297
6298
6320
6321
6322
6323
6324
6325
6346
6347
6348
6349
6350
6351
6352
6373
6374
6375
6376
6377
6919
6920
6921
6946
6947
6948
6972
6973
6975
6997
6998
6999
7000
7001
7002
7003
7022
7023
7024
7025
7026
7027
7028
7029
7030
7049
7050
7051
7052
7053
7054
7055
7081
7570
7596
7597
7622
7623
7624
7649
7675
7676
7677
7678
7679
7700
7701
7702
7703
7704
7705
7706
7726
7727
7728
7729
7730
7731
7732
7753
7754
7755
7756
7757
8273
8299
8355
8378
8379
8380
8381
8382
8405
8406
8407
8408
8431
8432
8433
8458
9030
9137
14056
14083
14084
14110
14758
14760
14786
14787
15436
15461
15462
15463
15485
15486
15489
15515
16138
16163
16866
16869
17465
17544
