0
1
2
26
27
28
676
677
702
703
704
705
728
729
730
732
1352
1378
1379
1380
1404
1405
1406
1407
1430
1431
1432
1433
1434
2054
2055
2056
2080
2081
2082
2083
2106
2107
2108
2109
2110
2111
2135
2136
2137
2730
2756
2757
2758
2759
2782
2783
2784
2785
2786
2787
2810
2811
2812
2813
2814
2840
3432
3458
3459
3460
3461
3462
3484
3485
3486
3487
3488
3489
3513
3514
3515
3516
3517
4136
4137
4160
4161
4162
4163
4164
4188
4189
4190
4191
4216
4217
4218
4219
4244
4245
4837
4838
4839
4840
4862
4863
4864
4865
4866
4867
4890
4891
4892
4893
4894
4919
4920
4921
4948
5514
5539
5540
5541
5566
5567
5594
5597
5598
5623
5624
5625
6242
6243
6272
6299
6300
6301
6326
6327
6328
6329
6385
6412
6413
6976
7002
7003
7031
7032
7057
7058
7059
7060
7061
7062
7086
7087
7088
7089
7678
7679
7707
7708
7733
7734
7735
7736
7737
7761
7762
7763
7764
7765
7790
8436
8437
8438
8439
8464
8465
8466
9112
9138
9139
9140
9815
9841
11221
12628
12654
13294
13330
13351
13966
13996
13998
14000
14001
14006
14023
14024
14033
14055
14059
14060
14061
14086
14667
14672
14695
14696
14697
14698
14699
14700
14703
14709
14725
14726
14727
14729
14730
14731
14735
14736
14737
14762
14763
14764
15371
15372
15373
15374
15376
15396
15398
15399
15400
15401
15402
15403
15404
15405
15406
15407
15408
15412
15413
15427
15428
15430
15432
15433
15438
15439
15466
16048
16071
16072
16073
16074
16075
16076
16077
16078
16079
16080
16081
16100
16101
16102
16103
16104
16105
16106
16107
16108
16131
16133
16141
16142
16746
16747
16748
16749
16750
16751
16753
16773
16774
16775
16776
16777
16778
16779
16780
16781
16782
16783
16804
16805
16806
16807
16808
16809
16810
16811
16834
16837
16838
17449
17450
17451
17452
17478
17481
17482
17483
17485
17503
17513
17539
