0
1
26
27
676
677
702
703
704
728
729
730
1352
1378
1379
1380
1404
1405
1406
1407
1431
1432
1433
2054
2080
2081
2082
2083
2106
2107
2108
2109
2110
2133
2135
2136
2730
2756
2757
2758
2759
2782
2784
2785
2786
2808
2809
2811
2812
2838
3432
3458
3459
3460
3461
3484
3486
3487
3488
3513
3514
3515
3540
4134
4135
4136
4160
4161
4162
4163
4186
4188
4189
4191
4216
4217
4218
4245
4811
4836
4837
4838
4865
4867
4892
4893
4894
4921
5512
5513
5538
5539
5568
5597
5624
6188
6189
6214
6215
6300
6327
6353
6890
6891
7003
7030
8436
9139
9815
9816
9841
9842
11248
13965
13966
13970
13992
13993
13996
14021
14055
14058
14666
14668
14670
14696
14697
14698
14699
14700
14701
14702
14705
14728
14729
14730
15341
15370
15371
15373
15374
15375
15396
15399
15400
15401
15402
15403
15404
15428
15429
15431
15439
16044
16050
16052
16070
16071
16072
16073
16074
16075
16076
16077
16078
16079
16080
16098
16100
16101
16102
16103
16104
16105
16106
16107
16108
16109
16131
16132
16134
16744
16745
16746
16747
16748
16749
16750
16751
16754
16771
16772
16773
16774
16775
16776
16777
16778
16779
16780
16781
16803
16804
16805
16806
16807
16808
16809
16810
16838
17421
17422
17447
17448
17449
17450
17451
17452
17453
17454
17457
17474
17479
17482
17483
17508
17512
18151
18180
