0
1
26
27
676
677
702
703
704
728
729
730
756
1352
1353
1378
1379
1380
1404
1405
1406
1407
1431
1432
1433
2054
2055
2080
2081
2082
2083
2084
2106
2107
2108
2109
2110
2135
2136
2730
2756
2782
2783
2784
2785
2786
2810
2811
2812
2813
2838
3432
3458
3460
3461
3484
3486
3487
3488
3489
3510
3513
3514
3515
4108
4136
4161
4162
4163
4164
4190
4191
4217
4218
4836
4838
4839
4862
4863
4864
4865
4919
4920
4921
5026
5538
5539
5540
5541
5564
5565
5566
5567
5592
5597
5624
5675
5699
5701
6216
6240
6241
6242
6243
6266
6267
6268
6269
6295
6323
6327
6347
6349
6350
6351
6375
6376
6943
6944
6945
6968
6969
6970
6971
6997
6998
7022
7023
7024
7025
7049
7645
7646
7647
7671
7672
7673
7697
7698
7699
8347
8348
8349
8372
8373
8374
8375
8376
8400
8401
9051
9052
9075
9076
9077
9078
9079
9138
9780
9781
9842
10517
10543
11247
11950
13996
13997
13998
13999
14000
14002
14023
14024
14026
14028
14029
14030
14673
14694
14696
14697
14698
14700
14702
14703
14724
14727
14728
14729
14731
14732
15347
15370
15372
15373
15374
15376
15379
15398
15400
15401
15402
15403
15404
15405
15406
15426
15427
15428
15429
15430
15431
15432
15433
15458
16046
16069
16070
16071
16072
16073
16074
16075
16076
16077
16078
16097
16099
16100
16101
16102
16103
16104
16105
16106
16107
16108
16109
16110
16132
16133
16134
16136
16746
16747
16748
16749
16750
16751
16752
16771
16772
16773
16774
16775
16776
16777
16778
16779
16780
16781
16782
16803
16804
16806
16807
16808
16809
16810
16811
16812
16834
17422
17448
17449
17450
17451
17452
17453
17474
17478
17481
17485
17506
17509
17510
17511
17514
17517
18214
