2109
2110
2785
2811
2812
2813
2838
2839
3458
3487
3488
3489
3514
3515
3516
3541
3542
4134
4160
4161
4162
4163
4164
4189
4190
4191
4192
4217
4218
4219
4244
4245
4836
4837
4838
4839
4840
4862
4863
4864
4865
4866
4867
4893
4894
4895
4920
4921
4922
5538
5539
5540
5541
5542
5564
5565
5566
5567
5568
5597
5598
5623
5624
6240
6241
6242
6243
6244
6267
6268
6269
6300
6301
6326
6327
6942
6943
6944
6945
6968
6969
6970
6971
6972
7003
7030
7644
7645
7646
7647
7648
7670
7671
7672
7673
7674
7697
8347
8348
8349
8350
8372
8373
8374
8375
8376
8377
9052
9053
9077
9079
9756
12653
12654
13357
14033
14059
14060
14061
14086
14087
14735
14736
14762
14763
14789
15439
15440
15466
16168
16169
16872
