2730
2756
2757
2782
2786
3432
3433
3458
3459
3460
3461
3485
3486
3487
3488
3513
3514
3515
3516
3541
3542
4134
4135
4136
4160
4161
4162
4163
4164
4188
4189
4190
4191
4192
4216
4217
4218
4219
4836
4837
4838
4839
4840
4862
4863
4864
4865
4866
4867
4868
4891
4892
4893
4894
4920
5514
5539
5540
5541
5542
5543
5565
5566
5567
5568
5569
5570
5571
5595
5596
5597
5598
5624
6216
6217
6241
6242
6243
6244
6245
6246
6268
6269
6270
6271
6272
6273
6274
6297
6298
6299
6300
6327
6944
6948
6973
6974
6975
6976
7650
7677
14706
15409
15410
16086
16087
16112
16113
16114
16788
16815
