3484
3487
3488
3515
3541
3542
4160
4161
4162
4163
4164
4188
4189
4190
4191
4192
4217
4218
4219
4244
4245
4836
4837
4838
4839
4840
4862
4863
4864
4865
4866
4867
4868
4891
4892
4893
4894
4895
4918
4919
4920
4921
4945
4972
4999
5000
5515
5539
5540
5541
5542
5543
5565
5566
5567
5568
5569
5570
5593
5594
5595
5596
5597
5598
5620
5621
5622
5623
5624
5648
5649
5650
5675
5676
5701
5702
5703
6217
6242
6243
6244
6245
6268
6269
6270
6271
6272
6273
6274
6295
6296
6297
6298
6299
6300
6323
6324
6325
6350
6351
6352
6378
6919
6920
6945
6946
6947
6971
6972
6973
6974
6977
7028
7055
7648
7649
7674
7675
8351
8352
8377
8378
