26
676
702
1378
1404
2080
2782
3458
3459
3484
3510
3536
4134
4160
4161
4162
4163
4164
4186
4187
4190
4191
4212
4238
4836
4837
4838
4839
4840
4862
4863
4864
4865
4866
4867
4888
4889
4914
4916
4943
5538
5539
5540
5564
5565
5566
5590
5591
5592
5593
5616
5618
5619
5620
5643
5645
5646
6241
6242
6266
6267
6268
6269
6293
6294
6295
6296
6297
6318
6319
6320
6321
6322
6323
6344
6345
6346
6348
6349
6942
6943
6944
6945
6946
6968
6969
6970
6971
6972
6994
6995
6996
6997
6998
6999
7020
7021
7022
7023
7024
7025
7026
7048
7049
7647
7672
7673
7674
7698
7699
7700
7702
7724
7727
7728
7755
8404
