52
2185
2837
2863
2887
2913
3512
3536
3537
3538
3539
3540
3562
3563
3564
3565
3566
3588
3589
3590
3591
3592
3616
3617
3618
3643
4108
4160
4215
4239
4240
4241
4242
4243
4265
4266
4267
4268
4269
4270
4291
4292
4293
4294
4295
4318
4319
4320
4321
4836
4862
4888
4891
4892
4916
4917
4918
4919
4941
4942
4943
4944
4945
4946
4968
4969
4970
4971
4972
4994
4995
4996
4997
4998
5021
5022
5023
5594
5595
5617
5618
5619
5620
5621
5623
5624
5643
5644
5645
5646
5647
5648
5649
5670
5671
5672
5673
5674
5675
5676
5697
5698
5699
5702
6267
6294
6295
6296
6299
6300
6319
6320
6321
6322
6323
6324
6325
6326
6327
6346
6347
6348
6349
6350
6351
6352
6353
6373
6374
6375
6376
6377
6378
6379
6401
6402
6403
6970
6996
6997
6998
6999
7000
7001
7002
7003
7022
7023
7024
7025
7026
7027
7028
7029
7030
7048
7049
7050
7051
7052
7053
7054
7055
7077
7078
7079
7080
7081
7106
7647
7673
7676
7678
7679
7698
7700
7701
7702
7703
7704
7705
7706
7724
7725
7726
7727
7728
7729
7730
7731
7732
7733
7754
7755
7756
7757
7758
7759
7782
8376
8377
8378
8379
8380
8403
8404
8405
8406
8407
8430
8432
8433
8435
8436
8458
8461
9052
9080
9132
9138
9729
11081
11135
11188
11189
11810
11811
11837
11863
11864
11892
11919
12486
12487
12539
12540
12541
12567
13162
13163
13188
13189
13190
13215
13216
13243
13270
13435
13839
13865
13892
13920
14082
14085
14108
14109
14110
14111
14136
14650
14676
14703
14760
14761
14762
14784
14785
14786
14787
14812
14814
15434
15438
15460
15461
15465
16168
16193
16785
16894
