2054
2080
2756
2757
2782
2808
2860
2886
3458
3459
3460
3484
3485
3510
3511
3536
3537
3562
3588
4160
4161
4162
4163
4186
4187
4188
4189
4216
4238
4264
4265
4290
4292
4317
4318
4837
4838
4862
4863
4864
4865
4866
4888
4889
4890
4891
4892
4893
4914
4915
4916
4917
4918
4920
4940
4941
4942
4943
4944
4945
4947
4966
4967
4968
4970
4971
4992
4993
4994
4995
5018
5019
5020
5021
5045
5046
5540
5541
5564
5565
5566
5567
5568
5569
5590
5591
5592
5593
5594
5595
5596
5597
5616
5617
5618
5619
5620
5621
5622
5623
5624
5625
5643
5644
5645
5646
5647
5648
5649
5650
5651
5652
5668
5669
5670
5671
5672
5673
5694
5695
5696
5697
5721
5722
6241
6242
6243
6244
6267
6268
6269
6270
6271
6272
6273
6292
6293
6294
6295
6296
6297
6298
6299
6300
6301
6318
6319
6320
6321
6322
6323
6324
6325
6326
6327
6344
6345
6346
6347
6348
6349
6350
6351
6352
6353
6354
6355
6370
6371
6372
6373
6374
6385
6386
6397
6398
6399
6412
6423
6424
6425
6946
6947
6968
6969
6970
6971
6972
6973
6974
6975
6995
6996
6997
6998
6999
7000
7001
7002
7021
7022
7023
7024
7025
7026
7028
7029
7030
7031
7032
7047
7048
7049
7050
7051
7057
7058
7059
7060
7061
7062
7073
7074
7075
7076
7085
7086
7087
7088
7089
7099
7100
7101
7102
7114
7126
7650
7651
7672
7673
7674
7675
7676
7697
7698
7699
7700
7701
7703
7723
7724
7725
7726
7727
7728
7733
7734
7735
7736
7737
7750
7751
7752
7759
7760
7761
7762
7763
7764
7765
7776
7777
7778
7779
7780
7788
7789
7790
7791
7802
7803
8375
8377
8400
8401
8403
8426
8427
8428
8429
8435
8436
8437
8438
8439
8452
8453
8454
8463
8464
8465
8466
8478
8480
8481
9110
9113
9129
9130
9131
9139
9140
9141
9154
9155
9156
9180
9181
9182
9831
9832
9834
9857
9858
13402
14105
14106
15410
15431
15434
15458
15460
15509
15512
16110
16111
16112
16114
16140
16161
16162
16213
16815
16818
16841
16842
16864
17516
