2132
2158
2782
2783
2808
2834
2860
2886
2912
2913
2966
3458
3484
3485
3486
3488
3510
3513
3514
3515
3517
3536
3562
3588
3589
3590
3614
3615
3641
3642
3667
3668
4160
4161
4162
4186
4187
4188
4189
4190
4191
4192
4212
4213
4214
4215
4216
4217
4218
4219
4238
4239
4242
4244
4247
4264
4265
4290
4291
4317
4318
4319
4343
4344
4836
4837
4862
4863
4864
4865
4866
4888
4889
4890
4891
4892
4893
4894
4895
4914
4915
4916
4917
4918
4919
4920
4921
4922
4923
4940
4941
4942
4943
4944
4945
4946
4966
4967
4968
4992
4993
4994
4995
4996
5018
5019
5020
5539
5540
5541
5564
5565
5566
5567
5568
5569
5570
5590
5591
5592
5593
5594
5595
5596
5597
5598
5616
5617
5618
5619
5620
5621
5622
5623
5624
5625
5642
5643
5644
5645
5646
5647
5648
5668
5669
5670
5671
5672
5674
5676
5677
5694
5695
5696
5697
5723
6216
6217
6241
6242
6243
6244
6267
6268
6269
6270
6271
6272
6273
6274
6292
6293
6294
6295
6296
6297
6298
6299
6300
6301
6318
6319
6320
6321
6322
6323
6324
6325
6326
6327
6344
6345
6346
6347
6348
6349
6350
6351
6355
6370
6371
6372
6373
6374
6375
6376
6385
6386
6397
6398
6399
6400
6411
6412
6413
6423
6424
6945
6970
6971
6972
6973
6974
6975
6995
6996
6997
6998
6999
7000
7002
7003
7004
7020
7021
7022
7023
7024
7025
7026
7027
7029
7030
7031
7047
7048
7049
7050
7051
7052
7055
7056
7057
7058
7059
7060
7061
7062
7073
7074
7075
7076
7077
7082
7083
7084
7085
7086
7087
7088
7089
7099
7100
7101
7103
7127
7621
7672
7674
7675
7676
7678
7697
7698
7699
7700
7701
7702
7703
7705
7706
7723
7724
7725
7726
7727
7728
7729
7732
7733
7734
7735
7736
7737
7749
7750
7751
7752
7753
7757
7758
7759
7760
7761
7762
7763
7764
7765
7779
7786
7787
7788
7789
7790
8376
8379
8400
8402
8404
8406
8409
8411
8427
8428
8429
8435
8436
8437
8438
8440
8454
8462
8463
8464
8465
8466
9110
9136
9138
9759
12651
12672
12701
12728
13328
13349
13350
13351
13353
13354
13357
13376
13403
13428
13977
14002
14004
14029
14030
14031
14034
14053
14054
14056
14057
14080
14082
14083
14089
14090
14106
14107
14134
14135
14703
14704
14705
14706
14707
14729
14730
14731
14732
14733
14734
14755
14756
14757
14758
14759
14760
14761
14764
14765
14781
14782
14783
14784
14785
14809
14810
14837
15406
15407
15408
15409
15410
15431
15432
15433
15434
15435
15436
15437
15438
15458
15459
15460
15461
15462
15463
15464
15487
15511
16084
16087
16110
16111
16112
16113
16136
16137
16139
16163
16164
16215
16760
16813
16814
16816
16839
16869
16891
17490
17543
