2756
5538
6214
6240
6942
6972
6973
7000
7001
7002
7003
7087
7088
7089
7644
7645
7647
7670
7672
7673
7674
7700
7701
7702
7703
7727
7728
7734
7735
7763
8320
8321
8322
8323
8346
8347
8348
8349
8372
8373
8375
8376
8377
8403
8404
8405
9022
9023
9024
9025
9048
9049
9050
9051
9078
9079
9080
9081
9106
9107
9108
9133
9699
9700
9724
9725
9726
9750
9751
9752
9754
9755
9756
9757
9780
9781
9782
9783
9784
9808
9809
9810
10400
10401
10402
10426
10427
10428
10429
10430
10452
10453
10454
10455
10456
10457
10458
10459
10460
10483
10484
10485
10486
10512
10538
11103
11104
11129
11130
11131
11132
11133
11156
11157
11158
11159
11160
11161
11162
11184
11185
11186
11187
11188
11189
11213
11214
11806
11807
11832
11833
11834
11835
11859
11860
11861
11862
11863
11864
11865
11887
11888
11889
11890
11891
11917
12535
12536
12537
12538
12563
12564
12565
12566
12567
12589
12590
12591
12592
12593
12594
12595
13239
13240
13266
13267
13268
13269
13270
13293
13294
13295
13296
13297
13322
13943
13969
13970
13971
13972
13974
13997
13998
13999
14000
14001
14674
14675
14676
14701
14702
