0
676
702
728
1378
2133
2159
2835
2860
3485
3486
3487
3511
3512
3513
3538
3539
3540
3564
3565
3566
3591
3592
4162
4187
4188
4189
4190
4213
4214
4215
4217
4239
4240
4241
4242
4267
4268
4269
4294
4295
4864
4865
4890
4891
4892
4916
4917
4918
4919
4942
4943
4944
4945
4946
4969
4970
4971
4972
4998
5567
5568
5592
5593
5594
5595
5596
5618
5619
5620
5621
5622
5623
5624
5645
5646
5647
5648
5673
5674
5675
6270
6271
6272
6295
6296
6297
6298
6299
6300
6321
6322
6323
6324
6325
6326
6327
6347
6348
6349
6350
6351
6352
6353
6377
6378
6972
6973
6998
6999
7000
7001
7002
7003
7024
7025
7026
7027
7028
7029
7030
7052
7053
7054
7055
7056
7080
7081
7675
7676
7677
7701
7702
7703
7704
7705
7706
7727
7728
7729
7730
7731
7732
7755
7756
7757
7758
8379
8381
8404
8405
8406
8407
8408
8431
8432
8433
8434
9081
9108
9109
9110
9111
9135
9136
9137
13353
14083
14758
14759
14760
14761
14785
14786
14787
15435
15436
15461
15462
15463
15464
15489
15490
16112
16138
16139
16164
16165
16166
16191
16192
16817
16841
16842
16843
16868
16869
17518
17546
17571
17572
