4810
4836
4862
5512
5538
5565
6214
6242
6266
6916
6942
6969
6970
6971
6994
6995
6996
6997
6998
7023
7024
7026
7618
7644
7646
7670
7671
7672
7673
7674
7675
7697
7698
7699
7700
7701
7702
7703
7724
7725
7726
7727
7728
7729
8320
8346
8347
8348
8372
8373
8374
8375
8376
8377
8378
8399
8400
8401
8402
8403
8404
8405
8429
8430
8431
9048
9049
9050
9052
9053
9075
9076
9078
9079
9080
9081
9104
9105
9106
9107
9727
9752
9753
9754
9779
9780
9781
9782
9783
9806
9808
9809
10428
10429
10430
10454
10455
10456
10481
10482
10483
10484
10486
10509
10510
10512
11130
11131
11132
11133
11156
11157
11158
11159
11160
11183
11184
11185
11186
11187
11188
11211
11212
11213
11214
11241
11806
11807
11832
11833
11834
11835
11859
11860
11861
11862
11863
11864
11886
11887
11888
11889
11890
11891
11914
11915
11916
11917
11918
11919
12508
12509
12511
12536
12537
12538
12539
12562
12563
12564
12565
12566
12567
12589
12590
12591
12592
12593
12594
12595
12617
12618
12619
12620
12621
12645
13239
13240
13241
13242
13265
13266
13267
13268
13269
13270
13293
13294
13295
13296
13297
13298
13321
13322
13323
13324
13943
13944
13945
13969
13970
13971
13972
13973
13974
13997
13998
13999
14000
14001
14024
14025
14026
14027
14052
14647
14648
14673
14674
14675
14676
14677
14701
14702
14728
14729
15378
15379
15404
15405
15406
16081
