2756
2808
3458
3484
4160
4836
4862
4888
5538
5564
6240
6241
6266
6267
6292
6294
6942
6943
6969
6970
6995
6996
6997
7085
7087
7088
7089
7620
7645
7646
7647
7671
7672
7673
7698
7699
7700
7701
7726
7730
7731
7732
7760
7762
8348
8373
8374
8375
8376
8401
8402
8433
8434
9049
9050
9075
9076
9078
9103
9751
9752
9778
10428
10454
10455
11130
11156
11157
11833
11859
12535
12561
12562
12567
12588
12593
12594
13237
13238
13264
13267
13270
13295
13296
13297
13322
13323
13324
13940
13941
13967
13968
13969
13970
13971
13972
13973
13974
13997
13998
13999
14000
14024
14025
14026
14027
14052
14643
14644
14645
14646
14647
14672
14673
14674
14675
14676
14677
14700
14701
14702
14703
14728
14729
14730
15378
15379
15380
15404
15405
15406
15407
15431
15459
16056
16082
16083
16108
16109
16784
16785
16811
