2133
2808
2834
2835
3484
3510
4134
4160
4191
4836
4862
4863
4888
4891
4918
4921
4946
5512
5538
5564
5566
5594
5596
5617
5623
5624
6214
6240
6241
6266
6268
6269
6270
6271
6292
6293
6296
6297
6298
6299
6318
6321
6323
6324
6325
6326
6327
6351
6353
6354
6379
6386
6411
6412
6413
6414
6916
6917
6942
6943
6944
6945
6946
6968
6969
6970
6971
6973
6974
6975
6995
6996
6997
6998
6999
7000
7001
7003
7023
7024
7025
7026
7027
7028
7051
7052
7054
7055
7056
7057
7059
7060
7061
7062
7063
7083
7084
7085
7086
7087
7088
7089
7090
7115
7619
7645
7646
7647
7648
7649
7670
7671
7672
7673
7674
7675
7677
7697
7698
7699
7700
7701
7702
7703
7704
7725
7726
7727
7728
7729
7730
7732
7733
7734
7735
7736
7737
7752
7754
7756
7757
7758
7759
7760
7761
7762
7763
7764
7765
7788
7789
7790
7791
7792
8321
8322
8346
8347
8348
8349
8350
8372
8373
8374
8375
8376
8377
8399
8400
8401
8402
8403
8404
8405
8406
8407
8408
8409
8426
8427
8428
8430
8433
8434
8435
8436
8437
8438
8463
8464
9023
9024
9025
9026
9048
9049
9050
9051
9052
9076
9077
9078
9102
9103
9104
9111
9138
9139
9141
9726
9727
9752
9753
9754
9755
9778
9779
9780
9781
9805
9808
10428
10429
10430
10431
10453
10454
10455
10456
10480
10481
10482
11130
11131
11132
11156
11157
11158
11159
11160
11183
11184
11185
11807
11808
11832
11833
11834
11858
11859
11860
11862
11886
11887
11889
11890
11891
11916
11917
12509
12510
12535
12536
12537
12538
12539
12561
12562
12563
12564
12565
12566
12567
12590
12592
12593
12618
12619
12620
13211
13212
13237
13238
13239
13240
13242
13243
13244
13264
13265
13266
13267
13268
13269
13270
13292
13293
13294
13295
13296
13297
13321
13322
13323
13324
13350
13914
13915
13916
13940
13941
13942
13943
13945
13946
13947
13967
13968
13969
13970
13971
13972
13973
13994
13996
13997
13998
13999
14000
14024
14025
14026
14027
14617
14618
14643
14644
14645
14646
14647
14648
14670
14671
14672
14673
14674
14675
14676
14700
14701
14702
14703
14728
14729
14757
15321
15347
15349
15350
15377
15378
15379
15405
16081
