5595
5596
5622
5623
5624
5648
6270
6271
6295
6296
6297
6298
6299
6323
6324
6325
6326
6327
6386
6412
6413
6969
6970
6971
6972
6973
6974
6997
6998
6999
7000
7001
7002
7003
7028
7029
7056
7059
7060
7063
7085
7086
7087
7088
7089
7645
7646
7647
7648
7671
7672
7673
7674
7705
7706
7732
7733
7734
7735
7736
7737
7760
7761
7762
7763
7764
7765
7790
8321
8322
8323
8347
8348
8349
8350
8373
8374
8375
8409
8411
8435
8436
8437
8462
8463
9023
9024
9049
9050
9051
9076
9077
9113
9138
9139
9724
9725
9726
9750
9751
9752
9753
10401
10402
10426
10427
10428
10429
10430
10453
10454
10455
10456
11103
11104
11105
11129
11130
11131
11132
11156
11157
11158
11159
11184
11185
11806
11807
11832
11833
11834
11835
11859
11860
11861
11862
11863
11886
11887
11888
12510
12536
12537
12538
12563
12564
12565
12591
