79
104
105
106
131
132
754
781
807
808
809
832
833
834
835
858
859
860
861
862
886
887
888
889
911
912
913
914
915
937
938
939
940
1457
1458
1483
1484
1485
1510
1511
1512
1536
1537
1538
1560
1561
1562
1563
1564
1565
1566
1587
1588
1589
1590
1591
1592
1613
1614
1615
1616
1617
2133
2160
2161
2186
2187
2188
2210
2212
2213
2214
2215
2237
2238
2239
2240
2241
2242
2263
2264
2265
2266
2267
2268
2269
2289
2290
2291
2292
2293
2315
2316
2836
2837
2838
2863
2864
2889
2890
2912
2913
2914
2915
2916
2917
2918
2939
2940
2941
2942
2943
2944
2945
2965
2966
2967
2968
2969
2970
2971
2972
2991
2992
2993
2995
2996
2997
2998
3485
3486
3512
3513
3514
3515
3539
3540
3541
3543
3563
3565
3566
3589
3590
3592
3593
3614
3615
3616
3619
3620
3621
3641
3642
3643
3648
3649
3667
3668
3669
3671
3672
3673
3674
3675
3698
3699
3700
3701
4160
4186
4187
4188
4189
4190
4212
4213
4214
4215
4216
4217
4218
4219
4241
4242
4243
4244
4245
4246
4264
4265
4266
4269
4290
4291
4292
4296
4317
4318
4322
4323
4324
4343
4344
4349
4350
4351
4352
4374
4375
4376
4377
4378
4400
4401
4864
4888
4889
4890
4891
4892
4893
4894
4896
4915
4916
4917
4918
4919
4921
4922
4923
4941
4942
4943
4944
4947
4948
4966
4967
4968
4969
4972
4993
4994
4995
4998
4999
5000
5019
5020
5021
5022
5025
5026
5027
5046
5051
5052
5053
5054
5081
5540
5541
5564
5565
5566
5567
5568
5569
5590
5591
5592
5593
5594
5595
5596
5597
5617
5618
5619
5620
5621
5622
5623
5624
5625
5643
5644
5645
5646
5648
5650
5651
5652
5669
5670
5671
5695
5696
5702
5703
5723
5729
5730
5756
6241
6242
6243
6244
6266
6267
6268
6269
6270
6271
6292
6293
6294
6295
6296
6297
6298
6299
6300
6301
6319
6320
6321
6322
6323
6324
6325
6326
6327
6345
6346
6347
6348
6349
6351
6353
6355
6371
6372
6374
6377
6378
6379
6384
6385
6386
6405
6406
6412
6413
6921
6942
6943
6944
6945
6968
6969
6970
6971
6972
6973
6974
6994
6995
6996
6997
6998
6999
7000
7001
7002
7021
7022
7023
7024
7025
7026
7027
7028
7029
7030
7031
7047
7048
7055
7057
7058
7059
7060
7061
7062
7063
7085
7086
7087
7088
7089
7090
7113
7114
7115
7135
7644
7645
7646
7649
7670
7671
7672
7673
7674
7675
7696
7697
7698
7699
7700
7701
7702
7703
7705
7706
7707
7722
7723
7724
7726
7732
7733
7734
7735
7736
7737
7759
7760
7761
7762
7763
7764
7765
7766
7787
7788
7790
7791
7792
8346
8347
8373
8376
8377
8399
8400
8402
8404
8408
8410
8411
8435
8436
8437
8438
8439
8440
8461
8462
8464
8465
8467
9052
9056
9138
9140
10485
10515
11159
11161
11185
11186
11187
11401
11862
11863
11889
11890
11891
11916
12051
12105
12563
12565
12566
12590
12591
12592
12593
12594
12618
12619
12780
12781
12807
12808
13266
13267
13268
13269
13293
13294
13295
13319
13320
13321
13323
13429
13430
13432
13433
13456
13459
13483
13484
13970
13971
13995
13996
13997
13998
13999
14000
14023
14024
14025
14026
14028
14030
14054
14057
14081
14082
14083
14105
14106
14108
14109
14132
14133
14135
14159
14160
14161
14213
14672
14674
14675
14676
14700
14701
14702
14706
14725
14727
14733
14757
14759
14784
14835
15377
15382
15403
15408
15433
15436
15460
16112
16136
16788
