0
26
676
702
728
1378
1456
1482
2132
2158
2159
2184
2185
2786
2834
2860
2861
2887
2888
3484
3488
3511
3512
3513
3514
3536
3537
3538
3540
3541
3562
3563
3564
3565
3566
3589
3590
3591
3592
3618
4160
4187
4188
4212
4213
4214
4215
4216
4217
4218
4238
4239
4240
4241
4243
4264
4265
4266
4267
4268
4269
4270
4271
4291
4292
4293
4294
4295
4296
4297
4318
4836
4862
4863
4864
4888
4889
4890
4891
4892
4914
4915
4916
4917
4918
4919
4920
4940
4941
4942
4943
4944
4945
4967
4968
4969
4970
4971
4972
4973
4993
4994
4995
4996
4997
4998
5021
5512
5538
5539
5540
5541
5565
5566
5567
5568
5569
5591
5592
5593
5594
5595
5616
5617
5618
5619
5620
5621
5622
5643
5644
5645
5646
5647
5648
5649
5669
5670
5671
5672
5673
5674
5675
5676
5696
5697
5698
5699
6214
6217
6240
6242
6243
6268
6269
6270
6271
6292
6293
6294
6295
6296
6297
6299
6300
6319
6320
6321
6322
6323
6324
6325
6326
6345
6346
6347
6348
6349
6350
6351
6372
6373
6374
6375
6379
6380
6385
6408
6412
6413
6890
6917
6944
6945
6970
6972
6973
6974
6996
6997
6998
6999
7000
7001
7002
7021
7022
7023
7024
7025
7026
7027
7028
7029
7032
7048
7049
7050
7051
7052
7053
7054
7055
7057
7058
7061
7062
7075
7076
7082
7083
7085
7086
7087
7088
7089
7114
7566
7593
7620
7676
7677
7698
7699
7700
7701
7702
7703
7704
7705
7706
7707
7723
7724
7726
7727
7728
7729
7730
7731
7732
7733
7734
7736
7737
7752
7753
7756
7760
7761
7763
7764
7765
7786
7787
7788
7789
7790
8297
8379
8380
8382
8404
8405
8406
8407
8408
8427
8429
8433
8436
8437
8438
8440
9081
9083
9110
9138
9139
9141
9756
10432
10458
10459
11109
11134
11135
11136
11161
11162
11188
11189
11810
11811
11836
11865
12028
12459
12460
12486
12488
12513
12514
12515
12540
12541
12568
12652
12729
13136
13162
13163
13164
13188
13189
13190
13191
13216
13217
13218
13243
13245
13328
13353
13406
13407
13429
13431
13432
13839
13840
13865
13866
13867
13891
13892
13893
13918
13919
13920
14029
14030
14054
14055
14056
14057
14081
14082
14083
14105
14106
14108
14109
14110
14135
14542
14543
14568
14569
14595
14704
14705
14706
14729
14731
14732
14733
14734
14735
14756
14757
14758
14759
14760
14761
14782
14783
14784
14785
14786
14809
14811
14813
14838
15246
15271
15380
15381
15407
15408
15409
15410
15432
15433
15434
15435
15436
15437
15438
15458
15459
15460
15461
15462
15463
15487
15512
15514
15539
16057
16083
16109
16110
16112
16113
16138
16139
16162
16163
16164
16166
16191
16218
16759
16760
16785
16786
16811
16812
16841
16842
16843
16865
16868
17461
17463
17488
17568
18139
18165
