676
702
1352
1378
5539
5565
6268
6269
6296
6944
6970
6971
6972
6973
6974
7000
7645
7646
7647
7648
7672
7673
7674
7676
7698
7704
8322
8347
8348
8349
8350
8374
8375
8376
8378
9023
9024
9025
9049
9050
9051
9052
9053
9076
9077
9078
9079
9080
9108
9725
9726
9727
9728
9752
9753
9754
9755
9757
9779
9780
9781
9782
9783
9784
9785
9810
10428
10429
10430
10431
10455
10456
10457
10458
10481
10482
10483
10484
10485
10486
10487
10513
11131
11132
11133
11157
11158
11159
11160
11161
11185
11186
11187
11189
11190
11216
11834
11835
11860
11861
11862
11863
11887
11888
11889
11890
11892
12537
12538
12563
12564
12565
12566
15378
15435
16109
16111
16785
16786
16810
17461
17487
17488
17489
18189
18190
