704
1406
1407
1432
1433
1434
1435
2082
2083
2108
2109
2110
2111
2136
2137
2138
2784
2785
2786
2787
2810
2811
2812
2813
2814
2815
2838
2839
2841
3461
3487
3488
3489
3490
3513
3514
3515
3516
3541
3542
3544
4163
4164
4165
4189
4190
4191
4192
4217
4218
4219
4866
4867
4868
4893
4894
4895
4920
4921
4922
4947
4948
5570
5571
5596
5597
5598
5623
5624
5625
5651
6299
6300
6301
6326
6327
6357
6386
6411
6413
7002
7003
7004
7029
7030
7059
7060
7061
7062
7087
7088
7089
7706
7707
7732
7733
7734
7735
7736
7737
7760
7761
7762
7763
7764
7765
7789
7792
8409
8410
8435
8436
8437
8438
8439
8440
8464
8465
8466
8492
9085
9111
9112
9138
9139
9168
9788
9814
9815
14060
14736
14737
14763
