0
1
26
27
676
677
702
703
704
729
730
1352
1353
1378
1379
1380
1404
1405
1406
1407
1432
1433
2054
2055
2080
2081
2082
2083
2106
2108
2109
2110
2135
2730
2756
2782
2784
2786
2810
2811
2812
2813
3458
3484
3486
3488
3489
3513
3514
3515
3516
3541
4165
4190
4191
4218
4891
4893
4894
4920
4921
4922
5597
5623
5624
6300
6326
6327
9112
9139
9815
9816
9841
13323
13966
13967
13993
13997
14000
14026
14028
14059
14668
14669
14671
14672
14696
14697
14699
14700
14702
14703
14705
14726
14727
14728
14729
14730
14731
14736
14760
14763
15346
15369
15370
15371
15372
15373
15375
15376
15377
15397
15398
15399
15400
15401
15402
15403
15404
15405
15406
15409
15412
15427
15429
15430
15434
16043
16047
16072
16073
16074
16075
16076
16077
16078
16079
16080
16098
16099
16100
16101
16102
16103
16106
16107
16108
16109
16133
16745
16746
16748
16749
16750
16751
16752
16753
16771
16772
16773
16774
16775
16776
16777
16778
16779
16780
16781
16782
16803
16808
16839
17447
17448
17449
17450
17451
17454
17473
17477
17480
