0
1
26
27
676
677
678
702
703
704
729
730
1352
1353
1378
1379
1380
1404
1405
1406
1407
1431
1432
1433
1434
2028
2054
2055
2080
2081
2082
2083
2106
2107
2108
2109
2110
2134
2135
2136
2137
2730
2756
2782
2784
2785
2786
2808
2809
2811
2812
2813
2838
2839
3458
3459
3484
3486
3487
3488
3489
3514
3515
3516
3540
3541
3542
4134
4186
4187
4190
4191
4192
4216
4217
4218
4219
4244
4245
4893
4894
4895
4920
4921
4922
4947
4948
5598
5623
5624
6299
6327
7030
7057
7733
8435
8436
9138
10518
10543
10544
11247
11922
13323
13970
13995
13997
13999
14000
14001
14025
14026
14027
14029
14671
14672
14675
14697
14698
14699
14700
14701
14702
14703
14705
14724
14725
14727
14728
14729
14730
14757
15372
15373
15374
15376
15380
15398
15399
15400
15401
15402
15403
15404
15405
15406
15409
15425
15428
15429
15430
15431
15432
15433
15434
16044
16046
16047
16070
16071
16072
16073
16074
16075
16076
16077
16078
16079
16080
16081
16097
16099
16100
16101
16102
16103
16104
16105
16106
16107
16108
16109
16110
16128
16132
16133
16134
16135
16136
16137
16162
16745
16746
16747
16748
16749
16751
16752
16772
16773
16774
16775
16776
16777
16778
16780
16783
16801
16807
16808
16810
16811
16812
16813
17421
17422
17423
17448
17449
17450
17478
17479
17482
17484
17485
17509
17510
17511
17513
17514
18123
18180
