2082
2083
2108
2109
2783
2784
2785
2786
2809
2810
2811
2812
2838
3458
3459
3460
3461
3485
3486
3487
3488
3489
3512
3513
3514
3515
3516
3541
3542
4134
4135
4160
4161
4162
4163
4164
4165
4188
4189
4190
4191
4192
4216
4217
4218
4350
4351
4836
4837
4838
4839
4840
4862
4863
4864
4865
4866
4867
4891
4892
4893
4894
4895
4918
4920
4921
4945
4946
5025
5026
5027
5516
5538
5539
5540
5541
5542
5543
5564
5565
5566
5567
5568
5569
5570
5594
5595
5597
5620
5623
5624
5647
5674
5675
5676
5701
5702
6216
6217
6218
6241
6242
6243
6244
6268
6269
6270
6295
6296
6297
6300
6322
6323
6324
6325
6349
6350
6351
6352
6918
6919
6944
6945
6946
6971
6972
6996
6997
7003
7030
7620
7646
7647
7648
7672
8351
