0
26
27
676
677
702
703
704
729
730
1352
1378
1379
1380
1404
1405
1406
1407
1432
1433
2054
2056
2080
2081
2082
2083
2106
2107
2108
2109
2110
2134
2135
2136
2730
2756
2782
2783
2784
2785
2786
2808
2809
2810
2811
2812
2813
2838
2839
3432
3458
3461
3462
3484
3485
3486
3487
3488
3489
3512
3513
3514
3515
3516
3541
3542
4134
4135
4160
4161
4162
4163
4164
4165
4186
4187
4189
4190
4191
4192
4215
4216
4217
4218
4219
4244
4245
4836
4837
4838
4839
4840
4862
4863
4864
4865
4866
4867
4868
4889
4891
4892
4893
4894
4895
4919
4920
4921
4922
5515
5539
5540
5541
5542
5566
5567
5568
5569
5570
5594
5595
5596
5597
5598
5623
5624
5625
6241
6242
6243
6267
6268
6269
6300
6301
6326
6327
6944
6945
7003
7004
7030
7676
7706
7707
7733
8409
9112
9113
13992
13993
13994
13996
13998
14025
14026
14034
14060
14671
14694
14695
14696
14697
14698
14699
14700
14701
14702
14703
14724
14726
14727
14728
14729
14736
14737
14763
15345
15370
15371
15372
15373
15374
15375
15376
15378
15394
15396
15399
15400
15401
15402
15403
15404
15405
15406
15408
15427
15428
15429
15430
15431
15432
15439
15466
16045
16047
16048
16050
16069
16071
16072
16073
16074
16075
16076
16077
16078
16079
16080
16097
16098
16099
16100
16101
16102
16103
16104
16105
16106
16107
16108
16134
16169
16721
16744
16745
16746
16747
16748
16749
16750
16751
16752
16771
16772
16773
16774
16775
16776
16777
16778
16779
16780
16781
16782
16800
16802
16803
16804
16805
16806
16807
16808
16809
16810
16836
17421
17422
17423
17424
17447
17448
17449
17450
17451
17452
17453
17477
17480
17481
17483
17484
17513
