0
26
676
702
728
1378
1404
2080
2106
2132
2782
2809
2834
3484
3487
3488
3510
4160
4161
4162
4163
4164
4186
4190
4191
4212
4214
4217
4238
4836
4837
4838
4839
4840
4862
4863
4864
4865
4866
4867
4888
4890
4893
4894
4914
4918
4941
4943
4944
4969
5538
5539
5540
5564
5565
5566
5567
5590
5591
5592
5593
5594
5616
5617
5618
5619
5620
5621
5643
5644
5645
5646
5647
5672
5673
6241
6242
6243
6266
6267
6268
6269
6270
6292
6293
6294
6295
6296
6297
6318
6319
6320
6321
6322
6323
6324
6325
6344
6345
6346
6347
6348
6349
6350
6351
6943
6944
6945
6946
6968
6969
6970
6971
6972
6995
6996
6997
6998
6999
7000
7021
7022
7023
7024
7025
7026
7027
7047
7048
7049
7052
7646
7647
7672
7673
7674
7675
7676
7698
7699
7700
7701
7702
7703
7704
7725
7728
7729
7730
8379
8380
8402
8405
8406
8407
