0
26
676
702
1404
1456
1482
2132
2133
2158
2159
2808
2809
2810
2834
2835
2836
2861
2862
2888
2889
3510
3511
3512
3536
3537
3538
3539
3563
3564
3565
3566
3567
3590
3591
3592
3618
4213
4215
4216
4239
4240
4241
4242
4243
4266
4267
4268
4269
4270
4293
4294
4295
4891
4892
4893
4915
4916
4917
4918
4919
4920
4942
4943
4944
4945
4946
4969
4970
4971
4972
4996
4997
5593
5594
5595
5596
5618
5619
5620
5621
5622
5623
5645
5646
5647
5648
5649
5671
5672
5673
5674
6296
6297
6298
6299
6321
6322
6323
6324
6325
6326
6327
6348
6349
6350
6351
6352
6353
6376
6377
6378
6405
6998
6999
7000
7001
7002
7003
7024
7025
7026
7027
7028
7029
7030
7052
7053
7054
7055
7056
7080
7081
7675
7677
7679
7701
7702
7703
7704
7705
7706
7728
7729
7730
7731
7732
7733
7755
7756
7757
7758
8379
8380
8381
8382
8404
8405
8406
8407
8408
8409
8433
8434
8435
8461
9083
9084
9085
9086
9108
9109
9110
9111
9112
9787
9788
9814
9839
10490
12002
12678
13327
13329
13330
13353
13354
13355
13356
13380
13381
13382
13408
13409
14030
14031
14032
14055
14056
14057
14058
14059
14060
14082
14083
14084
14085
14109
14110
14111
14708
14733
14734
14735
14736
14758
14759
14760
14761
14762
14763
14785
14786
14787
14788
14789
14813
15410
15411
15436
15437
15438
15439
15462
15463
15464
15465
15489
15490
15491
15543
16113
16140
16142
16166
16167
16168
16193
16817
16843
16845
16868
16869
16870
16871
17544
