754
1456
1482
1483
1508
2132
2158
2159
2184
2185
2186
2782
2808
2809
2834
2835
2836
2860
2861
2862
2886
2887
2888
2889
2912
3459
3460
3461
3484
3485
3486
3487
3510
3511
3512
3536
3537
3538
3539
3540
3563
3564
3565
3566
3588
3589
3590
3591
3592
3614
3615
3618
4161
4162
4163
4164
4186
4187
4188
4189
4212
4213
4214
4215
4238
4239
4240
4241
4242
4243
4265
4266
4267
4268
4269
4270
4290
4291
4292
4293
4294
4295
4317
4318
4319
4321
4864
4865
4866
4889
4890
4891
4892
4914
4915
4916
4917
4918
4919
4941
4942
4943
4944
4945
4946
4968
4969
4970
4971
4972
4992
4993
4994
4995
4996
4997
5019
5020
5021
5567
5568
5592
5593
5594
5595
5617
5618
5619
5620
5621
5622
5642
5644
5645
5646
5647
5648
5649
5669
5670
5671
5672
5673
5674
5695
5696
5697
5698
5699
5700
6268
6269
6270
6271
6295
6296
6297
6298
6320
6321
6322
6323
6324
6325
6345
6346
6347
6348
6349
6350
6351
6352
6371
6372
6373
6374
6376
6397
6399
6400
6944
6945
6970
6971
6972
6973
6974
6975
6996
6997
6998
6999
7000
7001
7002
7021
7022
7023
7024
7025
7026
7027
7028
7029
7047
7048
7049
7050
7051
7052
7053
7054
7055
7074
7075
7076
7672
7673
7674
7675
7677
7678
7698
7699
7700
7701
7702
7703
7704
7705
7723
7724
7725
7726
7727
7728
7729
7730
7731
7750
7751
7752
7753
7754
7755
7776
7778
8378
8379
8380
8381
8405
8406
8407
8426
8427
8428
8429
8431
8453
8454
8455
9105
9111
12704
12727
12729
13327
13377
13403
13404
13405
13407
13408
13409
13429
13433
13434
14003
14028
14030
14031
14056
14057
14079
14080
14081
14082
14083
14084
14106
14107
14109
14110
14136
14137
14706
14707
14731
14732
14733
14734
14755
14756
14757
14758
14759
14760
14761
14782
14783
14786
14787
14808
14809
14812
14813
14839
15408
15409
15410
15433
15434
15435
15436
15437
15459
15461
15462
15463
15464
15485
15486
15488
15489
15512
15542
16110
16112
16113
16137
16138
16163
16165
16816
16841
16842
16866
17546
