0
26
52
676
702
728
1378
1404
1430
1431
1456
2106
2107
2108
2132
2159
2160
2185
2186
2808
2809
2811
2834
2836
2860
2861
2862
2887
2888
2889
3486
3510
3513
3514
3538
3539
3540
3564
3565
3566
3589
3590
3591
3592
3617
3618
4187
4213
4215
4216
4239
4240
4241
4242
4243
4265
4266
4267
4268
4269
4292
4293
4294
4295
4863
4889
4891
4916
4917
4918
4919
4941
4942
4943
4944
4945
4946
4968
4969
4970
4971
4972
4994
4995
4996
4997
5567
5568
5592
5593
5594
5595
5617
5619
5620
5621
5622
5643
5644
5645
5646
5647
5648
5649
5669
5670
5671
5672
5673
5674
5696
5697
5698
5700
6270
6294
6296
6297
6319
6320
6321
6322
6323
6324
6325
6326
6345
6346
6347
6348
6349
6350
6351
6352
6371
6372
6373
6374
6375
6376
6377
6378
6996
6998
6999
7000
7001
7002
7003
7021
7022
7023
7024
7025
7026
7027
7028
7029
7048
7049
7050
7051
7052
7053
7054
7055
7079
7080
7081
7698
7699
7700
7701
7702
7703
7704
7705
7724
7725
7726
7727
7728
7729
7730
7731
7750
7754
7755
7756
7757
8380
8405
8406
8431
8433
8458
13380
14110
14758
14759
14760
14785
14786
14812
15459
15461
15462
15488
15489
15516
16139
16166
16867
16868
