1352
1378
2080
2782
3458
3459
3510
4134
4160
4186
4213
4836
4862
4865
4891
4892
5512
5538
5564
5565
5567
5590
5591
5592
5594
5618
5622
5624
6240
6241
6266
6267
6268
6294
6296
6298
6299
6300
6320
6321
6323
6324
6325
6326
6327
6385
6386
6412
6413
6916
6917
6942
6943
6944
6969
6970
6971
6972
6973
6974
6975
6976
6996
6997
6999
7000
7001
7002
7003
7023
7024
7028
7060
7062
7063
7086
7087
7088
7089
7114
7645
7646
7647
7648
7672
7673
7675
7676
7677
7678
7698
7699
7700
7701
7702
7703
7704
7705
7725
7726
7728
7729
7730
7731
7733
7734
7735
7751
7759
7760
7762
7763
7764
8322
8323
8349
8374
8375
8376
8377
8378
8379
8380
8381
8402
8403
8404
8405
8406
8407
8408
8409
8426
8427
8429
8430
8431
8432
8434
8435
8436
8437
8438
9050
9051
9077
9079
9080
9081
9083
9084
9085
9102
9104
9106
9107
9108
9109
9110
9111
9112
9128
9129
9135
9137
9138
9139
9726
9757
9778
9781
9782
9783
9804
9805
9806
9810
9813
9814
9831
10481
10483
10507
10508
10515
10533
10534
11158
11159
11163
11184
11188
11190
11210
11211
11213
11217
11235
11236
11238
11835
11860
11861
11863
11886
11887
11890
11892
11893
11894
11912
11913
11915
11919
11920
11921
11922
11938
11946
12537
12538
12539
12563
12564
12566
12568
12570
12590
12592
12593
12594
12595
12596
12597
12616
12620
12621
12622
12623
12641
12647
13239
13240
13266
13267
13268
13269
13270
13271
13293
13294
13295
13296
13297
13298
13299
13300
13317
13320
13322
13323
13324
13325
13326
13327
13328
13345
13346
13350
13351
13943
13944
13945
13969
13970
13971
13972
13973
13974
13997
13998
13999
14000
14001
14002
14003
14004
14021
14022
14023
14024
14025
14026
14027
14028
14029
14030
14050
14053
14055
14056
14647
14648
14674
14675
14676
14677
14678
14698
14699
14700
14701
14702
14703
14704
14705
14727
14728
14729
14730
14731
14732
14733
14734
14735
14758
14759
14760
14761
15353
15378
15379
15380
15404
15405
15406
15407
15408
15409
15431
15432
15433
15434
15435
15436
15437
15463
16055
16081
16082
16083
16084
16085
16108
16109
16110
16111
16135
16136
16137
16166
16759
16785
16812
16842
