3458
4862
6214
6969
6971
6997
6998
7644
7672
7673
7674
7675
7699
7700
7701
7702
7727
7728
8349
8372
8375
8376
8377
8378
8401
8402
8403
8404
8405
8430
9049
9052
9053
9076
9078
9079
9080
9081
9104
9105
9106
9107
9108
9751
9752
9753
9755
9756
9780
9781
9782
9783
9784
9807
9808
9809
9810
10428
10429
10454
10455
10458
10481
10482
10483
10484
10485
10486
10511
10512
11131
11132
11157
11158
11159
11160
11184
11185
11186
11187
11188
11212
11213
11214
11215
11833
11834
11836
11859
11860
11861
11862
11863
11864
11886
11887
11888
11889
11890
11891
11892
11915
11916
11917
12536
12537
12538
12539
12562
12563
12564
12565
12566
12567
12590
12591
12592
12593
12594
12595
12617
12619
12620
12621
12622
13240
13241
13266
13267
13268
13269
13270
13293
13294
13295
13296
13297
13298
13321
13322
13323
13324
13325
13351
13944
13969
13970
13971
13972
13973
13974
13997
13998
13999
14000
14001
14025
14026
14027
14028
14673
14674
14675
14676
14677
14700
14701
14702
14703
14728
14729
14730
15378
15404
15405
15406
15407
16811
