1352
2756
3458
3484
4134
4160
4216
4836
4862
4919
5512
5564
5565
5566
5621
5622
5650
6240
6241
6267
6268
6294
6297
6298
6299
6323
6324
6325
6326
6357
6386
6387
6412
6413
6942
6943
6944
6968
6969
6970
6971
6972
6973
6996
6998
6999
7000
7001
7002
7025
7026
7027
7060
7061
7062
7063
7085
7086
7087
7088
7089
7090
7115
7619
7644
7645
7646
7647
7648
7650
7671
7672
7673
7674
7675
7676
7677
7678
7700
7701
7703
7705
7707
7732
7733
7734
7735
7736
7737
7759
7760
7761
7762
7763
7764
7765
7789
7790
7791
7792
8320
8321
8322
8323
8346
8347
8348
8349
8350
8351
8352
8373
8374
8375
8376
8377
8378
8379
8381
8403
8408
8409
8410
8411
8412
8435
8436
8437
8438
8439
8463
8464
8466
8467
9022
9023
9024
9025
9026
9048
9049
9050
9051
9052
9053
9054
9075
9076
9077
9078
9079
9080
9081
9082
9084
9086
9087
9106
9107
9111
9112
9113
9114
9137
9138
9139
9141
9698
9699
9700
9724
9725
9726
9727
9728
9729
9751
9752
9753
9754
9755
9756
9757
9760
9761
9777
9779
9780
9781
9782
9783
9787
9790
9810
9814
9816
10400
10401
10403
10404
10426
10427
10428
10429
10430
10431
10432
10453
10454
10455
10456
10457
10458
10459
10463
10480
10481
10482
10483
10484
10485
10487
10488
10490
10491
10517
10518
11077
11103
11104
11105
11106
11107
11108
11129
11130
11131
11132
11133
11134
11136
11138
11156
11157
11158
11159
11160
11161
11164
11165
11166
11167
11184
11185
11186
11187
11188
11190
11192
11193
11218
11219
11780
11806
11807
11808
11809
11810
11811
11812
11813
11832
11833
11834
11835
11836
11837
11838
11839
11840
11841
11859
11860
11861
11862
11863
11864
11865
11866
11867
11869
11870
11887
11888
11889
11894
11895
11896
11897
12483
12484
12485
12486
12509
12510
12511
12512
12513
12514
12515
12536
12537
12538
12539
12540
12541
12542
12543
12563
12564
12565
12568
12569
12570
12571
12572
12590
12591
12597
12598
12599
12600
13186
13187
13188
13189
13190
13214
13215
13216
13217
13218
13243
13244
13245
13246
13247
13267
13271
13273
13274
13301
13302
13303
13331
13891
13892
13893
13894
13920
14033
