3458
4160
4186
4836
4862
5512
5538
5564
6240
6241
6266
6267
6293
6351
6412
6943
6969
6970
6995
6996
6997
7022
7026
7062
7085
7086
7087
7088
7089
7114
7646
7647
7671
7672
7673
7698
7699
7700
7703
7725
7731
7736
7760
7761
7762
7763
7764
7787
8347
8349
8374
8375
8376
8378
8401
8402
8404
8405
8406
8410
8431
8432
8433
8434
8436
8439
8464
9050
9051
9052
9076
9077
9078
9079
9080
9102
9105
9106
9109
9110
9136
9753
9754
9755
9756
9778
9779
9781
9782
9812
10455
10456
10457
10458
10459
10460
10480
10481
10482
10483
10484
10485
10540
10544
11156
11157
11158
11159
11160
11183
11184
11186
11188
11213
11215
11247
11834
11835
11836
11859
11860
11861
11862
11863
11887
11888
11889
11891
12511
12536
12537
12538
12561
12562
12563
12564
12565
12566
12591
12592
12593
12594
12595
12618
12619
12620
12621
12623
13214
13237
13238
13239
13241
13265
13266
13267
13268
13269
13270
13294
13295
13296
13297
13321
13322
13323
13324
13325
13349
13915
13916
13941
13942
13943
13944
13967
13968
13969
13970
13971
13972
13973
13974
13996
13997
13998
13999
14000
14025
14026
14644
14645
14646
14672
14673
14674
14675
14676
14701
14702
14703
14728
14729
14755
15376
15377
15378
15379
15380
15404
15405
15406
15432
16055
16080
16081
16082
16083
16106
16107
16108
16783
16785
16810
17487
17516
