1482
2158
2184
2210
2782
2808
2860
3432
3458
3462
3484
3485
3512
3562
3563
3588
3589
4134
4160
4161
4186
4244
4264
4317
4836
4862
4888
4890
4943
4966
4967
4969
4993
4994
5019
5020
5045
5512
5538
5539
5564
5565
5590
5620
5621
5642
5644
5645
5646
5669
5670
5671
5672
5695
5696
5697
5721
5722
5723
5748
6214
6240
6241
6242
6267
6268
6270
6292
6294
6295
6296
6297
6298
6318
6320
6322
6345
6346
6347
6371
6372
6373
6374
6375
6397
6398
6399
6400
6401
6423
6424
6425
6916
6942
6943
6944
6947
6968
6969
6970
6971
6972
6995
6996
6997
6998
6999
7000
7003
7021
7022
7023
7024
7046
7048
7049
7051
7058
7059
7061
7062
7073
7074
7075
7076
7087
7088
7089
7099
7100
7101
7102
7104
7126
7127
7618
7619
7621
7644
7645
7647
7648
7670
7672
7673
7674
7675
7678
7697
7698
7699
7700
7701
7702
7703
7704
7723
7724
7725
7726
7727
7728
7729
7735
7736
7749
7750
7751
7752
7753
7754
7755
7759
7760
7761
7762
7763
7764
7776
7777
7778
7779
7780
7788
7802
7803
7804
8324
8348
8349
8350
8374
8375
8376
8377
8378
8379
8382
8400
8401
8402
8403
8404
8405
8406
8407
8408
8409
8425
8426
8427
8428
8429
8430
8431
8435
8436
8437
8438
8439
8452
8453
8478
8479
8480
8481
8504
8505
8506
9026
9077
9078
9079
9080
9081
9082
9084
9085
9105
9106
9107
9108
9110
9111
9112
9113
9128
9132
9133
9154
9155
9156
9181
9182
9183
9206
9207
9208
9754
9755
9781
9782
9783
9785
9786
9810
9811
9831
9856
9857
9858
9859
9883
9884
9885
9909
10458
10459
10461
10483
10484
10485
10486
10487
10488
10512
10514
10515
10533
10534
10560
10561
10562
10585
10586
10587
11134
11161
11163
11164
11187
11188
11189
11190
11191
11213
11214
11235
11236
11237
11241
11262
11263
11264
11288
11289
11835
11863
11864
11888
11889
11890
11891
11892
11912
11916
11917
11918
11919
11938
11939
11940
11942
11964
11965
11966
12539
12540
12541
12565
12566
12567
12569
12590
12591
12592
12593
12594
12595
12596
12615
12616
12617
12618
12619
12620
12621
12622
12640
12641
12642
12643
12644
12646
12667
12668
12669
12670
13241
13242
13243
13267
13268
13269
13270
13271
13292
13293
13294
13295
13296
13297
13298
13317
13318
13319
13320
13321
13322
13323
13324
13344
13345
13346
13347
13348
13349
13370
13371
13372
13429
13944
13945
13946
13947
13970
13971
13972
13973
13974
13996
13997
13998
13999
14000
14001
14020
14021
14022
14023
14024
14025
14026
14027
14028
14047
14048
14049
14050
14053
14620
14646
14647
14673
14674
14675
14676
14677
14698
14700
14701
14702
14703
14704
14725
14727
14728
14729
14730
14731
14753
14755
14757
14758
14809
15323
15324
15350
15377
15378
15379
15380
15404
15405
15406
15407
15408
15429
15431
15432
15433
15434
15435
15512
16082
16083
16084
16108
16109
16110
16133
16135
16784
16785
16839
16840
