1378
2080
2756
2782
3458
3484
3485
4160
4187
4188
4863
4888
5564
5593
5594
6266
6268
6269
6270
6293
6296
6297
6321
6970
6971
6972
6973
6995
6996
6997
6998
6999
7000
7024
7025
7026
7672
7673
7674
7675
7698
7699
7700
7701
7702
7703
7727
7728
7729
7730
8375
8376
8377
8378
8379
8402
8403
8404
8405
8406
8407
8430
8431
8432
9078
9079
9080
9081
9104
9105
9106
9107
9108
9109
9133
9134
9756
9782
9783
9784
9809
9810
9811
10485
10486
10511
10512
10513
10514
10539
11187
11188
11189
11214
11215
11216
11864
11865
11889
11890
11891
11892
11916
11917
11918
11919
11920
11945
12565
12566
12567
12568
12591
12592
12593
12594
12595
12618
12619
12620
12621
12622
12623
12647
12648
13268
13269
13270
13271
13293
13294
13295
13296
13297
13298
13320
13322
13323
13324
13325
13350
13970
13971
13972
13973
13997
13998
13999
14000
14001
14025
14026
14027
14028
14053
14674
14675
14676
14701
14702
14703
14728
14729
14730
14755
14756
15378
15404
15405
15406
15431
15432
15461
16107
16108
16134
16135
16811
16812
16868
