4187
4188
4189
4217
4810
4836
4838
4863
4864
4865
4866
4919
5512
5514
5538
5539
5541
5565
5595
5621
5622
5623
5681
6214
6244
6268
6269
6270
6271
6272
6295
6296
6297
6298
6299
6300
6324
6325
6326
6411
6943
6944
6945
6948
6970
6971
6972
6973
6974
6975
6976
6997
6998
6999
7000
7001
7002
7003
7026
7027
7028
7029
7030
7058
7059
7060
7061
7062
7085
7086
7087
7088
7114
7620
7621
7644
7645
7646
7647
7648
7649
7672
7673
7674
7675
7676
7677
7700
7701
7702
7703
7704
7705
7706
7731
7732
7733
7734
7735
7736
7737
7738
7759
7760
7761
7762
7763
7764
7789
7790
8321
8322
8323
8347
8348
8349
8350
8351
8374
8375
8376
8377
8378
8380
8381
8382
8403
8406
8407
8408
8409
8410
8411
8434
8435
8436
8437
8438
8439
8462
8463
8464
8465
8996
9022
9023
9024
9025
9026
9049
9050
9051
9052
9053
9076
9077
9079
9084
9110
9111
9112
9113
9114
9138
9699
9724
9725
9726
9727
9750
9751
9752
9753
9761
9779
10401
10402
10426
10427
10428
10429
10453
10454
10455
11103
11104
11105
11129
11130
11131
11132
11156
11157
11158
11159
11806
11807
11832
11833
11834
11835
11859
11860
11861
11862
11886
11887
11888
12510
12536
12537
12538
12563
12564
12565
12590
12591
13240
13294
