2054
2080
2756
2782
3432
3458
3484
3510
3536
4134
4160
4161
4186
4187
4188
4212
4213
4238
4836
4838
4862
4863
4864
4888
4889
4890
4891
4914
4915
4916
4940
5045
5512
5538
5564
5565
5566
5567
5590
5591
5593
5594
5616
5621
5642
5644
5645
5669
5670
5695
5721
5722
5747
5748
6214
6240
6241
6242
6266
6267
6268
6269
6270
6271
6292
6293
6294
6295
6296
6319
6320
6321
6322
6323
6345
6346
6347
6371
6372
6373
6397
6398
6399
6423
6424
6425
6916
6917
6918
6942
6943
6944
6945
6946
6968
6969
6970
6971
6972
6973
6974
6994
6995
6996
6997
6998
6999
7000
7022
7023
7024
7025
7026
7048
7049
7050
7073
7074
7075
7099
7100
7101
7102
7127
7618
7620
7621
7645
7646
7647
7648
7671
7672
7673
7674
7675
7676
7696
7698
7699
7700
7701
7702
7724
7725
7727
7728
7749
7750
7751
7752
7775
7776
7777
7802
7803
7804
7829
8323
8324
8347
8348
8349
8350
8351
8352
8353
8374
8375
8376
8377
8378
8379
8400
8401
8402
8403
8404
8405
8406
8426
8427
8428
8430
8451
8452
8453
8454
8455
8478
8479
8480
8505
8506
9024
9025
9026
9051
9052
9053
9054
9055
9077
9078
9079
9080
9081
9083
9104
9107
9108
9127
9128
9129
9130
9154
9155
9156
9157
9180
9181
9182
9208
9730
9753
9754
9755
9756
9758
9780
9781
9782
9783
9784
9785
9806
9807
9808
9811
9830
9831
9832
9833
9834
9857
9858
9859
9883
9884
9885
9910
10429
10430
10431
10456
10457
10458
10459
10483
10484
10485
10486
10506
10508
10509
10510
10511
10532
10533
10535
10536
10538
10560
10561
10586
10587
11132
11133
11158
11159
11160
11161
11185
11186
11187
11188
11209
11210
11211
11213
11214
11235
11236
11237
11238
11239
11262
11263
11264
11266
11289
11835
11836
11837
11861
11862
11863
11888
11889
11890
11911
11912
11914
11939
11940
11965
11966
11967
12538
12539
12563
12564
12565
12566
12568
12588
12591
12592
12593
12614
12615
12616
12617
12618
12619
12642
12643
12644
12668
12669
13239
13240
13241
13242
13266
13267
13268
13269
13270
13271
13291
13292
13293
13294
13295
13296
13297
13318
13319
13320
13321
13323
13344
13345
13346
13371
13943
13944
13945
13946
13970
13971
13972
13973
13974
13994
13995
13996
13997
13998
13999
14000
14021
14022
14023
14024
14025
14026
14048
14049
14646
14647
14648
14649
14673
14674
14675
14676
14677
14699
14700
14701
14702
14703
14725
14727
14728
14729
14730
14783
15377
15378
15379
15404
15405
15406
15431
15432
16080
16081
16082
16083
16108
16109
16135
16812
