29
676
703
704
732
1379
1380
1405
1406
1407
1408
1409
1431
1432
1433
1434
1435
1436
1461
2080
2081
2082
2083
2084
2107
2108
2109
2110
2111
2112
2134
2135
2136
2137
2138
2139
2165
2730
2756
2757
2758
2782
2783
2784
2785
2786
2809
2810
2811
2812
2813
2814
2815
2839
2840
2841
2842
2868
3432
3458
3459
3460
3461
3462
3485
3486
3487
3488
3489
3512
3513
3514
3515
3516
3518
3541
3542
3544
4135
4136
4137
4160
4161
4162
4163
4164
4188
4189
4190
4191
4192
4215
4217
4218
4221
4836
4837
4838
4839
4863
4864
4865
4866
4867
4891
4892
4893
4894
4895
4921
4949
5540
5541
5542
5567
5568
5569
5594
5596
5597
5598
5621
5622
5623
5624
5627
5651
5652
5654
6243
6244
6270
6272
6298
6300
6325
6327
6356
6357
6358
6359
6384
6385
6386
6387
6412
6413
7003
7029
7032
7058
7059
7060
7061
7062
7063
7086
7087
7088
7089
7090
7115
7708
7734
7735
7736
7737
7761
7762
7763
7764
7765
7789
7790
7791
8439
8465
8466
8467
8492
8493
9142
9143
9168
15410
15411
15438
15465
15466
16113
16114
16141
16168
16789
16815
16817
16845
17492
