2054
2756
2808
3458
4134
4160
4161
4186
4212
4214
4238
4862
4889
4890
4915
5564
5565
5566
5567
5568
5569
5590
5591
5592
5593
5595
5596
5619
5620
5622
5647
5649
6241
6242
6243
6244
6266
6267
6268
6269
6271
6293
6295
6296
6297
6298
6299
6320
6321
6322
6323
6324
6325
6350
6385
6411
6412
6413
6918
6919
6944
6945
6968
6969
6970
6971
6972
6973
6974
6996
6997
6998
6999
7000
7001
7002
7003
7023
7024
7025
7026
7027
7028
7029
7053
7054
7055
7056
7060
7061
7062
7063
7079
7081
7083
7085
7086
7087
7088
7089
7112
7113
7114
7646
7647
7648
7672
7673
7674
7675
7676
7698
7699
7700
7701
7702
7703
7704
7705
7725
7726
7727
7728
7729
7730
7731
7732
7735
7736
7737
7755
7757
7758
7759
7760
7761
7762
7763
7764
7765
7787
7788
8348
8349
8350
8351
8373
8374
8375
8376
8377
8378
8379
8380
8381
8401
8402
8403
8404
8405
8406
8407
8408
8410
8429
8430
8431
8432
8433
8434
8435
8436
8437
8438
8461
8462
8463
8464
9023
9024
9025
9027
9049
9050
9051
9052
9053
9054
9055
9076
9077
9078
9079
9080
9081
9082
9103
9104
9105
9106
9107
9108
9109
9110
9111
9112
9113
9130
9134
9135
9136
9137
9159
9725
9726
9727
9728
9729
9752
9753
9754
9755
9756
9757
9759
9778
9779
9780
9781
9782
9783
9784
9785
9786
9810
9811
9812
10428
10429
10430
10431
10455
10456
10457
10458
10459
10460
10481
10482
10483
10484
10485
10486
10487
10488
10489
10490
10514
10515
10516
11131
11132
11133
11157
11158
11159
11160
11161
11166
11185
11186
11187
11189
11190
11191
11192
11193
11835
11861
11862
11863
11864
11888
11890
13326
13353
14000
14001
14002
14003
14028
14029
14030
14055
14056
14701
14703
14704
14705
14706
14731
14732
14733
14759
15378
15405
15406
15407
15408
15409
15433
15434
15435
15436
15461
15462
16081
16082
16083
16084
16108
16109
16110
16111
16112
16135
16136
16137
16138
16139
16784
16785
16786
16811
16812
16813
16814
16840
16842
17486
17487
17489
17515
17516
17517
18220
