0
1
26
27
28
676
677
702
703
704
728
729
730
1352
1378
1379
1380
1404
1405
1406
1407
1431
1432
1433
2028
2054
2080
2081
2082
2083
2106
2107
2108
2109
2110
2134
2135
2136
2756
2782
2784
2785
2786
2808
2811
2812
2813
2838
3432
3458
3486
3487
3488
3489
3514
3515
3540
4164
4190
4191
4217
4218
4890
4893
4894
4920
5593
5597
5624
5625
6326
6327
7003
7030
8409
8436
9139
9841
9842
12654
13296
13323
13325
13357
13965
13991
14023
14060
14641
14669
14670
14672
14695
14698
14699
14701
14702
14703
14704
14727
14730
14732
14733
14763
15371
15372
15373
15374
15375
15376
15380
15399
15400
15401
15402
15403
15404
15405
15406
15407
15408
15409
15429
15430
15431
15466
16048
16050
16069
16070
16071
16072
16073
16074
16075
16076
16077
16078
16079
16080
16081
16098
16100
16101
16102
16103
16104
16105
16106
16107
16132
16169
16745
16746
16747
16748
16749
16750
16753
16770
16771
16772
16773
16774
16775
16776
16777
16778
16780
16781
16782
16802
16805
16806
16807
16808
16810
16839
17421
17422
17447
17448
17449
17450
17452
17455
17480
17481
17482
17511
17513
