0
1
26
27
676
677
678
702
703
704
728
729
730
731
1352
1378
1379
1380
1404
1405
1406
1407
1432
1433
2054
2080
2081
2082
2083
2106
2107
2108
2109
2110
2135
2136
2730
2756
2782
2783
2784
2785
2786
2787
2808
2811
2812
2813
2814
2837
2838
2839
3432
3458
3461
3462
3484
3487
3488
3489
3511
3512
3513
3514
3515
3516
3542
4160
4163
4164
4165
4188
4189
4190
4191
4192
4212
4215
4216
4217
4218
4245
4839
4840
4865
4866
4867
4893
4894
4921
5541
5542
5598
6300
6327
7003
7029
7030
13325
14020
14023
14027
14029
14033
14054
14056
14057
14060
14086
14697
14698
14699
14700
14701
14703
14704
14705
14725
14727
14728
14729
14730
14731
14736
14757
14758
14759
14763
14764
15344
15348
15371
15372
15373
15374
15375
15376
15398
15399
15401
15402
15403
15404
15405
15406
15407
15429
15430
15431
15432
15433
15434
15435
15466
16072
16073
16074
16075
16076
16077
16079
16080
16081
16083
16097
16100
16101
16102
16103
16104
16105
16107
16108
16109
16127
16134
16137
16195
16745
16746
16747
16748
16749
16750
16751
16753
16772
16773
16774
16775
16776
16777
16778
16779
16780
16782
16803
16804
16805
16809
16810
16811
16834
16838
16839
17422
17423
17424
17425
17426
17448
17449
17450
17477
17479
17481
17513
17517
18125
18151
