676
702
703
704
730
1352
1378
1379
1380
1405
1406
1407
1432
1433
2054
2055
2080
2081
2082
2083
2106
2107
2108
2109
2110
2134
2135
2136
2162
2730
2756
2782
2783
2784
2785
2786
2810
2811
2812
2813
2837
2838
2839
3432
3458
3459
3460
3461
3484
3485
3486
3487
3488
3489
3512
3513
3514
3515
3516
3541
3542
4135
4160
4161
4162
4163
4164
4165
4188
4189
4190
4191
4192
4216
4217
4218
4219
4837
4838
4839
4840
4863
4864
4865
4866
4867
4891
4892
4893
4894
4895
4919
4920
5540
5541
5542
5543
5566
5567
5568
5569
5570
5594
5595
5596
6243
6244
6245
6269
6270
6271
6272
13997
13999
14024
14025
14695
14696
14697
14699
14700
14702
14726
14727
14728
14729
15370
15372
15373
15374
15399
15400
15401
15402
15403
15404
15405
15428
15429
15433
16044
16070
16071
16072
16073
16074
16075
16076
16077
16078
16079
16098
16100
16101
16102
16103
16104
16105
16107
16108
16745
16746
16747
16748
16750
16751
16752
16771
16772
16773
16774
16775
16776
16777
16778
16779
16807
16808
16810
16811
16835
16837
16838
17447
17448
17449
17450
17483
17484
17485
17505
17511
18154
18182
