702
1352
1378
1404
2054
2080
2106
2132
2782
3458
3484
3510
4134
4135
4160
4161
4162
4163
4164
4186
4188
4190
4212
4213
4238
4836
4837
4838
4839
4840
4862
4863
4864
4865
4866
4867
4888
4889
4890
4914
4915
4916
4940
5538
5539
5540
5541
5542
5564
5565
5566
5567
5568
5590
5591
5592
5593
5594
5616
5617
5618
5619
5620
5621
5642
5643
5644
5645
5646
5647
6241
6242
6243
6244
6266
6267
6268
6269
6270
6292
6293
6294
6295
6296
6297
6318
6319
6320
6321
6322
6323
6324
6345
6346
6347
6348
6349
6350
6943
6944
6945
6946
6968
6969
6970
6971
6972
6973
6995
6996
6997
6998
6999
7000
7021
7022
7023
7024
7025
7026
7048
7049
7050
7051
7646
7647
7648
7649
7671
7672
7673
7674
7676
7697
7698
7699
7700
7701
7702
7703
7704
7724
7725
7726
7727
7728
7729
8380
8402
8404
8405
8406
