1482
1483
2185
2186
2860
2861
2862
2888
2889
3458
3486
3512
3536
3537
3538
3539
3562
3563
3564
3565
3588
3589
3590
3591
3592
3616
4160
4161
4187
4189
4213
4215
4239
4240
4241
4242
4265
4266
4267
4268
4269
4291
4292
4293
4294
4295
4296
4318
4319
4321
4836
4837
4838
4862
4863
4864
4889
4890
4891
4892
4915
4916
4917
4918
4919
4941
4942
4943
4944
4945
4967
4968
4969
4970
4971
4972
4994
4995
4996
4997
4998
5021
5022
5539
5540
5541
5565
5566
5567
5568
5591
5592
5593
5594
5595
5618
5619
5620
5621
5622
5643
5644
5645
5646
5647
5648
5670
5671
5672
5673
5674
5675
5697
5698
5699
5700
6241
6242
6243
6268
6269
6270
6271
6293
6294
6295
6296
6297
6319
6320
6321
6322
6323
6324
6325
6346
6347
6348
6349
6350
6351
6352
6374
6375
6376
6377
6378
6944
6945
6946
6970
6971
6972
6996
6997
6998
6999
7000
7001
7002
7022
7023
7024
7025
7026
7027
7028
7029
7049
7050
7051
7052
7053
7054
7055
7078
7080
7081
7648
7675
7698
7699
7700
7701
7702
7703
7704
7705
7727
7728
7729
7730
7731
7732
7754
7756
7757
8377
8404
8406
8407
8431
8432
8433
9136
14084
14085
14108
14111
14756
14758
14782
14786
14787
14788
14812
14813
14840
15382
15433
15434
15458
15459
15460
15461
15542
16111
16163
16840
