4161
4186
4187
4290
4343
4344
4369
4837
4862
4863
4889
4915
4966
4993
4995
4997
4998
4999
5018
5019
5020
5021
5022
5025
5045
5539
5540
5565
5566
5591
5617
5618
5643
5644
5646
5649
5669
5670
5671
5672
5673
5674
5675
5676
5694
5695
5696
5698
5722
5725
6215
6216
6241
6242
6266
6267
6268
6292
6293
6294
6319
6320
6321
6322
6323
6344
6345
6346
6347
6348
6349
6370
6371
6372
6373
6374
6375
6377
6378
6386
6405
6408
6409
6411
6412
6413
6890
6891
6916
6917
6918
6942
6943
6944
6968
6969
6970
6971
6994
6995
6996
6997
6999
7000
7020
7021
7022
7023
7024
7025
7026
7027
7047
7048
7049
7053
7054
7055
7056
7059
7061
7062
7063
7081
7082
7083
7084
7085
7086
7087
7088
7089
7090
7110
7111
7112
7113
7115
7619
7645
7646
7671
7672
7697
7698
7699
7723
7724
7725
7726
7732
7758
7759
7760
7761
7762
7763
7764
7765
7785
7786
7787
7788
7789
7790
8435
8436
8461
8462
8465
