2158
2834
2860
2886
2912
3536
3562
3588
3614
3640
3667
3693
4238
4264
4290
4316
4317
4342
4343
4344
4369
4370
4940
4941
4966
4967
4968
4992
4993
4995
5018
5019
5020
5045
5046
5591
5617
5619
5642
5643
5644
5645
5668
5669
5670
5671
5694
5695
5696
5697
5721
5722
5749
6293
6294
6295
6296
6318
6319
6320
6321
6322
6323
6344
6345
6346
6347
6348
6349
6370
6371
6372
6373
6374
6396
6397
6398
6399
6971
6972
6994
6996
6997
6998
6999
7020
7021
7022
7023
7024
7025
7046
7047
7048
7049
7050
7072
7073
7074
7075
7076
7077
7100
7101
7102
7674
7675
7697
7699
7700
7701
7723
7724
7725
7726
7727
7749
7750
7751
7752
7753
7776
7777
7778
8399
8400
8401
8402
8403
8425
8426
8481
15483
15509
15510
16159
16187
