1456
2132
2158
2184
2185
2210
2236
2834
2835
2836
2860
2861
2862
2886
2887
2912
2913
2938
2939
3484
3510
3536
3537
3538
3539
3562
3563
3564
3588
3589
3590
3614
3615
3616
3640
3641
3642
3666
3667
3693
4212
4213
4214
4238
4239
4240
4264
4265
4266
4267
4290
4291
4292
4293
4316
4317
4318
4319
4342
4343
4344
4345
4368
4369
4370
4371
4888
4917
4940
4941
4942
4943
4966
4967
4968
4969
4970
4971
4992
4993
4994
4995
4996
5018
5019
5020
5021
5022
5023
5045
5046
5047
5048
5616
5617
5618
5619
5620
5642
5643
5644
5645
5646
5647
5668
5669
5670
5671
5672
5673
5694
5695
5696
5697
5698
5699
5721
5722
5723
5724
5726
5750
6294
6295
6296
6320
6321
6322
6323
6344
6345
6346
6347
6348
6349
6350
6370
6371
6372
6373
6374
6375
6397
6398
6399
6400
6401
6425
6971
6972
6973
6996
6997
6998
6999
7000
7021
7022
7023
7024
7025
7026
7046
7047
7048
7049
7050
7051
7072
7073
7074
7075
7076
7077
7078
7675
7699
7700
7702
7722
7723
7724
7725
7726
7748
7749
7750
7751
7752
7753
7754
7777
7778
8401
8402
8425
8426
8427
8428
8430
8453
8454
8455
9129
9130
9131
9156
9157
9832
9833
14051
14080
14754
14781
14783
15457
15484
15485
15486
16160
16187
16188
16864
16893
