3
26
27
29
182
757
780
832
834
858
859
860
886
910
911
912
1404
1430
1433
1456
1482
1508
1509
1511
1534
1535
1560
1561
1562
1563
1586
1588
1612
1613
1615
1639
1640
2132
2133
2134
2136
2137
2139
2158
2159
2160
2165
2166
2184
2185
2187
2210
2211
2212
2213
2236
2239
2262
2265
2289
2290
2292
2315
2316
2317
2318
2319
2342
2343
2344
2345
2346
2368
2369
2370
2371
2372
2397
2398
2399
2400
2808
2810
2811
2834
2835
2836
2837
2838
2839
2841
2842
2860
2861
2862
2863
2866
2867
2886
2887
2888
2889
2912
2913
2914
2915
2938
2939
2940
2941
2964
2966
2967
2968
2969
2970
2990
2991
2992
2993
2994
2995
2996
2997
3018
3019
3020
3021
3022
3023
3044
3045
3046
3047
3048
3049
3050
3051
3072
3073
3074
3075
3076
3077
3078
3079
3100
3101
3102
3104
3105
3485
3510
3512
3513
3514
3516
3536
3537
3538
3539
3540
3541
3542
3543
3544
3545
3562
3563
3564
3565
3566
3568
3570
3571
3588
3589
3590
3591
3592
3593
3614
3615
3616
3618
3640
3641
3642
3643
3645
3666
3667
3668
3669
3670
3671
3672
3673
3693
3694
3695
3696
3697
3698
3699
3700
3701
3702
3720
3721
3722
3723
3724
3725
3726
3727
3728
3750
3751
3752
3753
3754
3755
3756
3777
3778
3779
3780
3781
3782
3783
4212
4213
4214
4215
4216
4218
4238
4239
4240
4241
4242
4243
4244
4245
4247
4248
4264
4265
4266
4267
4268
4274
4275
4290
4291
4292
4293
4294
4295
4316
4317
4318
4319
4320
4323
4324
4342
4343
4344
4345
4346
4347
4348
4349
4369
4370
4371
4372
4373
4374
4375
4395
4396
4397
4398
4399
4400
4401
4402
4403
4404
4405
4406
4424
4425
4426
4428
4429
4430
4431
4432
4433
4434
4456
4457
4458
4459
4460
4891
4914
4915
4917
4918
4919
4920
4921
4940
4941
4942
4943
4944
4945
4946
4947
4948
4950
4951
4966
4967
4968
4969
4970
4971
4972
4973
4976
4992
4993
4994
4995
4996
4997
4998
4999
5018
5019
5020
5021
5022
5023
5024
5025
5026
5028
5045
5046
5047
5048
5049
5050
5051
5052
5055
5057
5071
5072
5073
5074
5077
5078
5079
5080
5081
5082
5083
5084
5085
5102
5103
5104
5105
5107
5108
5109
5110
5111
5135
5136
5590
5599
5616
5617
5618
5619
5620
5621
5622
5623
5642
5643
5644
5645
5646
5647
5648
5649
5650
5651
5652
5653
5668
5669
5670
5671
5672
5673
5674
5675
5676
5677
5694
5695
5696
5697
5698
5699
5700
5701
5702
5708
5721
5722
5723
5724
5725
5726
5727
5730
5731
5733
5735
5736
5748
5749
5750
5751
5757
5758
5759
5760
5761
5762
5777
5785
5786
5787
6292
6294
6295
6296
6301
6319
6320
6321
6322
6323
6324
6325
6326
6328
6344
6345
6346
6347
6348
6349
6350
6351
6352
6353
6354
6355
6356
6370
6371
6372
6373
6374
6375
6376
6377
6378
6379
6381
6383
6384
6385
6386
6396
6397
6398
6399
6400
6401
6402
6403
6406
6409
6410
6411
6412
6413
6425
6426
6427
6428
6431
6432
6433
6435
6436
6437
6438
6460
6461
6490
6970
6971
6996
6997
6998
6999
7000
7020
7021
7022
7023
7024
7025
7026
7027
7028
7046
7047
7048
7049
7050
7051
7052
7053
7054
7055
7056
7057
7058
7059
7060
7061
7062
7072
7073
7074
7075
7076
7077
7078
7080
7081
7082
7083
7084
7085
7086
7087
7088
7089
7090
7100
7101
7102
7103
7106
7108
7109
7110
7111
7112
7113
7114
7115
7647
7671
7672
7674
7696
7697
7698
7699
7700
7701
7722
7723
7724
7725
7726
7727
7728
7729
7731
7735
7736
7738
7748
7749
7750
7751
7752
7753
7755
7756
7757
7758
7759
7760
7761
7762
7763
7764
7765
7777
7778
7782
7783
7784
7785
7786
7787
7788
7789
7790
7804
8348
8373
8374
8375
8399
8400
8401
8402
8403
8425
8426
8427
8428
8429
8431
8432
8435
8436
8437
8438
8457
8462
8463
8464
9051
9078
9079
9103
9105
9130
9131
9806
9869
13376
14026
14052
14079
14080
14729
14754
14757
14782
15433
16108
16109
16134
16135
16163
