156
157
158
183
185
187
208
211
235
236
806
858
862
884
887
911
1457
1508
1510
1511
1534
1535
1537
1538
1560
1561
1562
1563
1586
1587
1589
1590
1591
1612
1613
1614
1638
1640
1641
1667
2132
2158
2159
2160
2184
2185
2186
2210
2211
2212
2236
2237
2239
2241
2262
2263
2264
2265
2266
2288
2289
2290
2314
2315
2316
2317
2318
2319
2341
2342
2343
2344
2368
2369
2370
2371
2372
2373
2374
2395
2396
2397
2398
2399
2808
2834
2835
2836
2837
2860
2861
2862
2863
2864
2886
2887
2888
2912
2913
2914
2915
2916
2938
2939
2940
2941
2942
2944
2945
2964
2965
2966
2967
2968
2991
2992
2993
2994
2995
2996
3017
3018
3019
3020
3021
3022
3044
3045
3046
3047
3048
3049
3050
3071
3072
3073
3074
3075
3076
3077
3078
3510
3511
3512
3514
3536
3537
3538
3539
3562
3563
3564
3565
3566
3588
3589
3590
3591
3594
3614
3615
3616
3618
3619
3620
3623
3640
3641
3642
3643
3644
3645
3666
3667
3668
3669
3670
3671
3672
3673
3674
3693
3694
3695
3696
3697
3698
3699
3700
3719
3720
3721
3722
3723
3724
3725
3726
3727
3728
3747
3748
3749
3750
3751
3752
3753
3754
3755
3756
3777
3779
3780
3781
3782
3783
4212
4216
4238
4239
4242
4264
4265
4266
4267
4268
4269
4290
4291
4292
4293
4294
4295
4296
4316
4317
4318
4319
4320
4322
4323
4342
4343
4344
4345
4346
4347
4349
4369
4370
4371
4372
4373
4374
4375
4377
4396
4397
4398
4399
4400
4403
4404
4406
4407
4423
4425
4427
4431
4433
4434
4457
4458
4459
4460
4940
4941
4942
4943
4944
4946
4966
4967
4968
4969
4970
4971
4992
4993
4994
4995
4996
4997
4998
4999
5018
5019
5020
5021
5022
5023
5024
5045
5046
5047
5048
5049
5050
5051
5052
5055
5057
5072
5073
5074
5075
5076
5077
5078
5080
5082
5083
5084
5099
5100
5101
5102
5103
5104
5105
5106
5107
5108
5109
5110
5111
5127
5133
5618
5642
5643
5644
5645
5646
5647
5648
5649
5668
5669
5670
5671
5672
5673
5674
5694
5695
5696
5697
5698
5699
5700
5721
5722
5723
5724
5725
5726
5735
5747
5748
5749
5750
5751
5752
5758
5759
5760
5761
5762
5775
5776
5784
5785
5786
5787
5812
6267
6294
6295
6318
6319
6320
6321
6322
6324
6344
6345
6346
6347
6348
6349
6351
6352
6370
6371
6372
6373
6374
6375
6376
6377
6378
6396
6397
6398
6399
6400
6401
6402
6408
6411
6412
6413
6425
6426
6427
6436
6437
6438
6453
6459
6460
6462
6971
6973
6997
6998
7021
7022
7023
7024
7025
7046
7047
7048
7049
7050
7051
7053
7054
7055
7072
7073
7074
7075
7076
7077
7078
7089
7100
7101
7102
7103
7104
7113
7114
7115
7128
7139
7698
7700
7722
7723
7724
7725
7726
7748
7749
7750
7751
7752
7753
7754
7756
7777
7778
7779
7780
7815
8401
8426
8427
8428
8429
8455
8456
9104
9105
9131
9132
9155
13375
13403
13428
13429
13430
13455
14052
14077
14078
14079
14080
14081
14104
14105
14107
14729
14755
14756
14781
14783
14809
14861
15433
15457
15458
16865
17567
