1482
1508
2106
2132
2133
2158
2159
2160
2184
2185
2186
2210
2782
2808
2809
2811
2834
2835
2836
2837
2838
2839
2860
2861
2862
2863
2864
2865
2886
2887
2888
2889
2912
3484
3485
3486
3488
3510
3511
3512
3513
3514
3515
3536
3537
3538
3539
3540
3541
3562
3563
3564
3565
3566
3588
3589
3590
3591
3614
3615
3616
3617
3641
3667
4160
4161
4162
4163
4186
4187
4188
4189
4190
4191
4213
4214
4215
4216
4217
4240
4241
4242
4243
4266
4267
4268
4270
4290
4291
4292
4293
4294
4295
4317
4318
4319
4320
4343
4344
4345
4370
4371
4864
4865
4866
4889
4890
4891
4892
4893
4916
4917
4918
4919
4920
4942
4943
4944
4945
4946
4966
4967
4968
4969
4970
4971
4972
4993
4994
4995
4996
4997
4998
5018
5019
5020
5021
5022
5046
5048
5542
5566
5567
5568
5569
5592
5593
5594
5595
5596
5618
5619
5620
5621
5622
5623
5644
5645
5646
5647
5648
5649
5650
5669
5670
5671
5672
5673
5674
5675
5695
5696
5697
5698
5699
5700
5721
5722
5723
5725
5750
6269
6270
6294
6295
6296
6297
6298
6299
6320
6321
6322
6323
6324
6325
6345
6346
6347
6348
6349
6350
6351
6352
6370
6371
6372
6373
6374
6375
6376
6377
6397
6398
6399
6401
6402
6403
6426
6427
6428
6971
6972
6997
6998
6999
7000
7002
7022
7023
7024
7025
7026
7027
7047
7048
7049
7050
7053
7054
7074
7075
7076
7077
7078
7727
7754
