1378
2080
2081
2107
2109
2110
2133
2136
2137
2782
2783
2784
2808
2809
2810
2811
2812
2813
2814
2836
2837
2838
2839
2840
2864
2865
3484
3485
3486
3487
3490
3510
3511
3512
3513
3514
3515
3516
3517
3539
3540
3541
3542
3543
4160
4161
4162
4163
4186
4187
4188
4189
4190
4192
4214
4215
4216
4217
4218
4219
4241
4242
4246
4863
4864
4865
4866
4890
4891
4892
4893
4894
4895
4916
4917
4918
4919
4920
4921
5566
5567
5568
5569
5570
5571
5592
5594
5595
5596
5597
5624
5653
6356
6357
6384
6385
6386
6387
6412
6413
7032
7033
7058
7059
7060
7061
7062
7063
7085
7086
7087
7088
7089
7733
7735
7736
7760
7761
7762
7763
7764
7765
7766
7788
7789
7790
7791
8437
8438
8439
8462
8463
8464
8465
8466
9169
14031
14032
14734
14760
14761
15464
