1433
1462
2109
2110
2111
2137
2138
2139
2140
2165
2166
2167
2756
2782
2783
2784
2785
2787
2809
2810
2811
2812
2813
2814
2815
2838
2839
2840
2841
2842
2843
2868
2869
3458
3459
3460
3485
3486
3487
3488
3489
3490
3513
3514
3515
3516
3517
3519
3540
3541
3542
3543
3544
3545
3571
3572
4134
4135
4160
4161
4162
4163
4164
4165
4187
4188
4189
4190
4191
4192
4193
4215
4216
4217
4218
4219
4220
4242
4243
4244
4245
4246
4247
4248
4249
4274
4275
4837
4838
4864
4865
4866
4867
4892
4893
4894
4895
4896
4919
4920
4921
4922
4923
4925
4947
4949
4950
4951
4952
5540
5541
5567
5568
5569
5570
5571
5596
5597
5598
5622
5623
5624
5625
5626
5627
5651
5652
5653
5654
5681
5682
6242
6243
6244
6245
6270
6272
6273
6274
6299
6300
6301
6325
6326
6327
6328
6330
6353
6355
6356
6357
6358
6383
6384
6385
6386
6387
6411
6412
6413
6976
7001
7002
7003
7029
7030
7031
7032
7033
7035
7058
7059
7060
7061
7062
7063
7085
7086
7087
7088
7089
7090
7114
7115
7116
7679
7705
7706
7708
7732
7733
7734
7735
7736
7737
7738
7761
7762
7763
7764
7765
7789
7790
7791
8355
8381
8382
8383
8408
8409
8410
8411
8412
8435
8436
8437
8438
8439
8440
8463
8464
8465
8466
8467
8468
9084
9085
9086
9110
9111
9112
9138
9139
9140
9141
9142
9164
9167
9168
9169
9788
9814
9815
9816
9839
9842
9844
9872
9873
10463
10489
10491
10517
10518
10544
10545
10546
11191
11192
11193
11217
11219
11220
11221
11222
11247
11248
11868
11896
11897
11923
11924
11926
11950
11951
11952
12572
12599
12626
12627
12654
12680
13302
13330
13331
13356
13357
13358
13359
14004
14006
14032
14033
14058
14059
14060
14062
14088
14707
14733
14735
14736
14762
14765
14791
15383
15409
15410
15437
15438
15468
16140
16141
16789
16816
16845
17547
