1508
2210
2236
2862
2886
2912
2938
3536
3539
3565
3588
3614
4108
4134
4160
4186
4212
4240
4241
4242
4243
4244
4266
4267
4268
4269
4290
4292
4293
4317
4784
4810
4836
4862
4888
4893
4894
4895
4914
4918
4919
4920
4921
4922
4943
4944
4945
4946
4947
4969
4970
4971
4972
4992
5019
5020
5021
5046
5047
5486
5512
5538
5539
5564
5567
5568
5590
5591
5593
5594
5595
5596
5597
5598
5616
5620
5621
5622
5623
5624
5643
5646
5647
5648
5649
5669
5670
5671
5672
5673
5674
5695
5696
5697
5698
5720
5722
5723
5724
5725
5746
5747
5748
5750
6188
6214
6240
6241
6266
6267
6269
6270
6272
6292
6293
6294
6296
6318
6319
6320
6322
6345
6346
6347
6352
6370
6371
6372
6373
6374
6375
6376
6397
6398
6399
6400
6401
6402
6423
6424
6425
6426
6427
6449
6450
6451
6890
6916
6917
6942
6943
6944
6968
6969
6970
6994
6995
6996
7022
7023
7025
7046
7047
7048
7049
7050
7051
7052
7053
7072
7073
7074
7075
7076
7077
7078
7079
7099
7100
7101
7102
7103
7104
7105
7126
7127
7128
7129
7152
7592
7593
7594
7618
7619
7620
7644
7645
7646
7670
7671
7672
7674
7697
7722
7723
7724
7725
7726
7727
7748
7749
7750
7751
7752
7753
7754
7755
7756
7757
7775
7776
7777
7778
7779
7780
7781
7782
7802
7803
7804
7805
7806
7828
7830
7831
8294
8295
8297
8320
8321
8322
8323
8346
8348
8349
8373
8375
8376
8399
8400
8401
8402
8424
8425
8426
8427
8428
8429
8451
8452
8453
8454
8455
8456
8457
8458
8477
8478
8479
8480
8481
8483
8484
8504
8505
8506
8507
8508
8996
8997
8998
9023
9024
9025
9048
9049
9051
9052
9074
9075
9076
9077
9078
9079
9080
9100
9101
9102
9103
9104
9105
9106
9126
9127
9128
9129
9130
9131
9132
9133
9154
9155
9156
9157
9158
9159
9181
9182
9183
9211
9236
9725
9726
9727
9750
9751
9752
9755
9777
9778
9779
9780
9782
9802
9803
9804
9805
9806
9808
9809
9810
9830
9831
9832
9833
9834
9835
9836
9856
9857
9858
9859
9860
9861
9862
9885
9886
10427
10428
10429
10430
10453
10454
10455
10456
10457
10459
10479
10480
10481
10482
10483
10484
10485
10486
10487
10506
10507
10508
10509
10510
10511
10512
10513
10532
10533
10534
10535
10536
10537
10538
10558
10559
10562
10563
10565
11106
11131
11132
11133
11134
11155
11156
11157
11158
11159
11160
11161
11162
11163
11164
11182
11183
11184
11186
11187
11188
11189
11190
11209
11210
11211
11212
11213
11214
11215
11234
11235
11236
11237
11238
11261
11833
11834
11835
11836
11837
11838
11858
11859
11860
11861
11863
11864
11865
11866
11884
11885
11886
11887
11888
11889
11890
11891
11892
11910
11911
11912
11913
11914
11915
11916
11937
11938
11939
11940
11943
11963
11967
12509
12510
12512
12513
12535
12536
12537
12538
12539
12561
12562
12563
12565
12567
12568
12586
12587
12588
12589
12591
12592
12593
12594
12595
12613
12614
12615
12618
12620
12639
12640
12666
13215
13237
13238
13239
13240
13241
13242
13264
13265
13266
13267
13268
13269
13270
13291
13292
13293
13294
13295
13296
13297
13298
13316
13317
13318
13319
13321
13322
13323
13342
13343
13914
13915
13916
13917
13918
13940
13941
13942
13943
13944
13945
13967
13968
13969
13970
13971
13972
13973
13992
13993
13994
13995
13996
13997
13998
13999
14000
14001
14018
14019
14020
14021
14022
14023
14024
14025
14026
14027
14051
14132
14133
14134
14135
14617
14618
14619
14643
14644
14645
14646
14647
14648
14649
14670
14671
14672
14673
14674
14675
14676
14677
14695
14696
14697
14698
14699
14700
14701
14702
14703
14704
14722
14723
14724
14725
14727
14728
14729
14786
14808
14809
14812
14836
15320
15321
15346
15347
15348
15349
15350
15351
15375
15376
15377
15378
15379
15380
15400
15401
15402
15403
15404
15405
15407
15432
15487
15513
16027
16053
16080
16081
16107
16109
16186
16756
