2028
2704
3380
3406
4056
4921
5595
5596
5597
5622
5625
5651
5652
6269
6271
6272
6296
6297
6298
6299
6300
6325
6326
6327
6328
6386
6412
6413
6944
6945
6946
6969
6970
6971
6972
6973
6975
6998
6999
7000
7001
7002
7003
7004
7028
7029
7057
7058
7059
7060
7061
7062
7085
7086
7087
7088
7089
7115
7644
7645
7646
7647
7648
7649
7671
7672
7673
7674
7675
7676
7677
7703
7704
7705
7707
7733
7734
7735
7736
7737
7760
7761
7762
7763
7764
7765
7789
7790
8321
8322
8323
8346
8347
8348
8349
8350
8351
8352
8373
8374
8376
8377
8381
8407
8409
8433
8434
8435
8436
8437
8438
8439
8463
8464
8997
9022
9023
9024
9025
9048
9049
9050
9051
9052
9053
9076
9077
9111
9114
9138
9698
9699
9700
9724
9725
9726
9727
9750
9751
9752
9753
9754
10400
10401
10403
10426
10427
10428
10429
10432
10434
10452
10453
10454
10455
10456
10459
11077
11078
11080
11103
11104
11105
11108
11129
11130
11131
11132
11136
11156
11157
11158
11159
11185
11186
11780
11781
11782
11783
11806
11807
11808
11810
11832
11833
11834
11835
11839
11860
11861
11862
11887
11888
11889
12456
12457
12458
12459
12483
12484
12485
12486
12487
12509
12510
12511
12512
12536
12537
12538
12541
12563
12564
12565
12590
12591
13186
13188
13189
13214
