702
1352
1378
2054
2080
2782
3458
3484
3510
3511
3513
4160
4214
4862
4890
4893
4894
4914
4915
4917
4920
4946
5512
5538
5564
5590
5620
5622
5623
5624
5625
5652
6240
6267
6292
6294
6295
6296
6297
6298
6299
6300
6322
6323
6325
6326
6327
6353
6412
6969
6970
6972
6973
6974
6975
6976
6977
6978
6995
6996
6997
6998
6999
7000
7001
7002
7003
7004
7005
7022
7023
7024
7025
7026
7027
7028
7029
7030
7031
7051
7053
7056
7057
7058
7059
7060
7061
7062
7083
7085
7086
7087
7088
7089
7646
7647
7648
7649
7650
7670
7671
7672
7673
7674
7675
7676
7677
7678
7679
7680
7697
7698
7699
7700
7701
7702
7703
7704
7705
7706
7707
7708
7726
7727
7728
7729
7730
7731
7732
7733
7734
7735
7736
7737
7739
7757
7758
7759
7760
7761
7762
7763
7764
7765
7786
7788
7789
7790
7791
8322
8347
8348
8349
8350
8351
8372
8373
8374
8375
8376
8377
8378
8379
8380
8381
8382
8400
8401
8402
8403
8404
8405
8406
8407
8408
8409
8410
8429
8430
8431
8432
8433
8434
8435
8436
8437
8438
8439
8461
8464
8465
8466
9023
9024
9025
9049
9050
9051
9052
9053
9076
9077
9078
9079
9080
9081
9082
9083
9104
9105
9106
9107
9108
9109
9110
9111
9112
9133
9134
9137
9138
9140
9725
9726
9751
9752
9753
9754
9755
9756
9757
9779
9780
9781
9782
9783
9784
9806
9808
9809
9810
9811
9812
9837
10400
10401
10427
10428
10429
10430
10454
10455
10456
10457
10458
10459
10481
10482
10483
10484
10485
10486
10508
10509
10510
10511
10512
10513
10539
11104
11130
11131
11132
11133
11157
11158
11159
11160
11161
11184
11185
11186
11187
11188
11189
11190
11212
11213
11214
11215
11216
11241
11242
11806
11807
11833
11834
11835
11836
11860
11861
11862
11863
11864
11887
11888
11889
11890
11891
11892
11915
11916
11917
11918
11919
11920
11945
11946
12536
12537
12538
12562
12563
12564
12565
12566
12567
12589
12590
12591
12592
12593
12594
12595
12617
12618
12619
12620
12621
12622
12623
12624
12646
12647
12648
13239
13240
13241
13265
13266
13267
13268
13269
13270
13293
13294
13295
13296
13297
13298
13321
13322
13323
13324
13325
13326
13332
13351
13352
13355
13942
13943
13944
13968
13969
13970
13971
13972
13973
13974
13996
13997
13998
13999
14000
14001
14024
14025
14026
14027
14028
14031
14032
14055
14056
14057
14644
14645
14646
14647
14648
14672
14673
14674
14675
14676
14677
14700
14701
14702
14703
14705
14708
14709
14729
14730
14731
14732
14733
14734
14735
14736
14757
14758
14759
14760
14761
14762
14785
15378
15404
15405
15406
15407
15408
15409
15410
15413
15432
15433
15434
15435
15436
15438
15461
15462
15466
16081
16083
16084
16106
16107
16108
16109
16110
16111
16112
16136
16137
16138
16164
16165
16783
16785
16786
16787
16811
16812
16813
16814
16816
17516
18218
18247
18248
