754
1456
1482
2110
2132
2134
2136
2137
2158
2184
2210
2782
2785
2808
2809
2810
2811
2812
2813
2814
2834
2835
2836
2837
2839
2860
2861
2886
2887
2912
3458
3484
3485
3486
3487
3488
3489
3510
3511
3512
3513
3514
3515
3516
3518
3536
3537
3538
3539
3541
3562
3563
3564
3588
3589
3590
3614
4160
4161
4162
4163
4186
4187
4188
4189
4190
4191
4192
4212
4213
4214
4215
4216
4217
4219
4238
4239
4240
4241
4242
4243
4244
4264
4265
4266
4267
4268
4270
4290
4291
4292
4293
4316
4836
4837
4838
4839
4862
4863
4864
4865
4866
4888
4889
4890
4891
4892
4893
4914
4915
4916
4917
4918
4919
4920
4921
4940
4941
4942
4943
4944
4945
4946
4947
4966
4967
4968
4969
4970
4971
4972
4993
4994
4995
4998
5019
5020
5538
5564
5565
5566
5567
5590
5591
5592
5593
5594
5595
5596
5597
5598
5616
5617
5618
5619
5620
5621
5622
5623
5624
5642
5643
5644
5645
5646
5647
5648
5649
5669
5670
5671
5672
5673
5695
5696
5697
5698
5721
5722
6240
6241
6242
6266
6267
6268
6269
6270
6271
6272
6273
6293
6294
6295
6296
6297
6298
6299
6300
6318
6319
6320
6321
6322
6323
6324
6325
6326
6327
6344
6345
6346
6347
6348
6349
6350
6351
6352
6357
6371
6372
6373
6374
6375
6376
6380
6381
6382
6386
6387
6397
6398
6399
6400
6411
6412
6413
6943
6944
6945
6946
6968
6969
6970
6971
6972
6973
6996
6997
6998
6999
7001
7020
7021
7022
7023
7024
7025
7026
7028
7031
7032
7033
7034
7046
7047
7048
7049
7050
7051
7052
7053
7057
7058
7059
7060
7061
7062
7063
7073
7074
7075
7076
7077
7078
7082
7084
7085
7086
7087
7088
7089
7099
7100
7101
7102
7103
7104
7106
7110
7112
7126
7127
7644
7645
7646
7648
7670
7671
7672
7673
7674
7675
7697
7698
7699
7700
7701
7723
7724
7725
7726
7727
7730
7733
7734
7735
7736
7738
7749
7750
7751
7752
7753
7754
7758
7759
7760
7761
7762
7763
7764
7765
7766
7776
7777
7778
7779
7780
7784
7785
7787
7789
7791
7804
7806
7808
7828
7829
7830
8347
8348
8349
8372
8373
8374
8375
8376
8399
8400
8401
8402
8403
8405
8426
8427
8428
8431
8433
8434
8435
8436
8437
8438
8439
8452
8453
8454
8455
8456
8463
8464
8465
8466
8479
8480
8481
8483
8506
8507
8508
8510
9051
9052
9076
9077
9078
9079
9101
9102
9103
9104
9106
9127
9128
9129
9130
9131
9132
9133
9140
9141
9155
9156
9157
9158
9159
9166
9209
9213
9726
9753
9754
9779
9781
9783
9804
9806
9810
9811
9812
9815
9831
9833
9834
9836
9839
9858
9859
9860
9862
9886
10429
10456
10458
10486
10489
10512
10513
10514
11132
11158
11159
11188
11189
11212
11216
11218
11834
11861
11862
11890
11892
12538
12539
12654
12676
12725
12752
13379
13380
13402
13403
13428
13456
14025
14027
14051
14056
14060
14078
14081
14082
14083
14104
14105
14106
14107
14108
14110
14130
14131
14132
14704
14705
14728
14729
14730
14731
14732
14733
14756
14757
14758
14759
14760
14780
14782
14783
14785
14786
14807
14808
14809
14810
14835
14836
15405
15406
15407
15408
15431
15433
15434
15435
15436
15457
15458
15463
15512
16081
16085
16107
16108
16110
16111
16192
16810
16813
16842
17516
17540
