0
676
702
1352
1378
3432
4134
4160
4186
4836
4862
4888
5512
5538
5539
5564
6214
6240
6241
6266
6267
6268
6942
6943
6944
6968
6969
6971
6996
6997
6998
7619
7620
7644
7645
7646
7647
7672
7673
7674
7699
7700
7701
7702
7727
7728
8321
8346
8347
8348
8350
8373
8374
8375
8376
8377
8378
8401
8402
8403
8404
8405
8406
8430
8431
9051
9052
9053
9078
9079
9080
9081
9104
9105
9106
9107
9724
9725
9726
9728
9750
9751
9755
9756
9778
9780
9781
9782
9783
9808
9809
10400
10401
10426
10427
10428
10429
10453
10454
10455
10456
10457
10458
10459
10480
10481
10482
10483
10484
10485
10486
10511
10541
11103
11104
11129
11130
11131
11132
11133
11156
11157
11158
11159
11160
11161
11183
11184
11185
11186
11187
11188
11189
11190
11213
11214
11215
11216
11806
11807
11832
11833
11834
11835
11836
11859
11860
11861
11862
11863
11864
11865
11866
11867
11887
11888
11889
11890
11891
11892
11893
11916
11917
11918
11919
11920
12509
12510
12535
12536
12537
12538
12540
12562
12563
12564
12565
12566
12567
12589
12590
12591
12592
12593
12594
12595
12596
12619
12620
12621
12622
12623
12646
13238
13239
13240
13241
13242
13243
13265
13266
13267
13268
13269
13292
13293
13294
13295
13296
13297
13298
13299
13300
13321
13322
13323
13324
13325
13326
13942
13943
13944
13968
13969
13970
13971
13972
13973
13975
13996
13997
13998
13999
14000
14001
14002
14025
14026
14027
14619
14646
14647
14673
14674
14675
14700
14701
14702
