2028
2730
5538
6240
6241
6242
6266
6267
6268
6918
6943
6944
6970
9784
10459
10460
10461
10485
10486
10487
10488
10512
10513
11161
11162
11163
11164
11187
11188
11189
11190
11191
11214
11863
11864
11865
11866
11867
11889
11890
11891
11892
11893
12542
12566
12567
12568
12569
12593
12594
12595
12596
12620
12621
13244
13245
13270
13271
13272
13296
13297
13298
13299
13972
13973
13974
13975
13998
13999
14000
14001
14002
14025
14026
14027
14674
14675
14676
14677
14678
14701
14702
14703
14704
14705
15379
15380
15382
15405
15406
15407
15408
15409
15432
16082
16084
16085
16108
16109
16110
16111
16787
16788
16814
17490
