4892
4893
4978
5567
5568
5569
5592
5595
5597
5620
5621
5622
5624
5625
5652
6241
6243
6269
6270
6271
6274
6295
6296
6297
6298
6299
6300
6321
6323
6324
6325
6326
6327
6328
6329
6351
6355
6384
6386
6411
6412
6413
6946
6970
6971
6972
6973
6974
6975
6994
6995
6996
6997
6998
6999
7000
7001
7002
7003
7020
7026
7027
7029
7030
7031
7046
7047
7056
7057
7058
7059
7060
7061
7062
7063
7085
7086
7087
7088
7089
7090
7115
7116
7644
7646
7647
7648
7649
7670
7671
7672
7673
7674
7675
7676
7677
7696
7697
7698
7699
7700
7701
7702
7703
7705
7722
7723
7731
7732
7733
7734
7735
7736
7737
7757
7760
7761
7762
7763
7764
7765
7766
7788
7789
7790
7791
7792
8322
8323
8346
8347
8348
8349
8350
8351
8372
8373
8374
8375
8376
8377
8378
8379
8380
8399
8400
8401
8405
8407
8408
8409
8410
8425
8431
8433
8434
8435
8436
8437
8438
8452
8462
8463
8464
8465
9023
9024
9025
9048
9049
9050
9051
9052
9075
9076
9077
9078
9079
9080
9085
9102
9103
9107
9108
9109
9110
9111
9112
9133
9135
9138
9139
9726
9727
9728
9751
9752
9753
9754
9755
9778
9779
9782
9785
9805
9808
9811
9812
9813
10403
10428
10429
10430
10454
10455
10456
10457
10458
10480
10481
10482
10483
10484
10485
10486
10487
10488
10507
10508
10512
10513
10514
10515
11105
11130
11131
11132
11157
11158
11159
11160
11161
11162
11163
11164
11182
11183
11184
11185
11186
11187
11188
11189
11190
11191
11209
11210
11211
11235
11236
11237
11238
11239
11262
11807
11833
11834
11837
11859
11860
11861
11862
11863
11864
11865
11885
11886
11887
11888
11889
11890
11911
11912
11913
11914
11915
11916
11938
11939
11940
11941
11966
12510
12535
12536
12537
12539
12540
12561
12562
12563
12564
12565
12566
12567
12588
12589
12590
12591
12592
12593
12614
12615
12616
12617
12618
12641
12642
12643
12669
12670
13212
13213
13238
13239
13240
13241
13242
13264
13265
13266
13267
13268
13269
13270
13291
13292
13293
13294
13295
13296
13317
13318
13319
13320
13321
13323
13345
13346
13372
13373
13914
13915
13941
13942
13943
13945
13967
13968
13969
13970
13971
13972
13973
13994
13995
13996
13997
13998
13999
14000
14021
14022
14023
14024
14025
14026
14048
14618
14643
14644
14645
14646
14647
14671
14672
14673
14674
14675
14676
14699
14700
14701
14702
14728
14729
15347
15348
15349
15350
15377
15378
15379
15403
15404
15405
15431
15432
15436
17490
