2808
2834
3484
3510
3536
3562
4134
4160
4186
4212
4213
4240
4244
4810
4836
4862
4888
4916
4940
5512
5538
5564
5590
5592
5618
6240
6241
6266
6267
6318
6379
6409
6411
6412
6918
6942
6943
6944
6968
6969
6970
6994
6995
6996
6997
7022
7048
7061
7081
7084
7086
7087
7088
7089
7620
7644
7645
7646
7647
7670
7671
7672
7673
7674
7696
7697
7698
7699
7700
7722
7723
7724
7736
7751
7756
7757
7759
7760
7761
7762
7763
7764
7784
7788
8347
8348
8349
8350
8373
8374
8375
8376
8400
8401
8402
8403
8427
8431
8434
8462
8464
9054
9076
9077
9078
9079
9103
9104
9105
9106
9107
9757
9780
9782
9783
9809
9810
9811
9859
9886
10459
10460
10483
10484
10485
10486
10487
10488
10509
10510
10511
10512
10513
10514
10536
10537
10538
10561
10562
10568
11160
11161
11162
11163
11164
11185
11186
11187
11188
11189
11190
11211
11212
11213
11214
11215
11216
11236
11237
11238
11239
11240
11244
11263
11264
11265
11266
11268
11270
11836
11862
11863
11864
11865
11866
11887
11888
11889
11890
11891
11892
11913
11914
11915
11916
11939
11940
11941
11942
11943
11946
11948
11950
11965
11966
11967
11968
11970
11972
12564
12565
12566
12567
12568
12590
12591
12592
12593
12594
12616
12617
12618
12619
12620
12621
12641
12642
12643
12644
12645
12646
12647
12648
12668
12669
12670
12671
12672
13241
13244
13266
13267
13268
13269
13270
13271
13292
13293
13294
13295
13296
13297
13298
13318
13319
13320
13321
13322
13323
13324
13344
13345
13346
13347
13348
13349
13350
13371
13943
13944
13969
13970
13971
13972
13973
13974
13995
13996
13997
13998
13999
14000
14001
14021
14022
14023
14024
14025
14026
14027
14052
14650
14674
14675
14676
14677
14678
14699
14700
14701
14702
14703
14704
14725
14727
14728
14729
14753
14754
14755
15352
15353
15354
15377
15378
15379
15380
15381
15403
15404
15405
15406
15429
15430
15431
15432
15455
15456
15457
16056
16082
16083
16084
16106
16108
16109
16110
16132
16134
16135
16785
16786
16835
16836
16838
17543
17568
17569
17571
