2785
2841
3458
3484
3487
3514
3515
3516
3540
3541
3542
4135
4160
4161
4162
4163
4186
4187
4188
4189
4190
4191
4192
4216
4217
4218
4836
4837
4838
4862
4863
4864
4865
4866
4867
4888
4889
4890
4891
4892
4893
5538
5539
5540
5564
5565
5566
5567
5568
5569
5590
5591
5592
5593
5594
5595
5596
5597
5620
5621
5643
5652
5653
6219
6240
6241
6242
6243
6244
6245
6246
6266
6267
6268
6269
6270
6271
6272
6292
6293
6294
6295
6296
6297
6298
6299
6300
6319
6320
6321
6322
6326
6327
6328
6329
6345
6353
6354
6355
6356
6381
6917
6919
6920
6921
6922
6942
6943
6944
6945
6946
6947
6948
6949
6968
6969
6970
6971
6972
6973
6974
6975
6976
6994
6995
6996
6997
6998
6999
7000
7001
7002
7003
7021
7022
7023
7024
7025
7026
7029
7030
7031
7048
7058
7062
7063
7074
7086
7087
7088
7089
7620
7621
7622
7623
7624
7644
7645
7646
7647
7648
7649
7650
7651
7652
7670
7671
7672
7673
7674
7675
7676
7677
7678
7679
7680
7696
7697
7698
7699
7700
7701
7702
7703
7704
7705
7706
7723
7724
7725
7727
7728
7731
7732
7733
7750
7761
7762
7763
7764
7765
7790
8298
8323
8324
8325
8326
8327
8346
8347
8348
8349
8350
8351
8352
8353
8354
8355
8372
8373
8374
8375
8376
8377
8378
8379
8380
8381
8382
8383
8399
8400
8401
8402
8403
8404
8405
8408
8409
8410
8411
8426
8434
8435
8436
8437
8438
9022
9023
9025
9027
9028
9048
9049
9050
9051
9052
9053
9054
9055
9056
9057
9076
9077
9078
9079
9085
9086
9105
9111
9114
9725
9726
9752
9753
9754
