4301
4949
4979
5003
5004
5624
5652
5681
5706
5707
6296
6297
6298
6299
6300
6323
6324
6325
6327
6354
6355
6385
6386
6387
6410
6411
6412
6413
6438
6968
6969
6972
6973
6974
6994
6997
6998
6999
7000
7001
7002
7027
7028
7029
7030
7032
7056
7057
7058
7059
7060
7061
7062
7063
7083
7085
7086
7087
7088
7089
7090
7644
7645
7648
7670
7671
7672
7673
7674
7675
7676
7677
7696
7697
7698
7699
7700
7701
7702
7703
7704
7706
7730
7731
7732
7733
7734
7735
7736
7737
7739
7759
7760
7761
7762
7763
7764
7765
7789
8321
8323
8346
8347
8348
8349
8350
8351
8352
8372
8373
8374
8375
8376
8377
8378
8379
8380
8382
8399
8400
8401
8402
8403
8404
8405
8406
8407
8408
8409
8410
8433
8434
8435
8436
8437
8438
8463
8464
9024
9025
9048
9049
9050
9051
9052
9053
9054
9075
9076
9077
9078
9079
9080
9081
9082
9083
9107
9109
9110
9111
9137
9140
9725
9726
9727
9728
9729
9752
9753
9754
9755
9778
9779
9781
9783
10402
10403
10428
10429
10430
10453
10454
10455
10456
10457
10482
10484
11104
11105
11130
11131
11132
11133
11156
11157
11158
11159
11160
11183
11184
11185
11186
11806
11807
11808
11832
11833
11834
11835
11859
11860
11861
11862
11887
11888
11889
11915
12509
12510
12535
12536
12537
12561
12562
12563
12564
12565
12589
12590
12591
12592
12593
12617
12618
13212
13213
13238
13239
13240
13241
13264
13265
13266
13267
13268
13292
13293
13294
13295
13296
13320
13321
13322
13914
13915
13940
13941
13942
13943
13944
13967
13968
13969
13970
13971
13972
13996
13997
13998
13999
14000
14025
14026
14618
14619
14643
14644
14645
14646
14647
14648
14672
14673
14674
14675
14699
14700
14701
14702
14727
15405
