0
1
2
26
27
676
677
702
703
704
705
706
728
729
730
731
732
733
758
759
760
762
1352
1378
1379
1380
1404
1405
1406
1407
1408
1409
1410
1430
1431
1432
1433
1434
1435
1436
1437
1460
1461
1462
1463
2028
2054
2080
2081
2082
2083
2084
2106
2107
2108
2109
2110
2111
2112
2134
2135
2136
2137
2138
2139
2730
2756
2757
2782
2783
2784
2785
2786
2787
2788
2811
2812
2813
2814
2815
2839
2840
2841
2842
2843
2868
3432
3458
3461
3484
3486
3487
3488
3490
3491
3511
3513
3514
3515
3516
3517
3543
3544
4134
4160
4187
4217
4218
4220
4247
4862
4921
4923
5538
5541
5597
5624
5627
5653
5654
5655
5680
5681
6240
6266
6327
6329
6330
6355
6356
6357
6358
6359
6382
6383
6384
6385
6386
6387
6411
6412
6413
6916
6942
7003
7029
7032
7058
7059
7060
7061
7062
7063
7084
7086
7087
7088
7089
7090
7114
7115
7116
7735
7736
7737
7762
7763
7764
7765
7766
7789
7790
7791
7792
8438
8439
8440
8465
8466
8467
8468
8493
8494
9142
9143
9169
9871
12648
13297
13299
13321
13324
13353
13996
13997
13998
14000
14001
14002
14022
14023
14024
14025
14026
14027
14029
14030
14031
14032
14053
14057
14058
14670
14674
14697
14698
14699
14700
14701
14702
14703
14727
14728
14729
14730
14731
14732
14733
14734
14735
14757
14760
14761
15348
15371
15372
15373
15374
15375
15376
15377
15378
15379
15380
15398
15400
15401
15402
15403
15404
15405
15406
15407
15408
15410
15411
15429
15430
15431
15432
15433
15434
15436
15437
15460
15461
15465
16050
16053
16073
16074
16075
16076
16077
16078
16079
16080
16081
16099
16101
16103
16104
16105
16106
16107
16108
16109
16110
16111
16131
16132
16133
16134
16135
16136
16137
16139
16140
16165
16749
16750
16751
16752
16753
16756
16775
16776
16777
16778
16779
16780
16782
16783
16784
16807
16811
16812
16839
17458
17481
17487
17511
17513
17514
17517
17541
