0
1
4
29
30
703
704
705
730
731
732
733
759
760
761
1405
1406
1407
1408
1409
1432
1433
1434
1435
1436
1437
1461
1462
1463
2054
2055
2081
2082
2083
2084
2108
2109
2110
2111
2112
2135
2136
2137
2138
2139
2166
2731
2757
2758
2784
2785
2786
2787
2811
2812
2813
2814
2815
2839
2840
2841
2842
2869
2870
3461
3462
3487
3488
3489
3490
3514
3515
3516
3544
3545
4163
4164
4165
4190
4191
4218
4219
4220
4221
4840
4866
4868
4921
4951
4952
4978
5624
5625
5651
5652
5653
5654
5655
5680
5681
5682
5710
6327
6329
6355
6356
6357
6358
6359
6360
6383
6384
6385
6386
6387
6410
6411
6412
6413
6414
7032
7033
7058
7059
7060
7061
7062
7063
7085
7086
7087
7088
7089
7090
7114
7115
7116
7735
7736
7737
7762
7763
7764
7765
7789
7790
7791
7792
8438
8439
8440
8441
8465
8466
8467
8468
8492
8493
8494
9141
9142
9167
9168
9169
9846
9871
14033
14763
15439
15466
16169
