732
758
1407
1433
1434
1435
1461
2109
2110
2111
2112
2113
2135
2136
2137
2138
2139
2164
2784
2785
2786
2811
2812
2813
2814
2838
2839
2840
2841
2842
3460
3461
3486
3487
3488
3489
3514
3515
3516
3517
3541
3542
3544
4162
4163
4164
4189
4190
4191
4192
4218
4220
4247
4920
4921
5652
5653
5654
5680
6327
6330
6355
6356
6357
6384
6385
6386
6387
6412
6413
7059
7060
7061
7062
7063
7086
7087
7088
7089
7090
7115
7116
7736
7762
7763
7764
7765
7766
7788
7789
7790
7791
7792
8439
8440
8465
8466
8467
8492
8493
9142
9168
9169
9170
9196
