732
1434
1435
1436
2112
2136
2137
2138
2139
2164
2812
2813
2814
2838
2839
2840
2841
2842
2867
2868
3460
3461
3486
3487
3488
3489
3514
3515
3516
3517
3542
3543
3544
3545
4136
4137
4162
4163
4164
4165
4189
4190
4191
4192
4216
4217
4218
4219
4220
4245
4248
4838
4866
4892
4893
4894
4921
4923
5624
5681
5682
6330
6356
6357
6358
6382
6383
6384
6385
6386
6387
6412
6413
7032
7033
7059
7060
7061
7062
7063
7086
7087
7088
7089
7090
7115
7736
7737
7762
7763
7764
7765
7789
7790
7791
7792
7818
8438
8439
8440
8464
8465
8467
8468
8492
8494
9141
