1379
1405
1406
1432
1433
2082
2083
2108
2109
2110
2134
2135
2136
2137
2138
2139
2785
2786
2811
2812
2813
2814
2815
2838
2839
2840
2841
2842
3487
3488
3489
3490
3514
3515
3516
3517
3518
3519
3541
3542
3543
3544
3570
4163
4164
4165
4189
4190
4191
4192
4194
4217
4218
4219
4220
4221
4246
4247
4275
4866
4895
4896
4921
4922
4923
4924
4949
4951
5624
5653
6327
6329
6330
6356
6357
6358
6383
6384
6385
6386
6387
6411
6412
6413
7032
7033
7059
7060
7061
7062
7063
7086
7087
7088
7089
7090
7114
7115
7736
7737
7762
7763
7764
7765
7766
7790
7791
7792
8438
8439
8440
8464
8465
8466
8467
8492
9142
9168
