1436
2082
2108
2109
2137
2138
2139
2164
2165
2785
2786
2811
2812
2813
2814
2838
2839
2840
2841
2842
2866
2867
2868
3487
3488
3489
3490
3513
3514
3515
3516
3517
3518
3541
3542
3543
3544
3545
3571
3572
4163
4164
4165
4189
4190
4191
4192
4193
4194
4217
4218
4219
4220
4221
4246
4247
4248
4274
4840
4841
4865
4866
4867
4868
4893
4894
4896
4923
4924
4950
5680
6328
6356
6357
6358
6383
6384
6385
6386
6387
6412
6413
7003
7004
7032
7033
7034
7059
7060
7061
7062
7063
7085
7086
7087
7088
7089
7090
7115
7735
7736
7737
7738
7762
7763
7764
7765
7766
7789
7790
7791
8438
8439
8440
8465
8466
8468
