728
1435
1463
2110
2111
2112
2136
2137
2138
2139
2164
2784
2785
2786
2787
2811
2812
2813
2814
2815
2838
2839
2840
2841
2842
3459
3460
3461
3462
3486
3487
3488
3489
3514
3515
3516
3517
3541
3542
3543
3545
3546
4135
4136
4137
4161
4162
4163
4164
4190
4191
4193
4217
4218
4219
4246
4247
4837
4838
4839
4863
4864
4865
4866
4889
4890
4895
4921
4923
5539
5540
5541
5542
5564
5565
5566
5567
5568
5590
5591
5592
5593
5618
5624
5681
6241
6242
6243
6244
6267
6268
6269
6270
6293
6294
6319
6320
6328
6329
6345
6346
6347
6356
6357
6383
6385
6386
6387
6412
6413
6943
6944
6946
6969
6970
6995
6996
7021
7022
7023
7030
7031
7048
7049
7059
7060
7061
7062
7063
7086
7087
7088
7089
7090
7115
7680
7736
7737
7738
7761
7762
7763
7764
7765
7789
7790
7791
8411
8437
8438
8439
8464
8465
8466
8467
9113
9141
9142
9143
9167
9168
9196
9843
16188
