2109
2812
2813
2838
2867
3461
3487
3488
3489
3514
3515
3516
3588
4162
4163
4164
4165
4189
4190
4191
4192
4212
4216
4217
4218
4219
4244
4264
4265
4290
4839
4840
4864
4865
4866
4867
4868
4890
4891
4892
4893
4894
4895
4916
4917
4918
4919
4920
4921
4922
4941
4942
4943
4944
4945
4947
4966
4967
4969
4970
4971
4993
4994
4995
4996
5540
5541
5542
5543
5565
5566
5567
5568
5569
5570
5591
5592
5593
5594
5596
5597
5598
5617
5618
5619
5620
5621
5622
5623
5624
5625
5643
5644
5645
5646
5647
5648
5652
5653
5669
5670
5671
5672
5673
5679
5694
5695
5696
5697
5698
5699
6216
6217
6241
6242
6243
6244
6245
6246
6267
6268
6269
6270
6271
6272
6273
6274
6294
6295
6296
6297
6298
6299
6300
6301
6319
6320
6321
6322
6323
6324
6326
6327
6328
6329
6345
6346
6347
6348
6349
6354
6355
6356
6370
6371
6372
6373
6374
6375
6397
6398
6919
6920
6921
6944
6945
6946
6947
6948
6949
6950
6969
6970
6971
6972
6973
6974
6975
6976
6977
6995
6996
6997
6998
6999
7000
7001
7002
7003
7004
7005
7021
7022
7023
7024
7025
7026
7027
7028
7029
7030
7031
7046
7047
7048
7049
7050
7051
7058
7060
7061
7073
7074
7075
7076
7077
7086
7087
7088
7647
7648
7649
7650
7651
7652
7672
7673
7674
7675
7676
7677
7678
7679
7697
7698
7699
7701
7702
7703
7704
7705
7706
7707
7723
7724
7725
7726
7727
7728
7729
7732
7733
7735
7736
7750
7751
7752
7753
7755
7762
7763
7764
8326
8327
8349
8350
8351
8352
8353
8354
8375
8376
8379
8381
8382
8383
8400
8401
8402
8408
8409
8410
8411
8426
8427
8428
8430
8431
8437
9027
9052
9053
9054
9056
9079
9080
9081
9111
14763
15438
15466
16114
16141
16142
