4836
5538
5564
6214
6266
6916
6942
6968
7618
7670
8346
8347
8373
9023
9049
9050
9051
9076
9077
9078
9079
9725
9726
9727
9752
9753
9754
9780
9781
10426
10427
10428
10429
10430
10455
10456
10457
10483
11103
11104
11129
11130
11131
11132
11156
11157
11158
11159
11185
11215
11216
11833
11834
11860
11861
11862
11887
11888
11889
11890
11892
11918
11919
12536
12537
12538
12563
12564
12565
12566
12590
12591
12592
12593
13239
13240
13241
13265
13266
13267
13268
13293
13294
13295
13942
13943
13944
13968
13969
13970
13971
13997
13998
13999
14674
14675
