0
2
29
30
56
156
157
677
702
703
704
729
730
731
732
733
755
756
759
832
833
834
835
858
859
860
1379
1380
1405
1406
1407
1408
1431
1432
1433
1434
1435
1436
1458
1459
1482
1483
1484
1485
1487
1508
1509
1510
1511
1534
1535
1536
1537
1538
1561
1562
1563
1564
2082
2083
2108
2109
2110
2111
2133
2134
2135
2136
2137
2138
2139
2159
2160
2161
2162
2163
2165
2166
2184
2185
2186
2187
2188
2189
2190
2191
2210
2211
2212
2213
2214
2215
2237
2238
2239
2264
2265
2785
2786
2811
2812
2813
2814
2815
2836
2838
2839
2840
2841
2842
2862
2863
2868
2888
2889
2913
2914
2915
2940
2941
2942
3488
3489
3514
3515
3516
3540
3543
3589
3590
3616
3617
3618
3619
4298
4319
4321
5000
5021
5022
5624
5625
5696
5698
5709
6241
6328
6357
6372
6374
6375
6382
6383
6384
6385
6386
6387
6404
6410
6411
6412
6413
6434
6436
6943
6968
6970
6971
6994
6996
7004
7020
7030
7032
7046
7059
7060
7061
7062
7063
7075
7080
7082
7083
7084
7086
7087
7088
7089
7090
7110
7112
7113
7114
7115
7116
7137
7672
7673
7674
7678
7698
7699
7700
7705
7706
7722
7733
7735
7736
7737
7738
7751
7760
7761
7762
7763
7764
7765
7777
7780
7781
7782
7788
7789
7790
7791
8351
8373
8375
8376
8377
8378
8380
8399
8401
8407
8409
8410
8411
8412
8435
8436
8437
8438
8439
8440
8453
8466
8467
8482
8484
9079
9082
9083
9084
9085
9087
9105
9110
9111
9112
9137
9140
9142
9155
9160
9161
9162
9168
9169
9182
9758
9781
9782
9783
9784
9785
9786
9787
9805
9806
9810
9812
9830
9832
9856
9857
9861
9882
10458
10460
10461
10462
10484
10485
10486
10487
10488
10489
10490
10508
10510
10511
10512
10513
10514
10515
10516
10533
10534
10559
10560
10561
10585
11137
11161
11162
11163
11164
11186
11187
11188
11189
11190
11215
11216
11217
11219
11236
11237
11241
11262
11265
11266
11288
11839
11840
11864
11865
11866
11867
11890
11891
11892
11893
11913
11915
11938
11941
11964
11965
11990
12539
12541
12542
12565
12566
12567
12568
12569
12592
12593
12594
12595
12616
12619
12620
12621
12641
12642
12643
12644
12666
12667
12668
13241
13242
13244
13245
13267
13268
13269
13270
13271
13272
13293
13294
13296
13297
13298
13318
13319
13320
13322
13323
13324
13343
13344
13345
13369
13372
13943
13944
13946
13947
13970
13971
13972
13973
13974
13975
13997
13998
13999
14000
14001
14022
14023
14025
14026
14027
14046
14047
14048
14074
14649
14675
14676
14677
14700
14701
14702
14703
14704
14724
14725
14727
14728
14729
14749
14750
14751
15378
15379
15405
15406
15407
16108
16109
16135
