26
52
79
104
105
106
130
131
132
133
156
157
158
159
182
183
184
185
781
782
783
806
807
808
809
832
833
834
835
836
858
859
860
861
862
863
884
885
886
887
888
889
890
911
912
913
914
915
916
917
937
938
939
940
941
1456
1458
1482
1483
1484
1485
1486
1487
1508
1509
1510
1511
1512
1534
1535
1536
1537
1538
1539
1561
1562
1563
1564
1565
1566
1567
1587
1588
1589
1590
1591
1592
1593
1613
1614
1615
1616
1617
1618
1619
2158
2161
2184
2186
2187
2188
2210
2211
2212
2213
2214
2215
2237
2238
2239
2240
2241
2242
2243
2263
2264
2265
2266
2267
2268
2269
2270
2289
2290
2291
2292
2293
2294
2295
2315
2317
2318
2320
2834
2860
2863
2864
2865
2886
2887
2888
2890
2891
2912
2913
2914
2915
2917
2939
2940
2941
2942
2943
2944
2945
2965
2966
2967
2968
2969
2970
2971
2972
2973
2991
2992
2995
2996
2997
2998
2999
3022
3023
3024
3510
3536
3562
3565
3566
3567
3568
3592
3593
3594
3616
3617
3618
3620
3621
3622
3640
3641
3642
3643
3644
3646
3648
3666
3667
3668
3669
3670
3671
3672
3673
3674
3675
3676
3698
3699
3700
3701
3702
3725
3726
4186
4242
4267
4268
4270
4271
4292
4295
4296
4297
4298
4317
4318
4319
4320
4321
4322
4323
4324
4325
4342
4343
4344
4345
4346
4347
4348
4349
4350
4351
4352
4375
4376
4377
4378
4379
4402
4403
4970
4971
4993
4994
4995
4996
4997
4999
5000
5001
5018
5019
5020
5021
5022
5023
5024
5025
5026
5027
5028
5050
5051
5052
5053
5054
5055
5079
5080
5669
5672
5674
5675
5676
5695
5696
5697
5698
5699
5700
5701
5702
5703
5705
5721
5722
5723
5726
5727
5729
5733
5755
5756
5757
5758
5759
6326
6346
6347
6348
6350
6351
6353
6354
6371
6372
6373
6374
6375
6376
6377
6379
6385
6386
6387
6397
6398
6399
6401
6402
6405
6406
6407
6409
6410
6411
6412
6413
6432
6433
6436
6461
6462
6998
6999
7021
7024
7025
7026
7028
7029
7030
7047
7048
7049
7050
7051
7052
7053
7054
7059
7062
7063
7073
7074
7075
7076
7077
7078
7079
7080
7082
7083
7084
7085
7086
7087
7088
7089
7090
7109
7110
7111
7112
7113
7114
7115
7116
7670
7673
7696
7697
7698
7699
7700
7701
7722
7723
7724
7725
7726
7727
7728
7730
7732
7734
7749
7750
7751
7752
7753
7755
7756
7758
7759
7760
7761
7762
7763
7764
7765
7779
7785
7786
7787
7789
7790
7791
8349
8373
8374
8375
8376
8377
8399
8400
8425
8426
8437
8454
8489
