78
107
131
134
160
187
809
810
835
836
858
861
862
863
885
886
887
888
889
890
911
912
913
914
915
916
917
937
938
939
940
1509
1512
1513
1535
1536
1537
1538
1539
1561
1562
1563
1564
1565
1566
1567
1587
1588
1589
1590
1591
1592
1593
1613
1614
1615
1616
1617
1618
1619
1640
1641
2112
2138
2139
2211
2213
2214
2215
2216
2236
2237
2238
2239
2240
2241
2242
2243
2263
2264
2265
2266
2267
2268
2269
2290
2291
2292
2293
2294
2295
2316
2317
2320
2813
2840
2841
2842
2887
2888
2913
2914
2915
2916
2917
2918
2919
2938
2939
2940
2941
2942
2943
2944
2945
2946
2965
2966
2967
2968
2969
2970
2971
2972
2992
2993
2995
2996
2997
2998
2999
3023
3024
3488
3512
3514
3515
3516
3517
3537
3538
3539
3541
3542
3543
3544
3563
3564
3565
3571
3589
3590
3591
3592
3594
3595
3615
3616
3617
3618
3619
3620
3621
3622
3641
3642
3643
3644
3646
3647
3648
3649
3668
3669
3670
3671
3673
3674
3675
3676
3698
3699
3700
3701
3702
3725
3726
3727
4161
4164
4187
4188
4190
4191
4192
4193
4213
4214
4218
4219
4220
4221
4239
4240
4241
4245
4246
4248
4265
4266
4267
4292
4293
4294
4295
4296
4297
4317
4318
4319
4320
4321
4322
4323
4324
4325
4344
4345
4346
4348
4349
4350
4351
4352
4374
4375
4376
4377
4378
4403
4404
4864
4867
4889
4890
4894
4895
4896
4915
4916
4919
4921
4922
4941
4942
4943
4945
4968
4971
4972
4973
4993
4994
4995
4996
4997
4998
4999
5000
5020
5021
5024
5025
5026
5027
5028
5052
5053
5054
5055
5079
5080
5081
5569
5570
5571
5596
5597
5598
5599
5620
5621
5622
5624
5625
5626
5644
5645
5647
5648
5649
5669
5670
5671
5672
5673
5674
5675
5676
5696
5697
5698
5699
5701
5702
5728
5729
5730
5754
5755
5756
5757
6246
6272
6273
6274
6297
6298
6299
6300
6301
6302
6320
6321
6322
6326
6327
6328
6329
6346
6347
6348
6349
6350
6351
6354
6355
6356
6372
6373
6374
6375
6376
6377
6379
6380
6383
6384
6386
6400
6412
6433
6948
6949
6950
6951
6974
6975
6976
6977
6978
6996
6997
7001
7002
7022
7023
7027
7028
7029
7030
7031
7032
7033
7048
7049
7050
7052
7054
7055
7056
7057
7058
7059
7060
7061
7062
7063
7075
7076
7077
7079
7080
7081
7082
7084
7085
7086
7087
7088
7089
7110
7111
7112
7113
7623
7624
7649
7650
7651
7652
7673
7674
7675
7676
7677
7678
7679
7680
7700
7701
7702
7703
7704
7705
7706
7708
7731
7732
7733
7734
7735
7736
7737
7757
7759
7760
7761
7762
7763
7764
7765
7766
7780
7782
7784
7785
7786
7787
7788
7789
7790
7812
7813
8326
8327
8349
8350
8351
8352
8353
8354
8355
8375
8376
8377
8378
8381
8382
8383
8408
8409
8410
8411
8412
8413
8435
8436
8437
8438
8439
8440
8461
8462
8464
8465
8466
8491
9028
9029
9115
9139
9141
