676
702
1352
1378
4160
4836
5538
5564
6240
6266
6968
7670
8346
8373
9024
9050
9076
9726
9727
9752
9753
9754
9778
9779
9806
10428
10429
10455
10456
11131
11157
11158
11159
11185
11215
11216
11833
11834
11860
11861
11887
11888
11889
11892
11893
11919
12535
12536
12537
12563
12564
12565
12566
12590
12591
12592
12595
12596
12621
12622
13238
13239
13240
13265
13266
13267
13268
13269
13293
13294
13295
13296
13298
13299
13300
13321
13322
13326
13941
13942
13943
13969
13970
13971
13972
13996
13997
13998
13999
14000
14002
14003
14024
14025
14673
14674
14675
14676
14700
14701
14702
15377
15378
15404
15405
16108
