0
676
702
1378
4862
5538
5593
6268
6269
6295
6296
6323
6942
6968
6970
6971
6972
6973
6997
6998
6999
7000
7025
7026
7028
7620
7644
7647
7648
7670
7671
7673
7674
7675
7699
7700
7701
7702
7703
7704
7727
7728
7729
7730
7731
8346
8347
8349
8350
8351
8352
8372
8374
8375
8376
8377
8378
8379
8403
8404
8405
8406
8407
8431
8432
9024
9025
9048
9049
9050
9051
9052
9053
9054
9077
9078
9079
9080
9081
9082
9105
9106
9107
9108
9109
9135
9136
9724
9725
9726
9727
9728
9729
9750
9751
9752
9753
9754
9755
9756
9779
9780
9781
9782
9783
9784
9807
9808
9809
9810
9811
10400
10401
10426
10427
10428
10429
10430
10431
10453
10454
10455
10456
10457
10458
10459
10482
10483
10484
10485
10486
10487
10511
10513
10514
10542
11103
11104
11129
11130
11131
11132
11133
11156
11157
11158
11159
11160
11161
11184
11185
11186
11187
11188
11189
11190
11191
11215
11216
11217
11806
11807
11832
11833
11834
11836
11860
11861
11862
11863
11864
11887
11888
11889
11890
11891
11892
11893
12510
12536
12537
12538
12563
12564
12565
12566
12590
12591
12592
13266
13267
13268
13326
13327
13353
14000
14001
14002
14027
14028
14029
14676
14703
14704
14705
14706
14731
14732
14733
14758
14759
14760
15380
15405
15406
15407
15408
15409
15433
15434
15435
15436
15462
16082
16083
16084
16109
16110
16111
16112
16136
16137
16138
16812
16813
16814
16815
16840
16841
16842
17488
17516
