2756
3432
4160
4810
4836
4862
4888
5538
5564
5565
5622
6215
6240
6241
6242
6266
6269
6270
6293
6297
6299
6325
6327
6385
6386
6412
6413
6916
6942
6943
6944
6945
6946
6968
6969
6970
6971
6972
6997
6998
6999
7000
7001
7024
7026
7028
7029
7032
7057
7058
7060
7061
7062
7063
7064
7085
7086
7087
7088
7089
7090
7115
7621
7645
7646
7647
7648
7649
7670
7671
7672
7673
7674
7675
7697
7698
7699
7700
7701
7702
7703
7704
7705
7706
7729
7730
7731
7732
7733
7734
7736
7737
7759
7760
7761
7762
7763
7764
7765
7789
8323
8347
8348
8349
8350
8373
8374
8375
8376
8377
8378
8379
8380
8401
8403
8404
8405
8406
8407
8408
8410
8433
8434
8435
8436
8437
8438
8464
9025
9026
9029
9049
9050
9051
9052
9053
9054
9076
9077
9078
9079
9080
9081
9082
9083
9106
9107
9109
9110
9111
9726
9727
9728
9752
9753
9754
9755
9756
9757
9778
9780
9781
9782
9783
9784
9785
9806
9807
9809
9810
10402
10428
10430
10431
10455
10456
10457
10458
10459
10460
10481
10482
10483
10484
10485
10486
10487
10488
10489
10508
10509
10512
10513
10514
10515
10516
10517
10535
10544
11105
11130
11132
11133
11134
11157
11158
11159
11160
11161
11162
11163
11164
11184
11185
11186
11187
11188
11189
11190
11192
11211
11212
11218
11243
11247
11807
11808
11833
11834
11835
11836
11837
11838
11839
11859
11860
11861
11862
11863
11864
11865
11866
11887
11888
11889
11890
11891
11892
11894
11895
11912
11913
11914
11915
11940
12511
12536
12537
12538
12562
12563
12564
12565
12566
12567
12569
12589
12590
12591
12592
12593
12594
12595
12615
12616
12617
12618
12619
13213
13239
13240
13241
13242
13266
13267
13268
13269
13270
13271
13292
13293
13294
13295
13296
13297
13298
13299
13318
13319
13320
13321
13322
13323
13324
13325
13942
13943
13944
13969
13970
13971
13972
13973
13974
13975
13996
13997
13998
13999
14000
14001
14025
14026
14648
14674
14675
14676
14677
14701
14702
14703
14704
14729
14730
15377
15403
15404
15405
15406
15407
16081
16082
16084
16106
16107
16108
16110
16783
16785
16809
16810
16811
17486
17513
17514
