104
105
130
156
183
780
783
806
807
808
809
832
833
835
858
859
860
886
1456
1457
1458
1482
1483
1484
1485
1508
1509
1510
1511
1512
1534
1535
1536
1560
1561
1562
2132
2133
2134
2158
2159
2160
2161
2184
2185
2186
2187
2188
2189
2191
2210
2211
2212
2213
2214
2215
2237
2238
2239
2241
2263
2264
2265
2266
2782
2808
2809
2834
2835
2836
2837
2860
2861
2862
2863
2886
2887
2888
2889
2890
2891
2913
2914
2915
2939
2940
2941
2942
2943
2944
2966
2967
2968
2970
2993
3458
3484
3510
3511
3536
3537
3538
3540
3562
3563
3564
3565
3567
3589
3590
3593
3615
3616
3617
3620
3621
3642
3643
3647
3667
3668
4160
4186
4187
4212
4213
4214
4239
4240
4242
4266
4267
4268
4269
4270
4271
4273
4291
4292
4293
4294
4295
4296
4297
4298
4317
4318
4319
4320
4321
4322
4323
4324
4325
4342
4343
4344
4349
4350
4351
4352
4368
4369
4377
4378
4862
4863
4889
4890
4891
4915
4916
4917
4918
4919
4920
4921
4942
4943
4944
4945
4946
4947
4967
4968
4969
4970
4971
4972
4973
4974
4993
4995
4996
4997
4998
4999
5000
5001
5002
5018
5019
5020
5021
5022
5023
5024
5025
5026
5027
5028
5045
5046
5051
5052
5053
5054
5055
5080
5539
5565
5566
5567
5591
5592
5593
5594
5595
5617
5618
5619
5620
5621
5622
5623
5625
5643
5644
5645
5646
5647
5648
5649
5650
5651
5668
5669
5670
5671
5672
5673
5674
5675
5676
5677
5694
5695
5696
5697
5698
5699
5700
5701
5702
5703
5721
5722
5723
5728
5729
5730
5731
5733
5747
5748
5757
6242
6268
6269
6293
6294
6295
6296
6297
6300
6319
6320
6321
6322
6323
6324
6326
6345
6346
6347
6348
6349
6350
6351
6352
6354
6371
6372
6373
6374
6375
6376
6377
6378
6379
6380
6381
6382
6384
6385
6397
6398
6399
6400
6403
6404
6405
6406
6407
6408
6409
6410
6411
6412
6413
6423
6424
6430
6431
6432
6433
6434
6436
6449
6450
6945
6969
6970
6971
6972
6973
6994
6996
6997
6998
6999
7021
7023
7024
7025
7026
7027
7046
7047
7048
7049
7050
7051
7052
7054
7055
7056
7061
7062
7063
7073
7075
7076
7078
7080
7081
7083
7084
7085
7086
7087
7088
7089
7090
7099
7100
7102
7108
7109
7110
7111
7112
7113
7114
7115
7126
7137
7152
7153
7649
7670
7673
7674
7675
7696
7700
7701
7702
7722
7723
7724
7725
7727
7728
7731
7732
7733
7734
7735
7737
7750
7751
7758
7759
7760
7761
7762
7763
7764
7765
7775
7776
7784
7785
7786
7787
7788
7789
7801
7802
7812
7828
7829
8399
8400
8425
8426
8434
8435
8436
8437
8438
8439
8440
8452
8460
8462
8464
8465
8478
8504
8505
8517
8530
8531
9102
9153
9154
9180
9181
9206
9207
9232
9233
9234
9831
9856
9857
9882
9883
9909
9910
9936
10485
10486
10510
10511
10532
10558
10559
10585
10586
10587
10611
10612
10638
11163
11187
11188
11189
11190
11237
11238
11260
11261
11287
11288
11289
11314
11315
11865
11891
11937
11963
11964
11965
11990
11991
12016
12593
12594
12617
12639
12640
12666
12667
12668
12693
12694
13297
13316
13322
13342
13343
13345
13369
13370
13372
13396
13397
13997
13998
13999
14000
14018
14019
14021
14022
14023
14024
14025
14045
14046
14047
14048
14049
14072
14073
14074
14675
14676
14698
14699
14700
14701
14702
14703
14722
14723
14724
14725
14726
14751
14752
15404
15405
