755
756
1431
1432
1434
1435
1436
1458
1462
2108
2109
2111
2112
2134
2135
2136
2137
2138
2139
2160
2161
2162
2163
2164
2165
2166
2786
2810
2811
2812
2813
2814
2815
2836
2837
2838
2839
2840
2841
2842
2843
2864
2866
2867
2868
3488
3489
3514
3515
3516
3517
3541
3542
3543
3544
3545
3569
3571
4218
4219
4220
4247
4248
4274
4922
5655
6356
6357
6358
6382
6383
6384
6385
6386
6387
6412
6413
7032
7058
7059
7060
7061
7062
7063
7086
7087
7088
7089
7090
7114
7115
7116
7761
7762
7763
7764
7765
7766
7789
7790
7791
7792
8438
8439
8465
8466
8467
8491
8493
8494
9168
9169
