26
52
53
132
158
159
185
702
728
729
730
755
756
782
808
809
834
835
861
862
888
1405
1406
1431
1432
1433
1457
1458
1459
1484
1485
1486
1510
1511
1512
1535
1536
1537
1538
1539
1562
1563
1564
1565
1590
1591
1592
2108
2109
2134
2135
2160
2161
2186
2187
2188
2189
2211
2212
2213
2214
2215
2238
2240
2241
2242
2264
2265
2266
2267
2268
2269
2811
2812
2813
2836
2837
2838
2839
2860
2862
2864
2865
2887
2888
2889
2890
2891
2914
2918
2940
2969
2970
3487
3488
3489
3513
3514
3515
3538
3539
3540
3541
3564
3565
3567
3591
3616
3617
4188
4189
4215
4216
4217
4241
4243
4244
4266
4267
4293
4324
4864
4865
4891
4917
4920
4943
4946
4947
4969
4995
5593
5620
5623
5624
5645
5649
7029
10704
11380
12083
12839
13383
13409
13489
13514
14085
14086
14112
14188
14762
14788
14789
14815
15491
