132
156
157
182
183
209
809
832
833
834
835
858
859
860
861
862
885
886
887
888
889
911
912
913
914
915
916
938
939
940
942
1352
1484
1509
1510
1511
1512
1534
1535
1536
1537
1538
1560
1561
1562
1563
1564
1565
1566
1587
1588
1589
1590
1591
1592
1613
1614
1615
1616
1617
1618
2158
2162
2185
2186
2187
2188
2211
2212
2213
2214
2215
2236
2237
2238
2239
2240
2241
2242
2263
2264
2265
2266
2267
2268
2269
2289
2290
2291
2292
2782
2808
2811
2812
2813
2834
2837
2838
2839
2840
2841
2842
2861
2862
2863
2864
2865
2887
2888
2889
2890
2891
2912
2913
2914
2915
2916
2917
2918
2939
2940
2941
2942
2943
2944
2964
2965
2966
2967
2969
2992
2995
3022
3458
3459
3484
3485
3486
3487
3488
3489
3510
3511
3512
3513
3514
3515
3516
3518
3536
3537
3538
3539
3540
3541
3544
3563
3564
3565
3566
3567
3568
3588
3589
3590
3591
3592
3593
3615
3616
3617
3618
3619
3620
3641
3642
3643
3646
3667
3668
3669
3697
3698
4134
4160
4161
4162
4163
4164
4186
4187
4188
4189
4190
4191
4213
4214
4215
4216
4217
4218
4219
4239
4240
4242
4243
4264
4265
4266
4267
4268
4270
4291
4292
4293
4294
4295
4317
4318
4319
4343
4344
4372
4375
4402
4837
4838
4839
4840
4862
4863
4864
4865
4866
4867
4889
4890
4891
4892
4893
4894
4895
4915
4916
4917
4918
4919
4920
4921
4922
4941
4942
4943
4944
4945
4946
4948
4968
4969
4971
4993
4994
4995
5019
5020
5021
5046
5539
5540
5541
5542
5564
5565
5566
5567
5568
5569
5590
5591
5592
5593
5594
5595
5596
5597
5598
5616
5617
5618
5619
5620
5621
5622
5623
5624
5625
5643
5644
5645
5646
5647
5648
5649
5652
5668
5669
5670
5671
5672
5673
5675
5695
5696
5697
5698
6240
6241
6242
6243
6266
6267
6268
6269
6270
6271
6272
6292
6293
6294
6295
6296
6297
6298
6299
6300
6301
6319
6320
6321
6322
6323
6324
6325
6326
6327
6328
6329
6345
6346
6347
6348
6349
6350
6351
6352
6353
6355
6370
6371
6372
6373
6374
6375
6376
6397
6398
6411
6412
6413
6918
6920
6942
6943
6944
6945
6946
6947
6968
6969
6970
6971
6972
6974
6975
6995
6996
6997
6998
6999
7000
7001
7002
7003
7004
7005
7021
7022
7023
7024
7025
7026
7027
7028
7029
7030
7031
7032
7047
7048
7049
7050
7051
7052
7053
7054
7058
7059
7060
7061
7062
7063
7073
7074
7076
7084
7085
7086
7087
7088
7089
7090
7115
7645
7646
7670
7671
7672
7673
7674
7675
7676
7679
7696
7697
7698
7699
7700
7701
7702
7703
7704
7705
7706
7707
7722
7723
7724
7725
7726
7727
7728
7729
7730
7731
7732
7733
7734
7735
7736
7737
7749
7750
7751
7753
7756
7757
7758
7759
7760
7761
7762
7763
7764
7765
7786
7787
7788
8322
8347
8348
8349
8372
8373
8374
8375
8376
8377
8378
8399
8400
8402
8405
8426
8427
8435
8436
8437
8439
8462
8463
8464
8466
9049
9076
9077
9078
9102
9103
9111
9112
9139
9140
9141
9754
9781
9816
10678
11380
11407
11408
11434
12054
12082
12107
12111
12676
12784
12786
12810
12813
13351
13381
13433
14003
14004
14028
14054
14083
14108
14109
14113
14166
14707
14727
14731
14732
14735
14736
14758
14759
14762
14763
14784
14786
14810
15381
15405
15406
15409
15410
15430
15431
15432
15433
15434
15435
15436
15458
15459
15462
16084
16086
16109
16110
16111
16113
16138
16139
16165
16192
16815
16835
16840
17513
17540
17542
