78
132
808
810
836
858
859
862
884
885
886
887
888
911
912
938
939
1482
1484
1509
1511
1512
1535
1537
1538
1560
1561
1562
1563
1565
1566
1587
1588
1589
1614
1615
2160
2161
2185
2186
2187
2188
2211
2212
2213
2214
2215
2236
2237
2238
2239
2240
2241
2242
2263
2264
2265
2266
2267
2268
2269
2289
2290
2291
2292
2293
2861
2862
2863
2887
2888
2889
2890
2914
2915
2916
2918
2939
2940
2941
2942
2943
2944
2945
2964
2965
2966
2967
2968
2969
2970
2971
2993
2994
2995
2997
3484
3512
3513
3538
3539
3562
3563
3564
3565
3566
3589
3590
3591
3592
3593
3594
3595
3614
3615
3616
3617
3618
3619
3620
3621
3622
3641
3642
3643
3644
3645
3646
3647
3648
3668
3669
3671
3672
3673
3674
3675
3676
3699
3700
3701
3702
4160
4161
4162
4187
4188
4212
4213
4214
4215
4239
4240
4241
4242
4265
4266
4267
4268
4269
4270
4271
4291
4292
4293
4294
4295
4296
4297
4298
4316
4317
4318
4319
4320
4321
4322
4323
4324
4325
4343
4344
4345
4346
4347
4348
4349
4350
4351
4352
4374
4375
4376
4377
4378
4402
4403
4862
4863
4864
4865
4888
4889
4890
4891
4914
4915
4916
4917
4918
4919
4920
4921
4941
4942
4943
4944
4945
4946
4947
4967
4968
4969
4970
4971
4972
4973
4993
4994
4995
4996
4997
4998
4999
5000
5001
5019
5020
5021
5022
5023
5024
5025
5026
5027
5028
5049
5050
5051
5052
5053
5054
5078
5079
5105
5540
5541
5565
5566
5567
5568
5590
5591
5592
5593
5594
5595
5596
5597
5617
5618
5619
5620
5621
5622
5623
5644
5645
5646
5647
5648
5649
5669
5670
5671
5672
5673
5674
5675
5676
5677
5695
5696
5697
5698
5699
5700
5701
5702
5703
5704
5724
5726
5727
5728
5729
5730
5756
5757
6242
6243
6244
6268
6269
6270
6271
6293
6294
6295
6296
6297
6319
6320
6321
6322
6323
6324
6345
6346
6347
6348
6349
6350
6351
6372
6373
6374
6375
6376
6377
6378
6379
6398
6401
6402
6403
6404
6405
6406
6428
6429
6430
6432
6945
6946
6947
6968
6969
6970
6971
6972
6973
6974
6995
6996
6997
6998
6999
7000
7021
7022
7023
7024
7025
7027
7047
7048
7049
7050
7051
7052
7074
7075
7076
7077
7079
7082
7648
7649
7650
7673
7674
7675
7676
7698
7699
7700
7701
7724
7725
7726
7727
7751
7752
7756
8379
8401
8402
8429
14732
14733
15409
15436
16112
16138
16815
