54
56
731
732
755
756
757
758
760
783
1430
1431
1432
1433
1434
1456
1457
1458
1459
1460
1461
1462
1484
1485
2107
2108
2132
2133
2134
2135
2137
2159
2160
2161
2162
2163
2164
2165
2186
2808
2809
2810
2813
2834
2835
2836
2837
2862
2863
2864
2865
2867
2889
2894
3512
3513
3514
3515
3517
3537
3538
3539
3540
3541
3542
3544
3564
3565
3566
3567
4214
4215
4216
4217
4218
4219
4240
4241
4242
4266
4267
4268
4893
4916
4917
4918
4942
4943
4944
4970
5646
5648
5679
6356
6381
6383
6384
6385
6386
6387
6411
6412
6413
7001
7027
7057
7058
7059
7060
7061
7062
7063
7085
7086
7087
7088
7089
7090
7113
7114
7115
7701
7703
7730
7731
7732
7733
7734
7735
7736
7760
7761
7762
7763
7764
7765
7788
7789
7790
7791
7792
7816
8378
8403
8404
8405
8406
8407
8408
8434
8435
8436
8437
8464
8465
8466
8467
8491
8492
9078
9079
9080
9082
9108
9109
9110
9138
9140
9167
9169
9194
9755
9780
9781
9782
9783
9784
9896
10456
10457
10458
10459
10483
10484
10485
10486
11133
11158
11159
11160
11185
11186
11187
11835
11836
11861
11862
11888
12538
12563
12564
12565
12590
12591
13240
13241
13266
13267
13268
13292
13293
13294
13319
13320
13970
13996
13997
