52
53
78
79
104
105
106
107
130
131
132
133
156
157
158
159
160
182
183
184
185
186
208
212
780
782
783
806
807
808
809
832
833
834
835
836
858
859
860
861
862
884
885
886
887
888
889
890
911
912
913
914
915
916
917
937
938
939
940
1456
1483
1484
1485
1509
1510
1511
1512
1513
1534
1535
1536
1537
1538
1539
1560
1561
1562
1563
1564
1565
1566
1567
1587
1588
1589
1590
1591
1592
1593
1613
1614
1615
1616
1617
1618
1619
1640
2159
2160
2161
2184
2185
2186
2187
2188
2189
2210
2211
2212
2213
2214
2215
2237
2238
2239
2240
2241
2242
2243
2262
2263
2264
2265
2266
2267
2268
2269
2289
2290
2291
2292
2293
2294
2295
2296
2316
2834
2835
2860
2861
2862
2864
2886
2887
2888
2889
2890
2891
2912
2913
2914
2915
2916
2917
2918
2919
2939
2940
2941
2942
2943
2944
2945
2965
2966
2967
2968
2969
2971
2972
2973
2992
2993
2995
2996
2997
2998
2999
3537
3564
3567
3589
3590
3591
3594
3615
3616
3617
3618
3619
3620
3621
3642
3643
3644
3645
3646
3647
3648
3649
3670
3671
3672
3673
3674
3675
3676
3698
3699
3700
3701
3702
3726
4187
4212
4213
4214
4239
4240
4241
4265
4266
4267
4270
4291
4292
4296
4297
4321
4322
4323
4324
4325
4347
4348
4349
4350
4351
4352
4375
4376
4377
4378
4379
4401
4402
4403
4863
4889
4890
4915
4916
4941
4942
4943
4967
4968
4969
4999
5000
5001
5022
5025
5026
5027
5028
5051
5052
5053
5054
5055
5079
5080
5617
5618
5644
5676
5700
5701
5702
5703
5704
5728
5729
5730
5731
5754
5755
5756
5757
5782
6377
6379
6405
6406
6431
6432
6433
