0
26
52
79
80
105
106
132
133
676
702
728
729
731
754
755
756
757
758
759
781
782
783
808
809
810
834
835
860
861
886
1404
1405
1430
1431
1432
1434
1457
1458
1459
1460
1483
1484
1485
1486
1510
1511
1512
1513
1536
1537
1538
1562
1563
1564
2081
2106
2107
2108
2109
2132
2133
2134
2135
2136
2159
2160
2161
2162
2164
2165
2186
2187
2188
2189
2212
2213
2214
2215
2239
2241
2783
2784
2786
2808
2809
2810
2811
2812
2835
2836
2837
2838
2862
2863
2864
2865
2866
2888
2889
2890
2891
2917
2918
2945
3486
3487
3488
3511
3512
3513
3514
3538
3539
3540
3541
3564
3565
3566
3567
3569
3591
3592
3594
3620
3621
3622
3646
3647
3648
3673
3674
3675
3701
4189
4214
4215
4216
4217
4240
4241
4242
4243
4266
4267
4268
4295
4296
4297
4298
4322
4323
4324
4325
4350
4351
4352
4377
4378
4916
4917
4918
4919
4942
4943
4944
4945
4946
4973
4974
4998
4999
5000
5001
5025
5026
5027
5028
5052
5053
5054
5079
5080
5619
5620
5647
5648
5649
5677
5680
5701
5702
5703
5704
5729
5730
5731
5756
6323
6351
6352
6378
6379
6380
6382
6385
6386
6405
6406
6407
6412
6431
6433
7028
7053
7054
7061
7062
7081
7082
7083
7086
7087
7088
7089
7115
7762
7763
7765
7788
7789
7790
8491
8492
9168
13383
14084
14085
14086
14111
14112
14761
14786
14787
14788
15462
15492
