0
2
26
27
52
676
702
1352
1378
1435
2054
2140
2161
2870
3487
3512
3543
3545
3590
3616
4248
4276
4836
4892
4922
4950
4995
5021
5022
5048
5616
5653
5671
5673
5674
5697
5698
5700
5701
5722
5723
5724
5725
5727
5750
5751
6240
6325
6326
6350
6353
6358
6373
6374
6375
6376
6377
6378
6379
6384
6385
6386
6399
6400
6403
6405
6406
6411
6412
6413
6426
6427
6452
6453
6942
6968
6996
7000
7001
7025
7026
7027
7028
7029
7030
7049
7050
7051
7052
7053
7056
7058
7060
7061
7062
7063
7076
7078
7081
7082
7083
7084
7085
7086
7087
7088
7089
7090
7102
7110
7111
7115
7128
7129
7130
7647
7671
7672
7673
7674
7699
7700
7701
7702
7703
7704
7705
7725
7726
7727
7728
7729
7730
7731
7732
7733
7734
7735
7736
7751
7752
7753
7754
7755
7756
7757
7758
7759
7760
7761
7762
7763
7764
7765
7779
7787
7789
7790
7791
7792
7805
7809
7830
7831
7832
8349
8375
8376
8377
8378
8379
8400
8401
8402
8403
8404
8405
8406
8407
8409
8427
8428
8429
8430
8431
8432
8433
8434
8435
8436
8437
8438
8439
8454
8455
8462
8463
8464
8465
8481
8507
8508
8509
8533
8534
9051
9052
9054
9077
9078
9079
9080
9081
9104
9105
9106
9107
9108
9112
9130
9131
9135
9138
9156
9157
9183
9184
9188
9209
9210
9211
9754
9755
9756
9780
9781
9782
9783
9806
9807
9808
9831
9833
9834
9859
9860
9885
9886
9887
9912
9913
9939
10456
10457
10458
10459
10482
10483
10484
10485
10509
10510
10511
10534
10535
10536
10561
10562
10563
10567
10614
10615
11158
11159
11184
11185
11186
11188
11211
11212
11213
11237
11238
11239
11240
11264
11265
11293
11296
11317
11835
11836
11861
11862
11864
11887
11888
11889
11890
11891
11914
11915
11916
11917
11920
11939
11940
11941
11966
11967
11968
11993
11994
12538
12564
12565
12567
12590
12591
12592
12593
12594
12595
12596
12616
12617
12618
12619
12620
12621
12622
12623
12642
12643
12644
12669
12672
12675
12696
13240
13267
13268
13269
13270
13272
13292
13293
13294
13295
13296
13297
13298
13299
13300
13318
13319
13320
13321
13322
13323
13324
13325
13345
13346
13351
13372
13373
13374
13943
13944
13969
13970
13971
13972
13973
13974
13995
13996
13997
13998
13999
14000
14021
14022
14023
14024
14025
14026
14028
14029
14674
14675
14676
14700
14701
14702
14727
14728
15377
15378
15379
15404
15405
16109
