106
132
133
160
185
212
783
809
835
836
860
861
862
885
886
887
888
889
890
910
911
912
913
914
915
916
938
939
940
941
1485
1511
1512
1534
1535
1536
1537
1538
1539
1540
1561
1562
1563
1564
1565
1566
1567
1587
1588
1589
1590
1591
1592
1593
1614
1615
1616
1617
1618
1619
2186
2187
2211
2212
2213
2214
2215
2216
2237
2238
2239
2240
2241
2242
2243
2263
2264
2265
2266
2267
2268
2269
2290
2291
2292
2293
2294
2295
2296
2321
2322
2862
2863
2864
2887
2888
2889
2891
2913
2914
2915
2916
2917
2918
2919
2940
2941
2942
2943
2944
2945
2946
2967
2968
2969
2970
2971
2972
2973
2993
2995
2996
2997
2998
2999
3024
3538
3539
3564
3565
3566
3590
3591
3592
3595
3616
3617
3618
3619
3620
3621
3643
3644
3645
3646
3647
3648
3649
3670
3671
3672
3673
3674
3675
3676
3698
3699
3700
3701
3702
3726
4215
4216
4240
4241
4242
4266
4267
4268
4322
4323
4324
4325
4347
4348
4349
4350
4351
4352
4375
4376
4377
4378
4379
4402
4403
4404
4405
4891
4892
4917
4918
4943
4944
4998
4999
5000
5001
5025
5026
5027
5028
5052
5053
5054
5055
5078
5079
5080
5081
5082
5106
5648
5701
5702
5703
5729
5730
5756
5757
5782
6351
6378
6407
6459
7055
