54
56
79
80
81
82
83
105
107
131
132
133
156
157
158
159
182
183
184
185
208
210
728
731
732
755
756
757
758
759
781
782
783
784
785
807
808
809
810
811
832
833
834
835
836
858
859
860
861
862
863
884
885
886
887
888
889
890
910
911
912
913
914
915
916
937
938
939
940
941
1404
1431
1432
1433
1457
1458
1459
1460
1461
1462
1483
1484
1485
1486
1487
1488
1508
1509
1510
1511
1512
1513
1514
1534
1535
1536
1537
1538
1539
1540
1560
1561
1562
1563
1564
1565
1566
1587
1588
1589
1590
1591
1592
1613
1614
1615
1616
1617
1639
1640
2107
2108
2132
2133
2134
2135
2136
2137
2159
2160
2161
2162
2163
2164
2165
2185
2186
2187
2188
2189
2190
2191
2211
2212
2213
2214
2215
2216
2217
2237
2238
2239
2240
2241
2242
2263
2264
2265
2266
2267
2268
2288
2289
2290
2291
2292
2315
2316
2318
2808
2809
2810
2811
2835
2836
2837
2838
2840
2861
2862
2863
2864
2865
2866
2867
2888
2889
2890
2891
2894
2913
2914
2915
2916
2917
2918
2919
2939
2940
2942
2944
2965
2966
2967
2970
2971
2991
2992
2993
2996
3023
3024
3487
3511
3512
3513
3514
3538
3539
3540
3541
3563
3564
3565
3567
3568
3571
3590
3591
3593
3594
3596
3620
3642
3646
3647
3648
3668
3669
3672
3674
3675
3676
3695
3698
3699
3700
3701
3702
3726
4213
4214
4216
4217
4218
4219
4239
4240
4241
4242
4243
4244
4266
4267
4271
4319
4320
4323
4324
4349
4350
4351
4352
4375
4376
4377
4378
4401
4403
4863
4889
4890
4891
4892
4893
4895
4915
4916
4919
4921
4922
4942
4943
4944
4977
5000
5005
5026
5027
5029
5053
5054
5539
5565
5566
5592
5593
5595
5596
5618
5619
5646
5648
5680
5682
5699
5705
5707
5731
5732
6215
6216
6241
6321
6348
6349
6382
6383
6384
6385
6386
6387
6408
6409
6410
6411
6412
6413
6436
7025
7026
7053
7058
7059
7060
7061
7062
7063
7085
7086
7087
7088
7089
7090
7111
7112
7113
7114
7115
7137
7138
7622
7706
7736
7737
7761
7762
7763
7764
7765
7788
7789
7790
7791
7814
7815
7816
8404
8410
8435
8463
8464
8465
8466
8492
8493
8518
8519
9111
9112
9113
9195
12057
12733
12757
12758
12759
12760
13333
13381
13382
13408
13409
13435
13460
13461
14056
14057
14058
14082
14083
14084
14085
14109
14111
14112
14113
14732
14733
14760
14786
14788
15407
15408
15409
15436
15515
16111
16139
16787
