159
676
860
861
862
863
885
886
888
889
890
911
912
913
914
915
937
938
939
940
941
1405
1431
1457
1484
1509
1511
1535
1536
1537
1538
1539
1561
1562
1563
1564
1565
1566
1567
1587
1588
1589
1590
1591
1592
1593
1613
1614
1615
1616
1617
1618
1639
1640
2108
2134
2160
2161
2162
2185
2186
2187
2188
2211
2212
2213
2214
2215
2237
2238
2239
2240
2241
2242
2243
2264
2265
2266
2267
2268
2269
2270
2288
2289
2290
2291
2292
2293
2294
2295
2315
2316
2317
2785
2810
2811
2812
2836
2837
2838
2862
2863
2864
2865
2887
2888
2889
2890
2891
2913
2914
2915
2916
2917
2918
2940
2941
2942
2943
2944
2945
2967
2968
2969
2970
2971
2972
2992
2994
2997
2998
2999
3486
3487
3488
3512
3513
3514
3515
3537
3539
3540
3541
3564
3565
3566
3567
3590
3591
3592
3593
3594
3595
3617
3618
3619
3620
3645
3646
3647
3648
3671
3672
3673
3674
3675
3676
3697
3699
3700
3701
3702
4162
4163
4188
4189
4190
4191
4214
4215
4216
4217
4218
4240
4241
4242
4243
4266
4267
4268
4269
4270
4293
4294
4295
4296
4297
4321
4322
4323
4324
4348
4349
4350
4351
4352
4373
4375
4376
4377
4378
4379
4399
4402
4403
4865
4866
4890
4891
4892
4893
4894
4916
4917
4918
4919
4920
4942
4943
4944
4945
4946
4969
4971
4972
4973
4997
4998
4999
5000
5001
5025
5026
5027
5028
5051
5052
5053
5054
5078
5079
5080
5081
5592
5593
5594
5595
5596
5619
5620
5621
5622
5623
5647
5675
5676
5677
5699
5701
5702
5703
5704
5728
5729
5730
6300
6351
6378
6379
6380
6406
7028
7054
14059
14085
14761
15438
15465
15491
16168
