0
676
702
703
704
729
730
1378
1379
1380
1404
1405
1406
1407
1431
1432
1433
1588
2054
2080
2081
2082
2083
2107
2108
2109
2110
2134
2135
2136
2161
2186
2212
2238
2264
2757
2758
2783
2784
2785
2786
2809
2810
2811
2812
2813
2836
2837
2838
2862
2863
2864
2888
2889
2890
2914
2915
2916
2940
2941
3460
3461
3462
3486
3487
3488
3489
3512
3513
3514
3515
3516
3538
3539
3541
3564
3565
3566
3590
3591
3592
3593
3616
3617
3646
4162
4163
4164
4188
4189
4190
4191
4192
4214
4215
4216
4217
4218
4240
4241
4242
4266
4267
4268
4269
4292
4293
4866
4891
4892
4893
4894
4917
4918
4919
4942
4943
4944
4969
5026
5593
5594
5595
5596
5619
5620
5675
5676
6297
6327
6352
7003
13330
13356
13357
14031
14032
14033
14059
14060
14736
14762
14763
15438
15439
15464
15465
15466
16140
16142
16166
16167
16168
16169
16845
16872
