52
79
80
105
106
107
133
728
755
756
781
782
783
808
809
810
1404
1405
1430
1431
1432
1456
1457
1458
1459
1484
1485
1510
1511
1512
2107
2108
2109
2132
2133
2134
2135
2136
2159
2160
2161
2162
2185
2186
2187
2188
2212
2213
2214
2241
2782
2783
2784
2808
2809
2810
2811
2812
2834
2835
2836
2837
2838
2839
2860
2861
2862
2863
2864
2888
2889
2890
2916
3460
3461
3484
3485
3486
3487
3510
3511
3512
3513
3514
3515
3537
3538
3539
3540
3541
3542
3563
3564
3565
3567
3590
3591
3620
3621
3622
3648
3649
3674
3675
3676
3701
3702
4162
4163
4187
4188
4189
4190
4213
4214
4215
4218
4240
4241
4242
4243
4244
4265
4266
4267
4268
4323
4324
4325
4349
4350
4351
4352
4377
4378
4379
4864
4865
4890
4891
4892
4916
4917
4918
4921
4942
4943
4944
4948
4969
4972
4973
4997
4999
5000
5001
5026
5027
5028
5053
5054
5055
5593
5594
5618
5619
5620
5624
5650
5677
5700
5703
5704
5730
5731
6326
6327
6353
6354
6406
7029
7051
7055
7056
13381
13382
13407
13409
14058
14059
14084
14085
14086
14109
14111
14112
14136
14760
14761
14787
14813
15465
