78
79
104
105
107
130
131
132
133
156
157
158
159
182
754
755
780
781
782
806
807
808
809
810
832
833
834
835
836
858
859
860
861
885
886
887
888
911
912
913
914
937
938
939
1456
1457
1458
1482
1483
1484
1485
1508
1509
1510
1511
1512
1513
1534
1535
1536
1537
1538
1539
1560
1561
1562
1563
1564
1565
1587
1588
1589
1590
1591
1613
1614
1615
1639
2081
2106
2132
2158
2159
2160
2161
2184
2185
2186
2187
2188
2189
2210
2211
2212
2213
2214
2215
2216
2237
2238
2239
2240
2241
2263
2264
2265
2266
2267
2268
2289
2290
2291
2292
2293
2294
2320
2756
2757
2782
2808
2809
2834
2835
2836
2837
2860
2861
2862
2863
2864
2865
2887
2888
2889
2890
2891
2913
2914
2915
2916
2918
2938
2939
2940
2941
2942
2943
2944
2945
2946
2965
2966
2967
2968
2969
2970
2971
2972
2995
2996
2997
3023
3458
3459
3460
3461
3484
3485
3486
3487
3488
3510
3511
3512
3514
3536
3537
3538
3564
3566
3588
3589
3590
3591
3592
3593
3594
3595
3615
3616
3617
3618
3619
3620
3621
3622
3641
3642
3643
3644
3645
3646
3647
3648
3649
3669
3671
3672
3673
3674
3675
3676
3698
3699
3700
3701
3702
4134
4135
4136
4160
4161
4162
4163
4187
4188
4189
4190
4191
4214
4239
4240
4241
4265
4266
4267
4268
4269
4291
4292
4293
4294
4295
4297
4298
4317
4318
4319
4320
4321
4322
4323
4324
4325
4346
4347
4348
4349
4350
4351
4352
4374
4375
4376
4377
4378
4401
4402
4403
4837
4838
4862
4863
4864
4865
4889
4890
4891
4915
4916
4917
4941
4942
4943
4967
4968
4969
4970
4971
4993
4994
4995
4996
4997
4998
4999
5000
5001
5020
5021
5022
5023
5024
5025
5026
5027
5028
5050
5051
5052
5053
5054
5055
5077
5078
5079
5080
5565
5591
5592
5593
5594
5617
5618
5619
5644
5645
5669
5670
5671
5672
5674
5675
5676
5677
5696
5697
5698
5700
5701
5702
5703
5704
5726
5727
5728
5729
5730
5753
5754
5755
5756
6298
6321
6346
6347
6348
6374
6375
6377
6378
6379
6405
6406
6429
6430
6431
6432
7000
7051
7677
13326
13380
14030
14055
14056
14707
14732
14733
14734
14735
14758
14759
15408
15410
15411
15434
15435
15436
15439
15463
