28
29
55
57
81
730
731
755
756
757
758
759
760
781
783
1431
1432
1433
1434
1435
1456
1457
1458
1459
1460
1461
1483
1484
1485
1486
2108
2133
2134
2135
2136
2137
2159
2160
2161
2162
2163
2164
2186
2187
2784
2785
2809
2810
2811
2812
2835
2836
2837
2838
2840
2841
2861
2862
2863
2867
3486
3487
3488
3511
3512
3513
3514
3515
3537
3538
3539
3540
3564
3565
3566
3591
4164
4187
4189
4190
4191
4192
4214
4215
4216
4217
4218
4240
4241
4242
4266
4267
4268
4894
4916
4917
4918
4920
4921
4942
4943
4944
4946
4950
4977
5592
5593
5594
5596
5597
5619
5620
5621
5623
5624
5625
5626
5646
5679
5681
5706
6266
6267
6294
6295
6297
6298
6321
6322
6325
6326
6327
6355
6356
6357
6358
6382
6383
6384
6385
6386
6387
6408
6412
6413
6969
6970
6971
6972
7003
7029
7030
7032
7056
7059
7060
7061
7062
7063
7081
7085
7086
7087
7088
7089
7090
7111
7115
7709
7732
7733
7734
7735
7736
7737
7738
7759
7760
7761
7762
7763
7764
7765
7766
7788
7789
7790
7791
7792
8409
8411
8433
8435
8436
8437
8438
8439
8463
8465
8466
8467
8490
8491
8492
9085
9112
9113
9194
