1
2
26
27
28
29
30
55
57
58
676
677
702
703
704
705
706
707
729
730
731
732
733
734
758
759
760
761
1352
1378
1379
1380
1381
1404
1405
1406
1407
1408
1432
1433
1434
1435
1436
1437
1462
2054
2080
2081
2082
2083
2106
2107
2108
2109
2110
2111
2112
2113
2134
2135
2136
2137
2138
2139
2140
2163
2756
2757
2782
2783
2784
2785
2786
2787
2810
2811
2812
2813
2814
2838
2839
2840
2841
2842
3459
3460
3461
3462
3485
3486
3487
3488
3489
3510
3513
3514
3515
3516
3517
3518
3541
3542
3543
3544
4162
4163
4164
4188
4189
4190
4191
4192
4215
4216
4217
4218
4219
4220
4247
4864
4865
4866
4867
4868
4891
4892
4893
4894
4895
4919
4920
4921
4922
4923
4948
5568
5569
5570
5571
5594
5595
5596
5597
5598
5622
5623
5624
5625
5627
5652
5655
5709
6271
6272
6273
6297
6298
6299
6300
6324
6325
6326
6327
6330
6356
6357
6358
6359
6383
6384
6385
6386
6387
6411
6412
6413
6974
6975
6976
7000
7001
7002
7003
7027
7028
7030
7031
7033
7034
7058
7059
7060
7061
7062
7063
7086
7087
7088
7089
7090
7114
7115
7677
7703
7704
7705
7734
7735
7736
7737
7761
7762
7763
7764
7765
7789
7790
7791
7792
8380
8437
8438
8439
8440
8441
8464
8465
8466
8467
8468
8469
8492
8493
8494
9141
9167
9168
9169
9195
12626
12653
12654
13330
13997
14030
14031
14032
14033
14034
14059
14060
14698
14700
14707
14708
14730
14731
14733
14734
14735
14736
14737
14761
14762
14763
15397
15399
15402
15437
15438
15439
15440
15465
16075
16076
16077
16078
16141
16142
16167
16168
16748
16749
16806
16816
16844
16845
17486
17513
