0
1
26
106
132
676
677
702
703
809
1352
1378
1380
1404
1405
1432
1456
1482
1508
1509
2107
2108
2132
2133
2134
2158
2159
2160
2184
2185
2186
2187
2210
2211
2213
2214
2215
2782
2784
2785
2786
2808
2810
2811
2812
2834
2835
2836
2837
2860
2861
2862
2863
2864
2886
2887
2888
2889
2890
2914
2915
2940
2941
2945
2968
2999
3460
3461
3484
3485
3486
3487
3488
3510
3511
3512
3513
3514
3536
3537
3538
3539
3540
3563
3564
3565
3566
3589
3590
3591
3593
3595
3615
3616
3617
3618
3619
3620
3621
3642
3643
3648
3649
3673
3674
3675
3676
3700
3701
3702
4162
4163
4164
4187
4188
4189
4190
4212
4213
4214
4215
4216
4217
4239
4240
4241
4242
4243
4244
4265
4266
4267
4268
4291
4292
4293
4294
4295
4297
4317
4318
4319
4320
4322
4324
4325
4345
4347
4348
4349
4350
4351
4352
4375
4376
4377
4378
4865
4866
4888
4889
4890
4891
4892
4893
4894
4915
4916
4917
4918
4919
4940
4942
4943
4944
4945
4968
4969
4970
4971
4972
4993
4994
4995
4996
4997
4998
4999
5000
5001
5019
5020
5021
5022
5023
5024
5025
5026
5027
5028
5050
5051
5052
5053
5054
5081
5565
5566
5591
5592
5593
5594
5595
5596
5618
5619
5620
5621
5643
5644
5645
5646
5648
5669
5670
5671
5672
5673
5675
5676
5695
5696
5697
5698
5699
5700
5701
5702
5703
5704
5725
5727
5729
5731
6268
6269
6293
6294
6296
6297
6319
6320
6321
6322
6323
6324
6325
6345
6346
6347
6348
6349
6350
6351
6352
6371
6372
6373
6374
6375
6376
6377
6378
6397
6399
6400
6403
6971
6972
6973
6995
6996
6997
6999
7021
7022
7023
7024
7027
7028
7047
7048
7049
7050
7073
7074
7075
7076
7077
7078
7103
7131
7671
7672
7673
7675
7697
7698
7699
7700
7701
7702
7723
7724
7725
7726
7727
7749
7750
7751
7752
7755
7779
7807
8374
8399
8400
8403
8455
12027
12705
13353
13381
13382
13383
13406
13407
13408
13409
13432
13433
13434
13460
14031
14057
14058
14059
14060
14083
14084
14085
14109
14110
14111
14733
14734
14735
14736
14759
14760
14761
14785
14786
14787
14839
15433
15434
15436
15437
15438
15464
15491
16111
16137
16138
16139
16166
16167
