0
26
27
29
52
53
54
55
56
79
80
702
703
728
729
730
731
733
755
756
757
758
759
760
782
783
784
785
808
809
810
811
835
836
861
862
1405
1406
1431
1432
1433
1434
1457
1458
1459
1460
1461
1462
1463
1464
1482
1483
1484
1485
1486
1487
1488
1489
1508
1509
1510
1511
1512
1513
1535
1536
1537
1538
1539
1561
1562
1565
1587
1588
1589
2107
2108
2109
2133
2134
2135
2136
2137
2138
2139
2158
2159
2160
2161
2162
2163
2164
2165
2184
2185
2186
2187
2188
2189
2190
2211
2212
2213
2214
2215
2216
2217
2237
2238
2239
2241
2242
2263
2264
2265
2266
2267
2291
2782
2783
2809
2810
2811
2812
2834
2835
2836
2837
2838
2839
2843
2860
2861
2862
2863
2864
2865
2866
2868
2869
2887
2888
2889
2890
2891
2892
2893
2894
2895
2913
2914
2919
2920
2939
2940
2941
3458
3485
3486
3487
3510
3511
3512
3513
3514
3515
3536
3537
3538
3539
3540
3541
3563
3564
3565
3567
3590
3591
3592
3595
3597
3615
3617
3643
3644
3648
3673
3674
3675
3676
3699
3700
3701
4161
4162
4186
4187
4188
4189
4190
4214
4215
4216
4217
4240
4241
4242
4243
4244
4267
4293
4294
4318
4319
4321
4324
4348
4350
4351
4352
4377
4378
4401
4863
4864
4866
4889
4891
4892
4893
4918
4919
4920
4942
4943
4944
4946
4947
4968
4970
4971
4972
4994
4995
4998
4999
5000
5003
5025
5026
5027
5541
5567
5568
5569
5570
5593
5594
5595
5596
5620
5621
5622
5645
5646
5647
5648
5655
5670
5674
5679
5680
5681
5683
5699
5700
5702
5705
5706
5707
5709
5731
5734
6269
6270
6271
6272
6295
6296
6297
6298
6299
6321
6322
6326
6327
6346
6347
6348
6349
6350
6357
6358
6359
6378
6382
6383
6384
6385
6386
6387
6409
6410
6411
6412
6413
6436
6946
6947
6971
6972
6973
6974
6975
6996
6997
6998
6999
7023
7024
7059
7060
7061
7062
7063
7085
7086
7087
7088
7089
7090
7110
7111
7112
7113
7114
7115
7138
7672
7673
7677
7700
7762
7763
7764
7765
7766
7788
7789
7790
7791
7792
7816
7817
7840
8465
8492
8519
9169
12029
12083
12652
12680
12707
12732
13356
13382
13383
13384
13409
13435
14058
14059
14060
14085
14086
14112
14762
14763
14788
14789
14790
15465
15491
15492
16168
16195
