26
79
105
106
130
132
133
156
184
780
806
808
809
832
833
834
835
836
837
858
859
860
861
862
884
885
886
887
888
889
912
913
914
915
938
1458
1482
1483
1484
1485
1486
1508
1509
1511
1534
1535
1536
1537
1538
1540
1560
1561
1562
1563
1564
1565
1566
1587
1588
1589
1590
1591
1592
1613
1614
1615
1616
1617
1618
2132
2158
2160
2161
2184
2185
2186
2187
2188
2210
2211
2212
2213
2214
2215
2236
2237
2238
2239
2240
2241
2243
2263
2264
2265
2266
2267
2268
2269
2289
2290
2291
2292
2293
2294
2316
2784
2808
2834
2835
2860
2861
2862
2863
2864
2886
2887
2888
2889
2890
2891
2913
2914
2915
2916
2917
2918
2939
2940
2941
2942
2943
2944
2945
2965
2966
2967
2968
2969
2970
2971
2972
2992
2996
2997
2998
2999
3484
3485
3510
3511
3512
3514
3536
3537
3538
3539
3540
3562
3563
3564
3565
3566
3567
3589
3590
3591
3592
3593
3595
3615
3616
3617
3618
3619
3620
3621
3622
3641
3642
3643
3644
3645
3646
3647
3648
3649
3668
3670
3671
3672
3673
3674
3675
3676
3698
3699
3700
3701
3702
3726
3727
4162
4186
4189
4212
4213
4214
4215
4238
4239
4240
4241
4242
4265
4266
4267
4268
4269
4270
4271
4291
4292
4293
4294
4295
4296
4297
4298
4317
4318
4319
4320
4321
4322
4323
4324
4325
4343
4344
4345
4346
4347
4348
4349
4350
4351
4352
4353
4371
4375
4376
4377
4378
4401
4402
4403
4404
4862
4863
4888
4889
4891
4892
4915
4916
4917
4918
4919
4941
4942
4943
4944
4945
4967
4968
4969
4970
4971
4972
4993
4994
4995
4996
4997
4998
4999
5000
5001
5019
5020
5021
5022
5023
5024
5025
5026
5027
5028
5047
5051
5052
5053
5054
5055
5078
5564
5567
5568
5590
5591
5592
5593
5594
5595
5616
5617
5618
5619
5620
5621
5622
5644
5645
5646
5647
5648
5668
5669
5670
5671
5672
5673
5674
5675
5676
5678
5695
5696
5697
5698
5699
5700
5701
5702
5703
5721
5722
5724
5726
5727
5728
5729
5730
5731
5755
6268
6270
6271
6293
6294
6295
6296
6297
6298
6318
6319
6320
6321
6322
6323
6324
6345
6346
6347
6348
6349
6371
6372
6373
6374
6375
6376
6378
6379
6397
6399
6401
6403
6405
6972
6995
6996
6997
6998
6999
7000
7022
7023
7024
7025
7026
7046
7047
7048
7049
7050
7052
7074
7075
7076
7675
7697
7698
7699
7700
7722
7723
7724
7725
7726
7727
7749
7750
7751
8373
8374
8399
8400
8401
8426
8427
9129
12055
13407
13409
14084
14085
14111
