0
1
26
676
702
703
728
729
730
755
756
1378
1379
1380
1404
1405
1406
1407
1431
1432
1457
1458
1459
1485
2055
2081
2082
2083
2106
2107
2108
2109
2110
2133
2134
2135
2136
2160
2161
2162
2757
2758
2783
2784
2785
2786
2809
2810
2811
2812
2813
2836
2837
2838
2839
2863
2864
3460
3461
3486
3487
3488
3489
3512
3513
3514
3515
3516
3538
3539
3540
3541
4163
4189
4190
4191
4192
4215
4216
4217
4218
4243
4866
4891
4892
4893
4894
4918
4920
4921
4946
4947
5570
5596
5597
5622
5623
5650
5703
6299
6300
6325
6326
6327
6353
6354
6379
6380
6406
7002
7003
7028
7029
7030
7055
7056
7057
7082
7706
7731
7732
8408
8434
8435
10545
11951
12653
12654
12679
12680
13330
13331
13355
13356
13357
13381
13382
13383
13409
14032
14033
14058
14059
14060
14061
14084
14085
14086
14734
14735
14736
14737
14761
14762
14763
14764
14788
14789
14815
15412
15437
15438
15439
15440
15464
15465
15466
15491
16141
16142
16167
16168
16169
16221
16843
16844
16870
16872
