0
26
676
702
728
729
730
756
1379
1405
1406
1431
1432
1433
1458
1459
1460
1486
2081
2082
2083
2107
2108
2109
2133
2134
2135
2136
2160
2161
2162
2189
2784
2785
2786
2810
2811
2812
2836
2837
2838
2839
2863
2864
2865
3486
3487
3488
3489
3512
3513
3514
3515
3539
3540
3541
3542
4164
4189
4190
4191
4192
4215
4216
4217
4218
4243
4244
4892
4893
4894
4919
4920
4974
4975
5001
5027
5028
5596
5650
5678
5704
5730
6327
6380
6381
6407
7057
7786
14033
14059
14060
14762
14763
14790
15437
15438
15439
15465
15466
16140
16142
