0
1
2
3
26
27
28
29
30
676
702
703
704
705
706
728
729
730
731
732
1379
1380
1405
1406
1407
1408
1431
1432
1433
1434
1435
1436
2081
2082
2083
2108
2109
2110
2111
2134
2135
2136
2137
2138
2139
2161
2162
2758
2784
2785
2786
2810
2811
2812
2813
2836
2837
2838
2839
2864
3487
3488
3489
3513
3514
3515
3516
3517
3540
3544
3545
3567
4191
4192
4216
4217
4218
4243
4244
4893
4894
4919
4921
4973
5624
5650
5676
6352
6353
6355
6356
6357
6379
6380
6383
6384
6385
6386
6387
6412
6413
7034
7055
7056
7058
7059
7060
7061
7062
7063
7086
7087
7088
7089
7090
7115
7706
7736
7758
7759
7762
7763
7764
7765
7766
7789
7790
7791
7792
8438
8461
8465
8466
8467
8493
9168
9169
9195
9196
9845
9871
14060
14062
14762
14763
15440
15465
