1408
2812
2841
3487
3489
3516
3517
3543
4163
4164
4189
4190
4191
4192
4217
4218
4219
4220
4249
4250
4275
4276
4866
4867
4892
4893
4894
4895
4920
4921
4922
4923
4948
4949
4951
5569
5570
5595
5596
5597
5598
5599
5621
5622
5623
5624
5625
5626
5652
5653
5655
5681
6271
6272
6273
6275
6298
6299
6300
6301
6302
6325
6326
6327
6328
6329
6355
6356
6357
6358
6359
6384
6385
6386
6387
6412
6413
6974
6975
6976
7001
7002
7003
7004
7005
7028
7029
7030
7031
7032
7033
7034
7058
7059
7060
7061
7062
7063
7086
7087
7088
7089
7090
7677
7680
7704
7705
7734
7735
7736
7737
7761
7762
7763
7764
7765
7791
8381
8437
8438
8439
8465
8466
8467
8468
9142
16142
17521
17546
