0
1
26
27
676
677
702
703
704
729
730
754
1378
1379
1380
1404
1405
1406
1407
1431
1432
1433
1459
2081
2082
2083
2107
2108
2109
2110
2133
2134
2135
2136
2783
2784
2785
2786
2809
2810
2811
2812
2813
2835
2836
2837
2838
2839
3461
3487
3488
3489
3512
3513
3514
3515
3539
3540
3541
4164
4189
4190
4191
4215
4216
4217
4218
4240
4241
4242
4243
4244
4891
4892
4893
4894
4917
4918
4919
4920
4921
5596
5620
5621
5622
5623
5624
6323
6324
6327
7026
7028
7029
7030
7053
7706
8409
13357
14032
14057
14059
14060
14085
14736
14760
14761
14762
14763
14788
15437
15438
15439
15440
15464
15465
15466
16141
16166
16845
