2158
2165
2867
2870
3599
4186
4212
4238
4264
4274
4275
4276
4301
4948
4969
4979
4997
5616
5643
5645
5674
6318
6319
6348
6353
6373
6374
6380
6384
6385
6386
6387
6400
6403
6412
6413
7048
7049
7050
7053
7057
7060
7061
7062
7063
7075
7076
7077
7082
7083
7084
7085
7086
7087
7088
7089
7090
7107
7108
7113
7114
7115
7724
7725
7729
7735
7738
7750
7751
7752
7753
7754
7755
7756
7758
7759
7760
7761
7762
7763
7764
7765
7766
7778
7779
7780
7785
7786
7787
7788
7789
7791
7792
8434
8435
8436
8437
8452
8453
8454
8455
8456
8458
8459
8460
8461
8462
8468
8480
8487
9106
9110
9129
9130
9131
9134
9139
9140
9156
9157
9158
9159
9160
9161
9162
9163
9164
9165
9806
9812
9832
9833
9834
9835
9836
9837
9838
9840
9841
9859
9860
9861
9862
9864
9865
10487
10489
10509
10510
10512
10513
10534
10535
10537
10538
10563
11160
11185
11186
11187
11188
11189
11190
11838
11861
11864
12511
12539
