2106
2132
2808
2834
2835
2842
2860
3484
3485
3486
3487
3511
3514
3536
3537
3563
3564
4190
4214
4217
4240
4241
4243
4244
4247
4249
4266
4267
4275
4866
4890
4891
4893
4916
4917
4918
4919
4920
4921
4922
4942
4943
4944
4945
4946
4947
4968
4969
5569
5593
5594
5595
5596
5597
5598
5618
5619
5620
5621
5622
5623
5624
5645
5646
5647
5648
5649
5650
5651
5672
5674
5675
5676
5677
5678
6245
6270
6271
6272
6295
6296
6297
6298
6299
6300
6321
6322
6323
6324
6325
6326
6327
6347
6348
6349
6350
6351
6352
6353
6354
6355
6375
6376
6377
6378
6379
6380
6381
6382
6384
6385
6386
6387
6404
6409
6411
6412
6413
6947
6973
6974
6975
6998
6999
7000
7001
7002
7024
7025
7026
7027
7028
7029
7030
7031
7035
7051
7052
7053
7054
7055
7056
7057
7058
7059
7060
7061
7062
7063
7064
7077
7079
7082
7083
7084
7085
7086
7087
7088
7089
7090
7112
7115
7116
7675
7676
7678
7702
7703
7704
7728
7729
7730
7731
7732
7733
7734
7736
7737
7738
7758
7759
7760
7761
7762
7763
7764
7765
7766
7786
7787
7788
7789
7791
8434
8437
8438
8439
8463
