0
1
2
3
28
29
30
54
55
82
106
730
732
733
734
756
757
758
761
782
783
784
808
809
810
835
861
1410
1431
1432
1433
1434
1435
1436
1437
1438
1456
1457
1458
1459
1460
1461
1462
1464
1465
1483
1484
1485
1486
1508
1510
1511
1512
1535
1536
1537
1538
1539
1563
1564
1565
2107
2134
2135
2136
2137
2138
2139
2140
2141
2159
2160
2161
2162
2163
2164
2165
2166
2185
2186
2187
2188
2190
2212
2213
2214
2215
2239
2240
2241
2809
2815
2835
2836
2837
2838
2839
2840
2841
2842
2843
2844
2861
2862
2863
2864
2865
2867
2868
2869
2870
2887
2888
2889
2890
2891
2914
2915
2916
2917
2918
2940
2941
2942
3512
3513
3515
3536
3538
3539
3540
3541
3542
3543
3545
3546
3547
3563
3564
3565
3566
3567
3571
3589
3590
3591
3592
3594
3617
3618
3619
3620
3645
3648
3673
3675
3676
3701
4214
4215
4216
4217
4218
4221
4239
4240
4241
4242
4243
4244
4245
4246
4247
4248
4249
4265
4266
4267
4268
4269
4270
4292
4293
4294
4295
4296
4319
4321
4348
4349
4350
4351
4375
4376
4377
4890
4891
4916
4917
4918
4919
4920
4922
4942
4943
4944
4945
4946
4947
4950
4968
4969
4970
4971
4979
4995
4996
4997
4998
5023
5024
5025
5026
5027
5052
5053
5080
5593
5594
5595
5618
5619
5620
5621
5622
5644
5645
5646
5647
5648
5670
5671
5672
5673
5679
5680
5681
5682
5698
5699
5700
5702
5707
5708
5727
5730
6296
6297
6321
6322
6323
6324
6325
6346
6347
6348
6349
6350
6355
6356
6357
6358
6359
6382
6383
6384
6385
6386
6387
6408
6409
6410
6412
6413
6971
6996
6997
6998
7021
7022
7023
7027
7032
7033
7058
7059
7060
7061
7062
7063
7084
7085
7086
7087
7088
7089
7090
7113
7114
7115
7116
7671
7672
7673
7698
7699
7736
7760
7761
7762
7763
7764
7765
7788
7789
7790
7791
7792
7815
8438
8439
8464
8465
8466
8467
8492
8493
8494
9168
9169
9194
9870
9871
13433
13434
13460
13461
14109
14136
14163
14760
14839
