78
104
106
107
132
133
157
185
755
756
781
782
783
807
808
832
833
834
835
836
859
860
862
863
886
887
888
889
890
913
915
1430
1456
1458
1482
1483
1484
1485
1508
1509
1511
1512
1534
1535
1536
1537
1538
1539
1561
1562
1563
1564
1565
1566
1588
1589
1590
1591
1592
1615
2106
2132
2134
2135
2158
2160
2161
2184
2185
2186
2187
2188
2189
2210
2211
2212
2213
2214
2215
2237
2238
2239
2240
2241
2242
2263
2264
2265
2266
2267
2268
2269
2292
2293
2294
2782
2783
2808
2834
2835
2860
2861
2862
2863
2864
2865
2886
2887
2888
2889
2890
2891
2913
2914
2915
2916
2917
2918
2919
2939
2940
2941
2942
2943
2944
2945
2966
2967
2968
2969
2970
2972
2997
2998
2999
3484
3485
3486
3510
3511
3536
3537
3562
3563
3564
3565
3567
3588
3589
3590
3591
3592
3593
3594
3615
3616
3617
3618
3620
3621
3622
3641
3642
3643
3644
3645
3646
3647
3648
3649
3672
3673
3674
3675
3676
3699
3700
3701
3702
4160
4161
4162
4186
4187
4188
4189
4190
4212
4213
4214
4215
4216
4238
4239
4240
4241
4242
4243
4265
4266
4267
4268
4269
4291
4292
4293
4294
4295
4296
4297
4318
4319
4320
4321
4322
4323
4324
4325
4326
4344
4348
4349
4350
4351
4352
4375
4376
4377
4378
4402
4836
4837
4838
4862
4863
4864
4865
4866
4867
4888
4889
4890
4891
4892
4893
4894
4915
4916
4917
4918
4919
4941
4942
4943
4944
4967
4968
4969
4970
4971
4973
4974
4994
4995
4996
4997
4998
4999
5000
5001
5002
5023
5025
5026
5027
5028
5051
5052
5053
5054
5055
5078
5080
5081
5539
5540
5541
5542
5565
5566
5567
5568
5569
5592
5593
5594
5595
5596
5597
5617
5618
5619
5620
5621
5622
5643
5644
5645
5646
5647
5648
5649
5670
5671
5672
5673
5674
5675
5676
5677
5699
5700
5701
5702
5703
5704
5726
5728
5729
5730
5754
5756
5757
6240
6242
6243
6244
6245
6268
6269
6270
6271
6272
6294
6295
6296
6297
6298
6320
6321
6322
6323
6324
6346
6347
6348
6349
6352
6353
6374
6378
6379
6405
6406
6407
6431
6432
6433
6434
6456
6945
6971
6972
6975
6996
6997
6998
6999
7000
7023
7024
7025
7026
7051
7056
7080
7082
7621
7622
7646
7647
7671
7672
7673
7674
7699
7700
7724
8348
8374
8375
8376
8403
12730
