806
2886
3536
3588
3614
3649
3674
3675
3676
3701
3702
4238
4264
4265
4290
4316
4317
4319
4321
4322
4323
4342
4343
4348
4349
4350
4351
4352
4376
4377
4378
4863
4888
4914
4940
4941
4966
4967
4970
4993
4994
4997
4998
5019
5020
5022
5023
5024
5025
5026
5027
5045
5046
5051
5052
5053
5054
5566
5590
5591
5592
5593
5616
5617
5618
5619
5642
5643
5644
5645
5668
5669
5670
5671
5672
5673
5674
5681
5694
5695
5696
5697
5698
5699
5700
5701
5721
5722
5723
5724
5725
5726
5727
5728
5747
5748
5749
6266
6267
6268
6269
6292
6293
6294
6295
6318
6319
6320
6321
6344
6345
6346
6347
6348
6357
6370
6371
6372
6373
6374
6375
6384
6385
6386
6387
6397
6398
6399
6400
6401
6402
6411
6412
6413
6423
6424
6425
6426
6427
6428
6429
6430
6439
6943
6969
6970
6994
6995
6996
6997
7020
7021
7022
7023
7024
7047
7048
7049
7050
7056
7057
7058
7059
7060
7061
7062
7063
7073
7074
7075
7076
7077
7079
7081
7085
7086
7087
7088
7089
7090
7100
7101
7102
7103
7104
7108
7115
7116
7126
7127
7131
7670
7671
7672
7696
7697
7698
7699
7722
7723
7724
7725
7731
7732
7733
7734
7735
7736
7749
7750
7751
7757
7758
7759
7760
7761
7762
7763
7764
7765
7766
7776
7777
7778
7779
7780
7781
7786
7787
7788
7789
7790
7791
7792
7802
7803
7804
7805
7807
7828
7829
8347
8372
8373
8374
8398
8399
8400
8401
8408
8425
8426
8427
8430
8433
8434
8435
8436
8437
8438
8439
8452
8453
8454
8455
8458
8459
8460
8461
8462
8463
8464
8465
8478
8479
8480
8481
8482
8486
8487
8488
8493
8505
8506
8507
8508
8509
8510
8532
8535
9049
9110
9129
9133
9134
9135
9136
9137
9139
9140
9155
9156
9157
9162
9163
9164
9181
9182
9183
9184
9185
9186
9188
9207
9208
9209
9210
9212
9213
9809
9812
9813
9814
9832
9836
9839
9840
9841
9857
9858
9859
9860
9863
9883
9884
9885
9886
9887
9888
9891
9917
10514
10516
10533
10534
10560
10561
10562
10563
10564
10567
10569
10586
10587
10588
10589
10590
10592
11215
11236
11247
11262
11263
11264
11265
11266
11267
11269
11272
11273
11274
11276
11289
11290
11912
11913
11921
11922
11939
11940
11941
11942
11943
11945
11946
11948
11949
11950
11965
11966
11967
11968
11969
11973
11974
11975
11976
11977
11979
12006
12615
12616
12617
12618
12620
12622
12623
12624
12626
12641
12642
12643
12644
12645
12646
12647
12648
12649
12650
12651
12652
12653
12654
12655
12668
12669
12670
12672
12673
12674
12675
12676
12677
12678
12679
12680
13292
13294
13295
13296
13299
13318
13319
13320
13321
13322
13323
13324
13325
13326
13327
13328
13329
13345
13346
13347
13348
13349
13350
13351
13352
13353
13354
13355
13372
13375
13376
13377
13380
13995
13996
13997
13998
13999
14000
14001
14002
14003
14021
14022
14023
14024
14025
14026
14027
14028
14029
14030
14054
14055
14058
14754
14756
15431
