30
676
678
1352
1378
1404
1458
2106
2132
2158
2163
2164
2782
2808
2809
2834
2836
2840
2860
3458
3484
3485
3486
3510
3511
3512
3536
3538
3565
4134
4136
4160
4161
4162
4186
4187
4188
4189
4190
4212
4213
4238
4239
4240
4245
4264
4273
4836
4837
4838
4862
4863
4864
4867
4888
4889
4890
4891
4892
4893
4894
4895
4914
4915
4916
4917
4920
4921
4940
4941
4942
4943
4946
4972
4974
4976
5514
5538
5539
5540
5564
5565
5566
5567
5568
5569
5570
5571
5590
5591
5592
5593
5594
5595
5596
5597
5616
5617
5618
5619
5620
5642
5643
5645
5647
5649
5674
5676
5677
5695
6214
6215
6217
6240
6241
6242
6243
6244
6245
6266
6267
6268
6269
6270
6273
6292
6293
6294
6295
6296
6319
6320
6321
6322
6324
6325
6345
6346
6347
6348
6349
6350
6351
6373
6374
6375
6376
6381
6384
6385
6386
6387
6399
6410
6412
6413
6414
6891
6917
6918
6919
6943
6944
6945
6946
6969
6970
6971
6972
6995
6996
6997
6998
6999
7020
7021
7022
7023
7024
7025
7026
7047
7048
7049
7050
7051
7052
7054
7055
7056
7057
7058
7059
7060
7061
7062
7063
7074
7075
7078
7080
7081
7082
7083
7084
7085
7086
7087
7088
7089
7090
7108
7109
7111
7112
7113
7114
7115
7116
7594
7620
7621
7622
7646
7647
7648
7671
7672
7673
7674
7697
7698
7699
7700
7701
7702
7723
7724
7725
7726
7727
7728
7730
7731
7732
7733
7734
7735
7737
7738
7749
7750
7751
7752
7753
7754
7755
7756
7757
7758
7759
7760
7761
7762
7763
7764
7765
7766
7777
7778
7779
7782
7783
7784
7785
7786
7787
7788
7789
7790
7791
7803
7810
7814
8324
8325
8348
8349
8350
8351
8374
8375
8376
8399
8400
8401
8402
8403
8407
8409
8410
8411
8425
8426
8427
8428
8429
8430
8431
8432
8433
8434
8435
8436
8437
8438
8439
8452
8453
8455
8456
8457
8458
8459
8460
8461
8462
8463
8464
8465
8466
8479
8482
8483
8484
8488
8489
8490
8511
9025
9076
9077
9078
9079
9102
9103
9104
9105
9107
9109
9110
9111
9112
9114
9128
9129
9130
9131
9132
9133
9134
9135
9136
9137
9138
9140
9154
9155
9156
9157
9158
9160
9161
9162
9163
9164
9165
9183
9184
9185
9217
9728
9754
9756
9778
9779
9780
9781
9782
9784
9804
9805
9806
9807
9808
9812
9813
9830
9831
9832
9833
9834
9836
9837
9841
9843
9858
9859
9860
9861
9862
9864
9867
9885
9888
9891
9892
9894
10430
10455
10456
10457
10458
10481
10482
10483
10484
10486
10507
10508
10509
10510
10515
10533
10534
10535
10537
10538
10542
10559
10560
10561
10562
10563
10564
10565
10586
10588
10589
10593
10594
10595
10596
10597
10599
11132
11133
11135
11159
11160
11161
11163
11183
11184
11185
11186
11187
11188
11189
11190
11210
11211
11212
11213
11215
11216
11217
11236
11237
11238
11239
11240
11241
11245
11262
11263
11264
11265
11266
11267
11268
11269
11270
11271
11272
11289
11290
11293
11294
11295
11296
11297
11834
11835
11836
11860
11861
11864
11887
11888
11889
11890
11891
11892
11894
11896
11912
11913
11914
11915
11916
11917
11918
11921
11938
11939
11940
11941
11942
11943
11944
11945
11946
11947
11948
11949
11950
11964
11965
11966
11967
11968
11969
11971
11972
11973
11974
11975
11977
11978
11979
11995
11997
12538
12539
12540
12564
12589
12590
12591
12593
12595
12597
12615
12616
12617
12618
12619
12620
12621
12622
12623
12624
12641
12642
12643
12644
12645
12646
12647
12648
12649
12650
12651
12653
12668
12669
12672
12673
12674
12675
12676
12677
12678
12679
12698
13213
13214
13242
13243
13267
13268
13269
13270
13271
13292
13293
13294
13295
13296
13297
13298
13318
13319
13320
13321
13322
13323
13324
13325
13326
13328
13329
13344
13345
13346
13347
13348
13349
13350
13351
13352
13353
13354
13355
13371
13372
13373
13377
13379
13948
13974
13995
13996
13997
13998
13999
14000
14001
14020
14021
14022
14023
14024
14025
14026
14027
14029
14047
14049
14052
14053
14054
14055
14056
14057
14080
14081
14082
14107
14108
14679
14697
14698
14703
14704
14705
14706
14707
14724
14726
14729
14731
14732
14733
14754
14755
14756
14757
14758
14759
14784
14785
15378
15381
15383
15407
15408
15409
15410
15431
15432
15433
15434
15435
15436
15457
15458
15459
15460
15461
15485
15487
15512
16059
16083
16084
16085
16086
16108
16109
16110
16111
16112
16134
16137
16163
16787
16788
16813
16841
17490
18193
