2080
2106
2782
2783
3484
3485
3486
3542
4187
4188
4189
4215
4890
4892
4894
4919
4920
4922
4948
5568
5594
5595
5596
5598
5620
5621
5622
5623
5624
5625
5627
6271
6272
6297
6298
6299
6300
6324
6325
6326
6327
6328
6382
6383
6384
6385
6386
6411
6412
6413
6972
6974
6975
6999
7000
7001
7002
7004
7026
7027
7028
7029
7030
7031
7032
7056
7057
7058
7059
7060
7061
7062
7084
7086
7087
7088
7089
7090
7676
7677
7702
7703
7704
7729
7731
7732
7733
7734
7735
7736
7737
7761
7762
7763
7764
7765
7789
8404
8405
8406
8407
8409
8434
8437
8438
9139
