26
27
53
54
702
729
730
732
755
756
757
758
759
781
782
807
1405
1406
1430
1431
1432
1433
1434
1435
1456
1457
1458
1459
1460
1461
1462
1483
1484
1485
1486
1487
1510
1511
1512
1538
2107
2108
2109
2110
2132
2133
2134
2135
2136
2138
2158
2159
2160
2161
2162
2163
2164
2186
2187
2213
2214
2810
2812
2814
2835
2836
2837
2838
2839
2840
2841
2862
2863
2864
2865
2868
3488
3489
3490
3514
3515
3516
3539
3540
3541
3543
3544
3567
4165
4190
4191
4192
4193
4217
4218
4243
4244
4270
4946
5655
5680
5706
5707
6356
6383
6386
6411
6412
6413
7058
7059
7060
7061
7062
7063
7064
7085
7086
7087
7088
7089
7090
7112
7113
7114
7735
7761
7762
7763
7764
7765
7787
7788
7789
7790
7791
7792
7816
8411
8412
8436
8437
8438
8466
8491
8492
9114
14788
14789
