1
2
3
26
30
52
54
78
81
702
728
729
730
755
756
757
758
759
781
782
785
806
807
808
834
835
860
861
862
886
887
888
889
913
915
1404
1405
1407
1431
1432
1433
1434
1435
1456
1457
1458
1459
1460
1461
1483
1484
1485
1486
1487
1488
1489
1509
1510
1511
1512
1513
1535
1536
1537
1538
1539
1562
1563
1564
1565
1589
1590
1591
1592
1615
1616
1617
1618
2080
2081
2107
2108
2109
2133
2134
2135
2136
2137
2159
2160
2161
2162
2163
2185
2186
2187
2188
2189
2190
2211
2212
2213
2214
2215
2238
2239
2240
2241
2242
2265
2266
2267
2268
2292
2293
2294
2319
2784
2811
2835
2836
2837
2838
2839
2861
2862
2863
2864
2865
2867
2887
2888
2889
2890
2891
2892
2893
2914
2915
2916
2917
2919
2941
2942
2943
2944
2968
2969
2970
2971
2995
2996
2997
3022
3023
3513
3514
3515
3538
3539
3540
3541
3545
3564
3565
3566
3567
3568
3571
3590
3591
3592
3593
3594
3618
3619
3620
3621
3622
3645
3646
3647
3671
3672
3673
3674
3698
3699
3723
3725
3726
3727
3751
3752
3753
3778
3779
4190
4191
4216
4217
4218
4241
4242
4243
4244
4267
4268
4269
4270
4271
4293
4294
4295
4296
4297
4298
4321
4322
4323
4347
4348
4349
4350
4351
4375
4377
4400
4401
4402
4403
4426
4427
4428
4429
4454
4455
4866
4867
4891
4892
4893
4894
4895
4896
4918
4919
4920
4921
4944
4945
4946
4947
4971
4972
4973
4974
4997
4998
4999
5000
5024
5025
5026
5027
5051
5052
5053
5076
5077
5078
5102
5103
5104
5105
5129
5130
5131
5157
5542
5567
5568
5569
5570
5571
5594
5595
5596
5597
5648
5649
5674
5675
5702
5703
5705
5706
5707
5708
5727
5728
5754
5781
5782
5807
5808
6243
6244
6245
6270
6272
6351
6377
6382
6383
6384
6385
6386
6387
6404
6405
6406
6409
6410
6411
6412
6413
6429
6430
6431
6455
6456
6457
6511
7054
7058
7059
7060
7061
7062
7063
7081
7085
7086
7087
7088
7089
7090
7107
7108
7111
7112
7113
7114
7115
7138
7158
7161
7707
7733
7734
7735
7736
7737
7761
7762
7763
7764
7765
7766
7783
7787
7788
7790
7791
8409
8410
8411
8435
8436
8437
8438
8439
8463
8464
8465
8467
8492
9084
9085
9086
9111
9112
9113
9114
9814
10728
10755
10756
11352
11353
11379
11380
11406
11407
11430
11432
11433
11458
12003
12009
12028
12029
12054
12055
12056
12081
12082
12083
12084
12107
12108
12109
12133
12684
12705
12706
12731
12732
12733
12734
12757
12758
12759
12784
12785
12786
12813
13382
13383
13384
13408
13409
13410
13433
13434
13435
13436
13437
13461
13463
13489
13514
14058
14059
14085
14086
14110
14111
14112
14113
14138
14139
14163
14164
14762
14788
14789
14815
14840
14841
14867
15465
15491
16168
16196
