806
832
1482
1508
1534
2106
2132
2158
2184
2210
2782
2808
2834
2860
2886
2912
2913
2938
2939
3484
3510
3536
3588
3589
3614
3615
3616
3641
3642
3667
3668
3673
3674
3675
3676
3700
3701
3702
4160
4186
4238
4265
4290
4292
4316
4317
4318
4319
4321
4342
4343
4344
4345
4348
4349
4350
4351
4352
4368
4369
4370
4375
4376
4377
4378
4862
4888
4914
4915
4940
4967
4968
4993
4994
5019
5020
5021
5022
5023
5024
5025
5026
5027
5045
5046
5047
5048
5049
5050
5051
5052
5053
5071
5072
5073
5564
5590
5616
5617
5642
5643
5669
5670
5671
5674
5694
5695
5696
5697
5698
5699
5700
5701
5702
5721
5722
5723
5724
5725
5726
5727
5728
5747
5748
5749
5750
5751
5753
5754
6267
6318
6319
6320
6322
6345
6346
6347
6371
6372
6373
6374
6375
6376
6380
6385
6386
6397
6398
6399
6400
6401
6402
6403
6411
6412
6413
6423
6424
6425
6426
6427
6428
6451
6452
6453
6454
6455
6456
6457
6969
6970
6994
6995
6996
6997
7022
7023
7024
7029
7046
7047
7048
7049
7050
7051
7058
7059
7060
7061
7062
7063
7072
7073
7074
7075
7076
7077
7079
7081
7083
7084
7085
7086
7087
7088
7089
7090
7100
7101
7102
7103
7104
7105
7106
7113
7114
7115
7116
7126
7127
7128
7129
7130
7131
7132
7133
7155
7157
7158
7160
7671
7672
7696
7697
7698
7699
7700
7722
7723
7724
7725
7726
7727
7730
7731
7733
7734
7736
7738
7739
7748
7749
7750
7751
7752
7753
7756
7758
7759
7760
7761
7762
7763
7764
7765
7776
7777
7778
7779
7780
7781
7785
7786
7787
7788
7789
7790
7791
7792
7803
7804
7805
7806
7807
7808
7809
7831
7833
7834
7835
7862
7863
8348
8372
8373
8374
8375
8398
8399
8400
8401
8402
8425
8426
8427
8428
8429
8432
8433
8434
8435
8436
8437
8438
8439
8440
8451
8452
8453
8454
8455
8456
8461
8462
8464
8465
8466
8478
8479
8480
8481
8482
8483
8505
8506
8508
8509
8510
8511
9049
9050
9051
9074
9075
9076
9101
9102
9103
9104
9105
9108
9109
9128
9129
9130
9131
9135
9136
9137
9138
9139
9141
9155
9156
9157
9158
9162
9163
9164
9166
9181
9182
9183
9184
9185
9192
9208
9211
9752
9778
9779
9804
9805
9806
9812
9813
9831
9832
9833
9834
9839
9840
9842
9858
9859
9860
9861
9866
9883
9884
9885
9886
9887
9914
9915
9917
10454
10480
10481
10507
10508
10534
10535
10536
10560
10561
10562
10563
10586
10587
10588
10589
10618
11157
11183
11184
11188
11209
11210
11211
11212
11214
11236
11237
11238
11243
11263
11265
11266
11293
11295
11320
11859
11860
11886
11888
11890
11912
11913
11914
11916
11918
11939
11940
11941
11944
11946
11947
11949
11950
11951
11965
11966
11967
11970
11973
11974
11975
11997
12562
12564
12588
12589
12591
12593
12615
12616
12617
12619
12620
12621
12622
12623
12624
12641
12642
12643
12644
12645
12646
12647
12648
12649
12650
12651
12652
12653
12655
12668
12669
12670
12671
12672
12674
12675
12676
12705
13291
13292
13294
13296
13318
13319
13320
13321
13322
13323
13324
13325
13326
13327
13329
13344
13345
13346
13347
13348
13349
13350
13351
13352
13354
13374
13375
13376
13382
13968
13970
13971
13995
13996
13997
13998
13999
14000
14001
14002
14003
14021
14022
14023
14024
14025
14026
14027
14028
14031
14048
14049
14050
14051
14052
14054
14056
14082
14675
14701
14702
14703
14728
