806
1456
1482
1508
1534
2158
2184
2210
2886
2912
2938
3484
3510
3536
3562
3588
3614
3615
3667
4160
4186
4188
4212
4238
4290
4291
4317
4318
4342
4343
4344
4368
4369
4370
4862
4888
4889
4892
4914
4915
4940
4967
4992
4993
4994
5018
5019
5020
5021
5044
5045
5046
5047
5071
5590
5591
5617
5618
5619
5620
5649
5668
5669
5670
5671
5694
5695
5696
5697
5721
5722
5723
5724
5747
5748
5749
5750
6292
6294
6295
6318
6320
6323
6344
6345
6346
6370
6371
6372
6373
6386
6387
6397
6398
6399
6411
6412
6413
6423
6424
6425
6426
6449
6450
6971
6996
6997
6998
7020
7022
7026
7030
7046
7047
7053
7054
7055
7056
7057
7060
7061
7062
7063
7073
7074
7080
7082
7085
7086
7087
7088
7089
7090
7099
7100
7101
7102
7103
7114
7115
7125
7126
7127
7128
7130
7697
7698
7699
7704
7723
7724
7725
7729
7731
7732
7733
7734
7735
7749
7750
7755
7756
7757
7758
7759
7760
7761
7762
7763
7764
7765
7766
7775
7776
7777
7778
7779
7782
7785
7786
7787
7788
7789
7790
7791
7802
7803
7804
7805
7806
7828
7829
8347
8373
8374
8376
8399
8400
8401
8407
8408
8410
8425
8426
8427
8432
8433
8434
8435
8436
8437
8438
8439
8440
8451
8452
8453
8455
8457
8460
8461
8462
8463
8464
8465
8466
8478
8479
8480
8481
8486
8489
8504
8505
8506
8507
8530
8531
8532
9101
9102
9103
9104
9110
9128
9136
9137
9138
9139
9140
9141
9153
9154
9155
9157
9161
9162
9163
9165
9166
9167
9180
9181
9182
9183
9184
9186
9206
9207
9208
9209
9778
9779
9803
9804
9805
9813
9830
9838
9856
9857
9858
9859
9862
9883
9884
9885
9886
9887
9909
9910
10479
10480
10481
10506
10532
10536
10537
10545
10558
10559
10560
10561
10562
10585
10586
10587
10588
10595
10611
11182
11183
11207
11208
11209
11212
11234
11235
11236
11237
11240
11246
11261
11262
11263
11264
11265
11266
11268
11271
11272
11276
11288
11289
11290
11291
11293
11859
11911
11918
11919
11923
11937
11938
11940
11942
11943
11945
11946
11947
11948
11949
11950
11964
11965
11966
11967
11968
11969
11970
11973
11976
11977
11978
11990
11991
11992
11993
12004
12561
12586
12587
12588
12613
12614
12616
12617
12618
12619
12620
12621
12622
12623
12624
12626
12640
12641
12642
12643
12644
12645
12646
12647
12648
12649
12650
12651
12652
12653
12654
12667
12668
12669
12670
12671
12673
12677
12678
12679
13264
13270
13291
13292
13294
13295
13296
13297
13298
13317
13318
13319
13320
13321
13322
13323
13324
13325
13326
13327
13328
13329
13343
13344
13345
13346
13347
13348
13350
13351
13352
13353
13354
13356
13357
13370
13371
13380
13968
13969
13972
13973
13974
13995
13996
13997
13998
13999
14000
14001
14002
14004
14020
14021
14022
14023
14024
14025
14026
14027
14028
14029
14047
14048
14049
14050
14052
14059
14675
14676
14677
14678
14700
14701
14702
14703
14726
14727
14729
14730
14731
14733
14752
