2136
2784
2810
2811
2812
2813
2838
2839
2840
3486
3487
3488
3512
3513
3514
3515
3516
3541
3543
3544
3572
4189
4190
4191
4192
4215
4216
4217
4218
4219
4221
4244
4245
4246
4247
4865
4867
4891
4892
4893
4894
4895
4896
4919
4920
4921
4922
4923
4946
4949
5593
5594
5595
5596
5597
5621
5622
5623
5624
5625
5626
5650
5651
5652
5653
6271
6272
6297
6298
6299
6324
6325
6326
6327
6328
6356
6382
6385
6386
6411
6412
6413
7000
7001
7002
7026
7027
7028
7029
7030
7031
7032
7057
7058
7059
7060
7061
7062
7063
7064
7085
7086
7087
7088
7089
7090
7114
7115
7676
7677
7702
7703
7704
7705
7706
7731
7732
7734
7735
7736
7739
7759
7760
7761
7762
7763
7764
7765
7766
7788
7789
7790
7791
7792
8378
8379
8405
8406
8407
8409
8432
8434
8435
8436
8437
8438
8463
8464
8465
9080
9081
9082
9106
9107
9108
9109
9110
9112
9138
9139
9166
9783
9784
9787
9812
9813
9814
9838
9840
9843
9866
10485
10486
10487
10488
10512
10513
10514
10515
10516
11161
11187
11188
11189
11214
11216
11217
11218
11245
11247
11863
11890
11891
11893
11918
