2080
2782
2784
2810
2814
3458
3484
3485
3487
3488
3513
3515
4160
4161
4187
4188
4189
4190
4191
4214
4216
4217
4863
4889
4890
4891
4918
4919
4920
4921
4922
4948
4949
4950
5565
5569
5594
5595
5596
5597
5620
5621
5622
5623
5624
5625
5650
5651
5652
5653
6272
6273
6297
6298
6299
6300
6323
6324
6325
6326
6327
6328
6353
6354
6356
6386
6387
6412
6413
6974
7000
7001
7002
7026
7027
7028
7029
7030
7031
7033
7057
7058
7059
7060
7061
7062
7063
7086
7087
7088
7089
7090
7115
7676
7677
7701
7702
7703
7704
7705
7708
7730
7731
7732
7733
7734
7735
7736
7737
7738
7759
7760
7761
7762
7763
7764
7765
7788
7789
7790
8352
8378
8379
8380
8404
8405
8409
8433
8435
8437
8438
8439
9079
9080
9081
9106
9107
9108
9109
9138
9139
9165
9166
9169
9782
9783
9784
9785
9809
9810
9811
9812
9813
9816
9838
9839
9840
9841
9842
9843
9867
9869
10485
10486
10488
10512
10513
10514
10515
10516
10543
10544
10545
11161
11187
11188
11189
11216
11218
11219
11863
11864
11865
11889
11890
11891
11918
11919
11920
11921
11948
12566
12567
