2141
2166
2167
2837
4213
4249
4275
4276
4892
4948
4952
4978
4979
5539
5568
5569
5616
5618
5619
5646
5679
6244
6269
6270
6271
6293
6294
6295
6296
6297
6318
6319
6320
6321
6322
6344
6346
6347
6385
6386
6411
6412
6413
6944
6945
6946
6971
6974
6996
6997
6998
7000
7020
7022
7023
7024
7025
7048
7049
7050
7060
7061
7062
7063
7081
7083
7084
7085
7086
7087
7088
7089
7090
7115
7647
7672
7673
7674
7678
7698
7699
7700
7701
7724
7725
7726
7730
7734
7735
7736
7737
7740
7753
7758
7759
7760
7761
7762
7763
7764
7765
7766
7786
7787
7788
7789
7790
7791
8375
8376
8377
8400
8401
8402
8403
8404
8405
8407
8408
8410
8426
8427
8428
8429
8432
8433
8434
8435
8436
8437
8438
8453
8454
8457
8458
8459
8460
8461
8462
8463
8468
8487
8492
9076
9077
9078
9079
9080
9103
9104
9105
9106
9107
9108
9109
9110
9111
9112
9129
9130
9131
9132
9133
9134
9135
9136
9137
9138
9139
9156
9157
9158
9159
9160
9161
9162
9163
9164
9165
9167
9184
9756
9780
9781
9782
9783
9784
9805
9806
9807
9808
9809
9810
9811
9812
9813
9814
9832
9833
9834
9836
9838
9839
9840
9841
9842
9858
9859
9860
9862
9863
10460
10483
10485
10486
10487
10488
10508
10509
10510
10511
10512
10514
10515
10516
10517
10534
10535
10536
10537
10538
10539
10540
10541
10542
10544
10545
10560
10561
10562
10563
10564
10565
10566
10568
11134
11160
11161
11189
11190
11191
11192
11211
11212
11213
11214
11215
11216
11217
11237
11238
11239
11240
11241
11245
11246
11862
11863
11866
11888
11889
11890
11891
11892
12565
12566
