6383
6386
6387
6412
6413
7054
7057
7059
7060
7061
7062
7063
7080
7084
7085
7086
7087
7088
7089
7090
7113
7115
7731
7733
7734
7736
7757
7758
7759
7760
7761
7762
7763
7764
7765
7766
7786
7787
7788
7789
7791
8433
8434
8435
8436
8437
8438
8461
8463
8464
9135
9137
9138
9139
9140
9163
9165
9190
9191
9813
9839
10540
11245
11945
11948
11949
11973
11974
11975
11976
12621
12623
12624
12645
12646
12647
12648
12649
12650
12651
12652
12653
12672
12674
12676
12677
12678
13295
13298
13319
13320
13321
13322
13323
13324
13325
13326
13327
13345
13346
13347
13348
13349
13350
13351
13352
13353
13354
13995
13996
13997
13998
13999
14000
14001
14020
14021
14022
14023
14024
14025
14026
14027
14028
14029
14031
14047
14048
14050
14673
14674
14675
14697
14698
14699
14700
14701
14724
14725
14726
14728
