676
806
1378
1482
1508
2054
2080
2184
2210
2782
2834
2860
2886
2912
3459
3510
3536
3537
3562
3588
4160
4161
4162
4186
4187
4188
4212
4215
4238
4264
4290
4291
4317
4318
4342
4343
4837
4862
4863
4864
4888
4889
4914
4915
4940
4942
4966
4967
4968
4992
4993
4994
5018
5019
5020
5021
5045
5046
5565
5590
5591
5592
5593
5616
5618
5620
5621
5642
5668
5669
5670
5695
5696
5697
5721
5722
5723
5747
5748
6269
6292
6294
6295
6318
6344
6345
6346
6370
6371
6372
6373
6383
6385
6386
6387
6397
6398
6399
6400
6410
6411
6412
6413
6423
6424
6425
6426
6438
6451
6994
6995
6996
6998
7020
7021
7022
7029
7046
7047
7048
7049
7054
7057
7058
7059
7060
7061
7062
7063
7073
7074
7076
7077
7080
7081
7083
7084
7085
7086
7087
7088
7089
7090
7100
7101
7102
7103
7112
7113
7114
7115
7126
7127
7128
7670
7671
7672
7673
7696
7697
7698
7699
7700
7701
7722
7723
7724
7725
7730
7731
7732
7733
7734
7735
7749
7750
7751
7752
7757
7758
7759
7760
7761
7762
7763
7764
7765
7775
7776
7777
7778
7779
7782
7783
7787
7788
7789
7790
7802
7803
7804
7805
7829
7830
8347
8372
8373
8374
8375
8398
8399
8400
8401
8402
8408
8409
8425
8426
8427
8428
8433
8434
8435
8436
8437
8438
8439
8440
8451
8452
8453
8454
8455
8459
8460
8462
8463
8464
8465
8478
8479
8480
8481
8482
8483
8486
8487
8491
8505
8506
8507
8508
9075
9076
9077
9101
9102
9103
9104
9105
9111
9128
9129
9130
9131
9136
9137
9138
9139
9140
9154
9155
9156
9157
9158
9162
9164
9165
9166
9167
9168
9181
9182
9183
9184
9185
9193
9208
9779
9804
9805
9806
9807
9812
9814
9830
9831
9832
9839
9840
9843
9857
9858
9859
9861
9869
9884
9885
9886
9887
9888
9893
9911
10534
10535
10560
10561
10586
10587
10588
10589
10590
10592
10618
11235
11236
11237
11262
11263
11264
11265
11266
11270
11272
11275
11289
11290
11291
11295
11299
11922
11924
11938
11939
11940
11941
11945
11946
11947
11948
11949
11951
11964
11965
11966
11967
11968
11969
11970
11971
11973
11974
11976
11977
11992
11995
11996
11997
12614
12620
12622
12623
12624
12625
12641
12642
12643
12644
12645
12646
12647
12649
12650
12651
12652
12653
12668
12669
12670
12671
12672
12674
12676
12677
12680
12681
12704
13296
13297
13299
13301
13318
13319
13320
13321
13322
13323
13324
13325
13326
13327
13328
13329
13344
13345
13346
13347
13348
13349
13350
13351
13352
13353
13354
13355
13356
13357
13371
13372
13373
13374
13380
13381
13972
13973
13997
13998
13999
14000
14001
14002
14003
14021
14022
14023
14024
14025
14026
14027
14028
14029
14030
14031
14048
14049
14050
14051
14053
14054
14055
14057
14058
14075
14675
14676
14677
14699
14703
14704
14730
14731
14734
15406
15407
15408
15431
15432
15433
15434
16109
16110
16161
