2184
2808
2834
2886
3484
3485
3510
3536
3562
4135
4160
4161
4162
4186
4187
4188
4212
4218
4219
4245
4836
4837
4838
4862
4863
4864
4865
4888
4889
4890
4891
4892
4893
4894
4914
4920
4921
4940
4943
4992
5538
5539
5540
5543
5564
5565
5566
5567
5568
5569
5570
5590
5591
5592
5593
5594
5595
5596
5597
5616
5620
5622
5642
5644
5648
5668
5709
6215
6216
6240
6241
6242
6243
6244
6245
6266
6267
6268
6269
6270
6292
6293
6318
6320
6325
6344
6347
6353
6385
6386
6387
6411
6412
6413
6414
6425
6426
6916
6917
6919
6942
6943
6944
6945
6946
6968
6969
6970
6971
6994
6995
6996
6997
7003
7020
7021
7022
7026
7030
7046
7048
7056
7058
7059
7060
7061
7062
7063
7076
7085
7086
7087
7088
7089
7090
7101
7102
7110
7114
7115
7128
7618
7644
7670
7671
7673
7696
7697
7698
7699
7705
7722
7723
7730
7731
7732
7733
7734
7735
7736
7737
7756
7757
7758
7759
7760
7761
7762
7763
7764
7765
7766
7777
7778
7783
7786
7787
7788
7789
7790
7791
7803
7804
7805
8374
8380
8398
8407
8408
8409
8410
8411
8412
8433
8434
8435
8436
8437
8438
8439
8453
8460
8461
8462
8463
8464
8465
8479
8480
8481
8492
8506
8507
9077
9083
9084
9085
9086
9109
9110
9111
9112
9113
9130
9131
9132
9133
9137
9138
9139
9154
9155
9156
9157
9158
9164
9182
9183
9184
9786
9807
9808
9810
9811
9812
9813
9815
9830
9831
9832
9833
9834
9837
9842
9856
9857
9858
9859
9860
9864
9865
9883
9884
9885
9891
10487
10515
10517
10533
10534
10535
10538
10542
10559
10560
10561
10562
10564
10566
10568
11185
11187
11211
11212
11213
11215
11236
11237
11238
11239
11240
11241
11242
11244
11247
11249
11262
11263
11264
11265
11267
11270
11271
11274
11275
11289
11297
11861
11862
11864
11887
11888
11889
11890
11913
11914
11915
11916
11917
11918
11919
11920
11921
11922
11938
11939
11940
11941
11942
11943
11944
11945
11947
11951
11965
11966
11967
11968
11969
11970
11971
11973
11976
11977
12564
12565
12566
12589
12590
12591
12592
12593
12594
12595
12596
12597
12615
12616
12617
12618
12619
12620
12621
12622
12623
12624
12625
12641
12642
12643
12644
12645
12646
12648
12649
12650
12651
12652
12653
12656
12669
13240
13241
13266
13267
13268
13269
13270
13271
13272
13274
13291
13292
13293
13294
13295
13296
13297
13298
13299
13300
13301
13302
13317
13318
13319
13320
13321
13322
13323
13324
13325
13326
13327
13328
13329
13330
13344
13345
13346
13347
13348
13349
13350
13352
13353
13354
13357
13372
13381
13943
13944
13945
13946
13967
13968
13969
13970
13971
13972
13973
13974
13975
13995
13996
13997
13998
13999
14000
14001
14002
14020
14021
14022
14023
14024
14025
14026
14027
14031
14048
14049
14050
14051
14053
14058
14673
14674
14675
14676
14678
14698
14699
14700
14701
14702
14703
14704
14705
14707
14723
14725
14726
14727
14729
14730
14734
14751
14752
14753
14754
14756
14757
14758
14762
14778
14779
15377
15378
15379
15403
15404
15405
15406
15407
15408
15409
15428
15429
15430
15431
15432
15433
15434
15454
15455
15456
15457
15458
15459
16081
16082
16083
16084
16085
16106
16107
16108
16109
16110
16131
16133
16135
16156
16758
16810
16811
16815
16837
16862
17568
17569
17570
