1404
1431
1432
2107
2108
2134
2136
2161
2187
2756
2782
2784
2808
2809
2810
2813
2834
2835
2836
2837
2840
2860
3458
3459
3460
3484
3485
3486
3487
3488
3510
3511
3512
3513
3516
3517
3518
3536
3537
3538
3539
3543
4135
4136
4160
4161
4162
4163
4164
4186
4187
4188
4189
4190
4191
4192
4193
4194
4212
4213
4214
4215
4219
4220
4239
4240
4241
4242
4244
4246
4247
4248
4266
4273
4291
4292
4810
4811
4837
4838
4839
4840
4862
4863
4864
4865
4866
4867
4868
4888
4889
4890
4891
4892
4893
4894
4895
4896
4914
4915
4916
4917
4918
4920
4921
4922
4923
4924
4925
4940
4941
4942
4943
4944
4946
4948
4949
4950
4952
4967
4968
4969
4970
4971
4977
4993
4994
4995
4997
5515
5516
5538
5539
5540
5541
5542
5543
5564
5565
5566
5567
5568
5569
5570
5571
5590
5591
5592
5593
5594
5595
5596
5597
5598
5599
5616
5617
5618
5619
5620
5621
5622
5623
5624
5625
5626
5627
5643
5644
5645
5646
5648
5652
5654
5669
5670
5671
5672
5676
6188
6242
6243
6244
6245
6266
6267
6268
6269
6270
6271
6272
6273
6292
6293
6294
6295
6296
6297
6298
6299
6301
6319
6320
6321
6322
6324
6326
6345
6346
6347
6352
6353
6356
6357
6358
6359
6372
6374
6375
6378
6380
6381
6383
6384
6385
6386
6387
6402
6405
6410
6411
6412
6413
6943
6944
6945
6946
6947
6968
6969
6970
6971
6972
6973
6994
6995
6996
6997
6998
7000
7003
7022
7024
7025
7026
7028
7030
7032
7034
7048
7049
7050
7053
7055
7057
7058
7059
7060
7061
7062
7063
7074
7075
7077
7079
7082
7083
7084
7085
7086
7087
7088
7089
7090
7105
7109
7112
7113
7115
7619
7620
7621
7622
7644
7646
7647
7648
7649
7650
7670
7671
7672
7673
7674
7675
7698
7699
7700
7702
7703
7724
7725
7729
7731
7732
7733
7734
7735
7736
7737
7738
7751
7752
7757
7758
7759
7760
7761
7762
7763
7764
7765
7776
7777
7778
7780
7782
7784
7785
7786
7787
7788
7789
7790
7791
7808
7810
8349
8350
8351
8352
8373
8374
8375
8376
8377
8379
8400
8401
8402
8403
8406
8408
8409
8410
8411
8412
8426
8427
8428
8430
8434
8435
8436
8437
8438
8439
8440
8452
8453
8454
8461
8462
8463
8464
8465
8466
8467
8468
8485
8487
9050
9051
9052
9053
9054
9076
9077
9078
9079
9102
9103
9104
9106
9111
9112
9113
9114
9128
9129
9130
9135
9136
9138
9139
9140
9141
9156
9162
9165
9184
9187
9752
9753
9754
9755
9756
9778
9779
9780
9781
9782
9805
9806
9808
9809
9830
9831
9840
9841
9842
9858
9861
9864
9865
10456
10457
10458
10461
10480
10481
10482
10483
10484
10488
10508
10510
10511
10533
10534
10535
10536
10537
10538
10539
10540
10560
10568
10569
10573
11136
11157
11158
11159
11160
11184
11185
11186
11209
11210
11211
11212
11213
11214
11216
11236
11237
11238
11239
11241
11242
11246
11265
11266
11267
11269
11270
11274
11294
11296
11297
11784
11811
11812
11836
11861
11862
11864
11886
11887
11888
11889
11891
11912
11913
11915
11916
11917
11919
11921
11938
11939
11940
11941
11942
11943
11945
11946
11947
11948
11949
11950
11971
11972
11997
12487
12513
12514
12515
12516
12537
12539
12540
12541
12563
12564
12565
12589
12590
12591
12592
12593
12615
12616
12617
12618
12619
12620
12621
12622
12623
12624
12642
12646
12647
12649
12650
12651
12652
12654
12670
12677
12678
12679
12680
12683
13163
13189
13190
13191
13216
13244
13266
13267
13292
13293
13294
13295
13296
13297
13298
13318
13319
13320
13321
13322
13323
13324
13325
13326
13327
13328
13345
13346
13347
13349
13352
13353
13354
13355
13356
13357
13373
13375
13381
13382
13384
13866
13867
13893
13894
13919
13920
13969
13970
13972
13973
13995
13996
13997
13998
13999
14000
14001
14002
14022
14024
14025
14026
14027
14028
14029
14030
14031
14032
14033
14049
14054
14055
14056
14057
14058
14059
14060
14081
14084
14085
14569
14676
14700
14704
14705
14706
14707
14730
14731
14732
14733
14734
14735
14736
14758
14759
14760
14761
14762
14784
14810
15378
15383
15405
15408
15409
15410
15411
15433
15434
15435
15436
15437
15438
15460
15462
15464
16110
16111
16113
16114
16137
16138
16164
16217
16813
16817
16840
16841
16843
16844
16870
16871
17519
17520
17546
17547
17573
17574
17575
