733
734
1410
1434
1435
1436
1463
1464
2110
2111
2112
2138
2139
2140
2141
2166
2167
2813
2814
2816
2841
2842
2843
2869
3432
3490
3510
3517
3518
3519
3544
3545
3546
3571
3572
3573
4160
4186
4188
4189
4220
4221
4246
4247
4248
4249
4274
4275
4276
4863
4864
4866
4889
4890
4891
4892
4916
4917
4918
4919
4921
4922
4923
4924
4949
4950
4951
4952
4953
4977
4978
4979
5541
5567
5568
5569
5593
5594
5595
5596
5597
5598
5599
5618
5619
5620
5622
5624
5625
5626
5627
5650
5651
5652
5653
5654
5655
5680
5681
5683
6245
6268
6269
6270
6271
6272
6273
6274
6295
6296
6297
6298
6299
6300
6301
6302
6303
6321
6322
6323
6324
6325
6326
6327
6328
6329
6330
6348
6353
6354
6355
6356
6357
6358
6359
6383
6384
6385
6386
6387
6412
6413
6947
6948
6949
6971
6972
6973
6974
6975
6976
6977
6998
6999
7000
7001
7002
7003
7004
7005
7024
7025
7026
7027
7028
7029
7030
7031
7032
7033
7034
7056
7058
7059
7060
7061
7062
7063
7086
7087
7088
7089
7090
7115
7116
7624
7649
7650
7651
7674
7675
7676
7677
7678
7679
7700
7701
7702
7703
7704
7705
7706
7707
7708
7709
7727
7728
7729
7730
7731
7732
7733
7734
7735
7736
7737
7738
7760
7761
7762
7763
7764
7765
7766
7789
7790
7791
7792
8352
8353
8378
8379
8381
8404
8405
8410
8411
8412
8430
8432
8433
8436
8437
8438
8439
8440
8441
8464
8465
8466
8467
8493
8494
9082
9113
9114
9143
9167
9169
9816
