6384
6386
6412
6413
7031
7055
7056
7057
7058
7059
7060
7061
7062
7063
7085
7086
7087
7088
7089
7114
7115
7116
7732
7736
7758
7759
7760
7761
7762
7763
7764
7765
7788
7789
7791
8435
8436
8437
8438
8462
8463
8464
8465
9137
9138
9140
9165
9167
9839
9841
10517
10544
10545
11247
11947
11950
12624
12625
12649
12650
12651
12652
12653
12654
12677
12681
13296
13297
13298
13299
13320
13321
13322
13323
13324
13325
13326
13327
13328
13329
13349
13351
13352
13353
13354
13355
13971
13972
13973
13996
13997
13998
13999
14000
14001
14023
14024
14025
14026
14027
14028
14674
14700
14701
14702
14703
14726
