3693
4160
4161
4186
4187
4212
4294
4343
4344
4369
4837
4838
4862
4863
4864
4888
4889
4914
4915
4941
4967
4968
4970
4993
4994
4995
4996
4997
4998
5019
5020
5022
5538
5539
5540
5564
5565
5566
5591
5592
5617
5618
5622
5643
5644
5646
5647
5669
5670
5671
5672
5673
5674
5695
5696
5697
5698
5702
5703
5704
6214
6215
6240
6241
6242
6243
6266
6267
6268
6269
6292
6293
6294
6295
6296
6319
6320
6321
6323
6324
6345
6346
6347
6348
6349
6350
6371
6372
6373
6375
6377
6406
6409
6410
6411
6412
6916
6917
6918
6943
6944
6945
6969
6970
6971
6994
6995
6996
6997
6998
7021
7022
7023
7025
7026
7047
7048
7049
7055
7081
7082
7084
7086
7087
7088
7089
7109
7110
7111
7112
7113
7114
7135
7672
7673
7697
7698
7699
7725
7726
7784
7785
7786
8435
8462
9137
