1456
1482
2158
2184
2808
2834
2860
2886
2912
3536
3537
3562
3588
3614
3666
3667
4186
4212
4214
4238
4264
4265
4266
4290
4291
4292
4316
4317
4318
4342
4343
4344
4369
4915
4916
4940
4941
4942
4943
4966
4967
4968
4992
4993
4994
4995
5018
5019
5020
5021
5045
5046
5592
5593
5618
5619
5620
5644
5645
5646
5668
5669
5670
5671
5672
5694
5695
5696
5697
5698
5720
5721
5722
5723
6294
6295
6296
6297
6318
6320
6321
6322
6323
6344
6345
6346
6347
6348
6370
6371
6372
6373
6374
6396
6397
6398
6399
6425
6971
6972
6973
6994
6996
6997
6998
6999
7000
7020
7021
7022
7023
7024
7046
7047
7048
7049
7050
7051
7072
7073
7074
7075
7076
7077
7675
7696
7697
7698
7699
7700
7722
7723
7724
7725
7726
7727
7749
7750
7751
7752
7777
8399
8400
8401
8425
8426
8427
8453
8456
13401
14078
14079
14104
14105
14130
14779
14780
14781
14806
14807
15484
15511
16186
16212
