1482
1508
1534
1613
1639
1640
1693
2158
2159
2184
2186
2210
2236
2288
2316
2342
2343
2368
2369
2370
2371
2397
2398
2399
2834
2860
2861
2862
2863
2886
2887
2888
2912
2938
2964
2991
2992
3018
3019
3044
3045
3046
3510
3536
3537
3538
3562
3563
3564
3565
3588
3589
3590
3614
3615
3640
3641
3666
3667
3668
3693
3694
3695
3720
3721
4238
4239
4240
4264
4265
4266
4267
4268
4290
4291
4292
4293
4294
4317
4318
4319
4342
4343
4344
4345
4368
4369
4370
4395
4396
4916
4917
4940
4941
4942
4943
4966
4967
4968
4969
4970
4971
4972
4992
4993
4994
4995
4996
4997
5018
5019
5020
5021
5022
5045
5046
5047
5072
5617
5619
5642
5643
5644
5645
5646
5647
5668
5669
5670
5671
5672
5673
5674
5675
5694
5695
5696
5697
5698
5699
5701
5720
5721
5722
5723
5724
6295
6296
6319
6320
6321
6322
6344
6345
6346
6347
6348
6349
6370
6371
6372
6373
6374
6375
6396
6397
6398
6399
6400
6424
6428
6972
6973
6997
6998
6999
7021
7022
7023
7024
7025
7046
7047
7048
7049
7050
7051
7072
7073
7074
7075
7076
7077
7101
7102
7675
7699
7700
7702
7723
7724
7725
7726
7727
7749
7750
7751
7753
7777
7779
8402
8427
8453
8454
8481
9156
9157
14130
14781
14782
14806
14807
14808
15483
15486
16160
16186
16187
