3
26
27
28
29
30
52
79
130
156
159
182
208
209
235
832
858
886
910
911
912
914
941
1430
1482
1508
1509
1513
1537
1538
1560
1561
1562
1563
1564
1586
1589
1590
1613
1615
1640
1641
1667
1694
2132
2133
2134
2137
2138
2140
2158
2159
2160
2165
2166
2184
2185
2210
2211
2213
2216
2236
2237
2264
2288
2289
2291
2293
2295
2314
2315
2316
2317
2318
2320
2341
2343
2344
2345
2368
2369
2370
2371
2372
2396
2397
2398
2399
2400
2808
2810
2812
2816
2834
2835
2836
2837
2838
2839
2840
2841
2842
2860
2861
2862
2863
2864
2868
2869
2870
2886
2887
2912
2913
2938
2939
2941
2942
2964
2965
2966
2967
2968
2971
2991
2992
2993
2994
2995
2996
3017
3018
3019
3020
3021
3022
3044
3045
3046
3047
3048
3049
3050
3051
3072
3073
3074
3075
3076
3077
3078
3099
3100
3101
3104
3105
3510
3511
3512
3514
3515
3516
3517
3536
3537
3538
3539
3540
3541
3542
3543
3544
3562
3563
3564
3565
3566
3570
3588
3589
3590
3591
3592
3593
3614
3615
3617
3618
3640
3641
3642
3643
3644
3645
3646
3666
3667
3668
3669
3670
3671
3673
3693
3694
3695
3696
3697
3698
3699
3701
3720
3721
3722
3723
3724
3725
3726
3727
3728
3729
3747
3749
3750
3751
3752
3753
3754
3755
3756
3779
3781
3782
3783
4212
4214
4215
4216
4218
4219
4220
4238
4239
4240
4241
4242
4243
4244
4245
4246
4264
4265
4266
4267
4268
4271
4273
4290
4291
4292
4293
4294
4296
4316
4317
4318
4319
4320
4321
4323
4342
4343
4344
4345
4346
4347
4348
4349
4369
4370
4371
4372
4374
4377
4396
4397
4398
4400
4401
4402
4403
4404
4423
4425
4426
4427
4428
4429
4430
4431
4432
4433
4434
4451
4456
4457
4459
4460
4461
4914
4915
4916
4918
4919
4921
4922
4940
4941
4942
4943
4944
4945
4946
4947
4948
4949
4950
4951
4966
4967
4968
4969
4970
4971
4972
4973
4976
4992
4993
4994
4995
4996
4997
4998
5018
5019
5020
5021
5022
5023
5045
5046
5047
5048
5049
5050
5051
5055
5059
5072
5073
5074
5075
5077
5081
5083
5084
5101
5102
5104
5108
5109
5110
5111
5127
5134
5136
5616
5618
5620
5621
5622
5623
5624
5625
5626
5642
5643
5644
5645
5646
5647
5648
5649
5650
5651
5652
5654
5668
5669
5670
5671
5672
5673
5674
5675
5676
5677
5678
5694
5695
5696
5697
5698
5699
5700
5701
5702
5721
5722
5723
5724
5726
5728
5749
5750
5751
5755
5760
5761
5776
5777
5785
5786
5787
6295
6320
6321
6322
6323
6324
6325
6326
6327
6344
6345
6346
6347
6348
6349
6350
6351
6352
6353
6354
6355
6370
6371
6372
6373
6374
6375
6376
6377
6378
6379
6380
6382
6383
6384
6385
6396
6397
6398
6399
6400
6401
6402
6404
6408
6409
6411
6412
6413
6425
6426
6427
6429
6438
6452
6971
6996
6997
6998
7022
7023
7024
7025
7026
7027
7028
7029
7031
7032
7033
7046
7047
7048
7049
7050
7051
7052
7053
7054
7055
7056
7057
7058
7059
7060
7061
7062
7073
7074
7075
7076
7077
7078
7080
7082
7083
7084
7085
7086
7087
7088
7089
7102
7103
7104
7109
7110
7111
7113
7114
7115
7128
7135
7674
7700
7722
7723
7724
7725
7726
7727
7728
7729
7730
7732
7735
7736
7737
7749
7750
7751
7752
7753
7754
7755
7756
7757
7758
7759
7760
7761
7762
7763
7764
7765
7778
7779
7780
7781
7782
7783
7784
7785
7786
7787
7788
7789
7790
7791
7804
7812
8426
8428
8430
8433
8434
8435
8436
8437
8438
8441
8455
8457
8460
8461
8462
8463
8464
8465
8482
8486
9110
9111
9112
9133
9135
9162
9165
9168
13376
14060
14086
14734
14736
14757
14759
14761
14762
