133
182
208
832
860
884
886
887
911
912
913
914
936
937
938
939
940
964
1456
1482
1508
1511
1534
1535
1560
1562
1563
1586
1587
1589
1612
1613
1614
1615
1616
1617
1639
1640
1641
1642
1643
1644
1666
1667
2132
2134
2158
2165
2184
2185
2190
2210
2211
2212
2236
2238
2239
2241
2262
2263
2264
2266
2267
2268
2288
2289
2290
2291
2293
2315
2316
2317
2318
2342
2343
2344
2346
2369
2370
2371
2396
2397
2398
2399
2808
2834
2835
2836
2837
2860
2861
2862
2886
2887
2888
2894
2912
2913
2914
2917
2938
2939
2940
2941
2946
2964
2965
2966
2967
2969
2991
2992
2993
2994
3018
3019
3020
3021
3022
3044
3045
3046
3047
3048
3049
3052
3071
3072
3073
3074
3075
3076
3077
3078
3102
3103
3510
3511
3536
3537
3538
3539
3562
3563
3588
3589
3590
3591
3614
3615
3616
3620
3640
3641
3642
3643
3645
3646
3667
3668
3669
3670
3671
3673
3694
3695
3696
3697
3698
3699
3720
3721
3722
3723
3724
3725
3726
3727
3747
3748
3749
3750
3751
3752
3753
3754
3755
3777
3778
3779
3780
3781
3782
4161
4162
4187
4212
4213
4214
4216
4238
4239
4240
4241
4242
4264
4265
4266
4268
4290
4291
4292
4293
4294
4299
4316
4317
4318
4319
4321
4325
4326
4343
4344
4345
4346
4347
4349
4369
4370
4371
4372
4373
4374
4375
4376
4377
4382
4396
4397
4398
4399
4400
4401
4403
4404
4406
4426
4428
4429
4430
4431
4432
4433
4455
4456
4457
4458
4459
4837
4838
4863
4888
4914
4915
4916
4918
4919
4940
4941
4942
4943
4944
4945
4966
4967
4968
4969
4970
4992
4993
4994
4995
4996
5019
5020
5021
5022
5023
5045
5046
5047
5048
5049
5050
5051
5052
5053
5056
5072
5073
5074
5075
5076
5080
5082
5083
5084
5099
5105
5106
5107
5108
5109
5110
5134
5135
5136
5137
5513
5539
5540
5565
5566
5590
5591
5617
5618
5619
5620
5621
5622
5643
5644
5645
5646
5647
5648
5649
5668
5669
5670
5671
5672
5673
5694
5695
5696
5697
5698
5699
5708
5721
5722
5723
5724
5725
5726
5735
5747
5748
5749
5750
5751
5752
5753
5758
5759
5760
5761
5783
5784
5785
5786
5787
5788
5809
5810
5811
5813
6241
6242
6266
6267
6268
6292
6293
6294
6319
6320
6321
6322
6324
6345
6346
6347
6348
6349
6350
6351
6370
6371
6372
6373
6374
6375
6376
6384
6396
6397
6398
6399
6400
6401
6410
6411
6423
6424
6425
6426
6427
6428
6436
6437
6438
6462
6464
6969
6970
6995
6996
7022
7023
7024
7025
7026
7027
7046
7047
7048
7049
7050
7051
7052
7053
7072
7073
7074
7075
7076
7077
7078
7079
7099
7100
7101
7102
7115
7137
7697
7723
7724
7725
7726
7727
7749
7750
7751
7752
7753
7754
7756
7775
7777
7778
7779
7806
8399
8400
8425
8426
8429
8430
8456
9103
9131
9134
9160
