1482
1534
1535
1536
1560
1589
1642
2132
2184
2185
2187
2210
2212
2236
2240
2262
2291
2811
2834
2835
2837
2838
2839
2860
2863
2864
2886
2887
2889
2912
2939
2964
2995
3046
3047
3486
3510
3512
3513
3514
3515
3536
3537
3538
3539
3540
3541
3562
3563
3565
3566
3588
3589
3615
3616
3641
3642
3643
3646
3669
3670
3672
3695
3697
3721
3722
3724
3746
3747
3748
4160
4161
4162
4186
4187
4188
4189
4190
4191
4212
4213
4214
4215
4216
4217
4238
4240
4241
4242
4244
4264
4265
4268
4291
4292
4293
4294
4295
4296
4318
4319
4320
4322
4345
4346
4347
4370
4371
4372
4373
4374
4375
4397
4398
4423
4425
4836
4837
4862
4863
4864
4865
4888
4889
4890
4891
4892
4893
4894
4914
4915
4916
4917
4918
4919
4920
4941
4942
4945
4967
4968
4969
4972
4993
4994
4995
4996
4999
5020
5021
5022
5023
5025
5047
5048
5049
5073
5074
5075
5098
5099
5100
5125
5539
5565
5566
5567
5568
5569
5592
5593
5594
5595
5596
5597
5617
5618
5619
5620
5621
5622
5623
5643
5644
5645
5646
5669
5670
5671
5672
5696
5697
5698
5699
5724
5749
5775
5776
6241
6242
6267
6268
6269
6270
6293
6294
6295
6296
6297
6298
6319
6320
6321
6322
6323
6345
6346
6347
6348
6349
6372
6373
6374
6378
6399
6400
6401
6425
6427
6450
6451
6944
6969
6970
6971
6972
6995
6996
6997
6998
7021
7022
7023
7024
7025
7048
7049
7050
7053
7075
7077
7101
7102
7103
7127
7128
7698
7699
7700
7701
7725
7726
7751
7752
7777
7778
7780
7803
7804
7805
7830
8403
8428
8429
8430
8453
8454
8478
8479
8480
8481
8482
8507
9104
9105
9131
9157
9158
9180
9181
9182
9185
9807
9809
9835
9857
9858
9859
10509
10511
10512
10534
10535
10536
11186
11211
11212
11213
