2109
2136
2786
2811
2812
2835
2836
2837
2838
2839
3484
3485
3486
3487
3488
3512
3513
3514
3515
3516
3538
3539
3540
3541
3542
3544
4161
4162
4163
4187
4188
4189
4190
4191
4214
4215
4216
4217
4218
4219
4241
4242
4243
4244
4245
4864
4865
4866
4890
4892
4893
4894
4918
4919
4920
4921
4945
4947
5597
6328
6354
6355
6356
6382
6384
6385
6386
6387
6412
6413
7030
7031
7058
7059
7060
7061
7062
7063
7085
7086
7087
7088
7089
7090
7114
7115
7116
7734
7735
7736
7739
7760
7761
7762
7763
7764
7765
7788
7789
7790
7791
7792
8437
8438
8439
8463
8464
8465
8466
8467
8490
9140
9142
9167
9169
