29
57
58
732
759
1405
1410
1430
1432
1437
1462
1463
1464
2108
2132
2136
2139
2140
2163
2164
2166
2167
2756
2782
2783
2784
2808
2809
2810
2812
2834
2838
2839
2841
2842
2843
2869
3458
3484
3485
3486
3487
3510
3511
3512
3513
3536
3544
3545
3546
3571
3572
3573
3600
4160
4161
4162
4186
4187
4188
4189
4212
4214
4215
4216
4239
4246
4247
4248
4249
4273
4274
4275
4276
4302
4836
4862
4864
4889
4890
4891
4892
4893
4914
4917
4918
4919
4920
4923
4924
4925
4926
4942
4949
4950
4951
4952
4966
4967
4978
4994
5538
5564
5565
5566
5591
5593
5594
5595
5617
5618
5619
5620
5621
5622
5624
5626
5628
5643
5644
5645
5652
5654
5655
5669
5670
5671
5682
5683
5708
6240
6269
6270
6292
6293
6295
6296
6319
6320
6321
6322
6346
6347
6353
6354
6355
6356
6357
6358
6359
6373
6382
6383
6384
6385
6386
6387
6411
6412
6413
6969
6970
6971
6972
6996
6997
6998
6999
7000
7001
7022
7023
7024
7025
7028
7029
7030
7034
7048
7049
7050
7056
7057
7058
7059
7060
7061
7062
7063
7064
7076
7085
7086
7087
7088
7089
7090
7114
7115
7670
7671
7673
7674
7699
7701
7703
7706
7725
7726
7727
7728
7729
7731
7732
7733
7734
7735
7736
7737
7738
7751
7752
7758
7759
7760
7761
7762
7763
7764
7765
7766
7786
7787
7788
7789
7790
7791
7792
8348
8349
8350
8376
8377
8401
8402
8408
8409
8410
8427
8428
8429
8430
8432
8433
8434
8435
8436
8437
8438
8439
8440
8441
8454
8461
8462
8463
8464
8465
8466
8467
8492
8494
9051
9052
9053
9078
9079
9080
9081
9083
9103
9104
9105
9106
9109
9110
9130
9131
9132
9134
9135
9136
9137
9138
9159
9164
9165
9166
9167
9168
9169
9196
9753
9754
9779
9780
9781
9782
9783
9784
9805
9806
9807
9808
9809
9814
9832
9834
9835
9836
9837
9838
9839
9840
9841
9842
9865
9866
10456
10457
10482
10483
10484
10485
10486
10509
10510
10511
10512
10513
10514
10515
10537
10539
10540
10541
10542
10543
10544
10569
10575
10576
10601
10603
11158
11159
11160
11161
11185
11186
11187
11188
11189
11213
11214
11215
11216
11217
11218
11239
11240
11243
11244
11245
11252
11273
11274
11275
11278
11301
11305
11861
11862
11863
11864
11887
11888
11889
11890
11891
11917
11920
11921
11922
11942
11949
11952
11975
11977
11978
11981
11982
11983
12006
12007
12563
12564
12565
12566
12590
12591
12592
12593
12594
12595
12596
12597
12620
12621
12622
12623
12624
12625
12648
12649
12651
12652
12653
12654
12680
12682
12683
12710
12711
13266
13267
13268
13269
13270
13271
13292
13293
13294
13295
13296
13297
13298
13299
13301
13322
13323
13324
13325
13326
13327
13328
13353
13354
13355
13356
13361
13383
13969
13970
13971
13972
13973
13975
13996
13997
13998
13999
14000
14001
14002
14027
14028
14029
14030
14031
14032
14056
14674
14675
14731
