2834
2860
3458
3459
3484
3510
3536
4134
4160
4161
4162
4163
4186
4187
4188
4190
4191
4212
4215
4219
4238
4321
4836
4837
4839
4862
4863
4864
4865
4866
4867
4889
4890
4891
4892
4893
4914
4915
4916
4917
4918
4941
4967
4968
4971
4992
4993
4994
4997
4999
5020
5022
5023
5026
5512
5513
5514
5538
5539
5540
5541
5565
5566
5567
5568
5591
5592
5593
5594
5595
5616
5617
5618
5619
5620
5621
5622
5623
5624
5643
5644
5645
5646
5647
5649
5650
5651
5669
5670
5671
5672
5673
5674
5675
5676
5695
5696
5697
5698
5700
5704
6215
6216
6217
6241
6242
6243
6266
6267
6268
6269
6270
6271
6293
6294
6295
6296
6297
6298
6319
6320
6321
6322
6323
6324
6325
6326
6345
6346
6347
6348
6349
6350
6351
6352
6353
6354
6371
6372
6373
6374
6386
6387
6411
6412
6413
6917
6918
6943
6944
6945
6947
6969
6970
6971
6972
6973
6974
6995
6996
6997
6998
6999
7000
7001
7021
7022
7023
7024
7025
7026
7027
7028
7029
7030
7047
7048
7049
7050
7051
7053
7056
7057
7059
7060
7061
7062
7063
7083
7084
7085
7086
7087
7088
7089
7090
7111
7112
7114
7115
7621
7646
7647
7671
7672
7676
7677
7678
7698
7699
7700
7702
7703
7725
7726
7727
7733
7735
7736
7752
7758
7759
7760
7761
7762
7763
7764
7765
7784
7785
7786
7787
7788
7789
7791
8349
8353
8379
8380
8382
8410
8434
8435
8436
8437
8438
8439
8460
8461
8462
8464
8486
9110
9111
9141
