2137
2158
2808
2810
2812
2834
2838
2840
2860
3484
3486
3489
3490
3510
3513
3514
3536
3562
4162
4186
4189
4190
4212
4217
4265
4343
4344
4862
4863
4864
4865
4866
4890
4891
4892
4914
4916
4918
4919
4920
4921
4940
4941
4942
4967
4973
5018
5019
5020
5539
5540
5541
5564
5565
5566
5567
5568
5569
5570
5591
5592
5593
5594
5595
5596
5618
5619
5620
5621
5622
5623
5624
5650
5669
5670
5695
5696
6215
6241
6242
6243
6244
6267
6268
6269
6270
6271
6272
6293
6294
6295
6296
6297
6298
6300
6319
6320
6321
6322
6323
6324
6326
6327
6345
6346
6347
6350
6351
6352
6371
6372
6373
6385
6386
6387
6412
6413
6918
6943
6944
6945
6946
6969
6970
6971
6972
6973
6974
6975
6995
6996
6997
6998
6999
7000
7001
7003
7021
7022
7023
7024
7025
7026
7027
7028
7029
7033
7047
7048
7049
7050
7054
7055
7056
7057
7059
7060
7061
7062
7063
7084
7085
7086
7087
7088
7089
7090
7621
7646
7647
7650
7672
7673
7675
7676
7677
7697
7698
7699
7700
7701
7702
7703
7706
7724
7725
7726
7731
7732
7733
7734
7735
7736
7758
7760
7761
7762
7763
7764
7765
7788
8353
8379
8408
8409
8435
8436
8437
8438
8439
