2137
2808
2812
2841
3484
3485
3489
3510
3513
3515
3536
4160
4162
4163
4186
4187
4212
4213
4214
4215
4216
4217
4218
4239
4243
4836
4837
4838
4863
4864
4865
4866
4867
4888
4889
4890
4891
4893
4914
4915
4916
4917
4918
4919
4920
4921
4940
4941
4942
4943
4946
5539
5540
5541
5542
5565
5566
5567
5568
5569
5591
5592
5593
5594
5595
5617
5618
5619
5620
5621
5622
5623
5624
5643
5644
5645
5646
5647
5648
5649
5650
5651
5675
5676
6241
6242
6243
6267
6268
6269
6271
6272
6293
6294
6295
6296
6297
6298
6319
6320
6321
6322
6323
6324
6325
6326
6327
6346
6347
6348
6349
6350
6351
6352
6353
6355
6386
6411
6412
6413
6945
6946
6970
6971
6972
6995
6996
6997
6998
6999
7000
7001
7002
7022
7023
7024
7025
7027
7028
7029
7048
7049
7050
7051
7052
7055
7056
7057
7058
7059
7060
7061
7062
7063
7082
7083
7084
7085
7086
7087
7088
7089
7090
7113
7115
7672
7673
7674
7698
7699
7700
7701
7702
7703
7704
7725
7726
7727
7728
7729
7732
7734
7735
7736
7738
7753
7758
7759
7760
7761
7762
7763
7764
7765
7766
7787
7788
7789
7790
8353
8404
8407
8409
8410
8433
8434
8435
8436
8437
8438
8440
8460
8461
8463
8465
8466
8490
9085
9111
9139
9167
