2210
2912
2938
3459
3484
3485
3486
3510
3562
3588
3614
3615
3640
3667
4160
4161
4162
4163
4186
4187
4188
4189
4212
4213
4238
4264
4290
4291
4316
4317
4342
4343
4344
4369
4370
4836
4837
4838
4862
4863
4864
4865
4888
4889
4890
4891
4914
4915
4916
4940
4941
4942
4966
4967
4968
4992
4993
4994
5018
5019
5020
5021
5045
5046
5538
5539
5540
5564
5565
5566
5568
5590
5591
5592
5593
5594
5616
5617
5618
5619
5643
5644
5669
5670
5695
5696
5697
5721
5722
5723
6241
6242
6266
6267
6268
6270
6271
6293
6294
6296
6297
6298
6319
6320
6321
6345
6346
6347
6371
6372
6373
6398
6399
6400
6943
6944
6969
6970
6973
6974
6995
6996
6999
7000
7001
7021
7022
7047
7049
7676
7677
7702
7703
8379
