2184
2860
2886
2912
3484
3485
3562
3588
3614
3640
4160
4161
4162
4186
4187
4188
4238
4264
4290
4291
4316
4317
4318
4343
4344
4836
4837
4838
4862
4863
4864
4888
4889
4890
4915
4940
4941
4967
4968
4992
4993
4994
4995
5019
5020
5021
5539
5540
5564
5565
5566
5567
5590
5591
5592
5593
5617
5618
5643
5644
5645
5668
5669
5670
5671
5695
5696
5697
5722
5723
6241
6242
6266
6267
6268
6269
6292
6293
6294
6295
6318
6319
6320
6344
6345
6346
6347
6371
6372
6373
6398
6399
6943
6944
6969
6970
6971
6972
6973
6994
6995
6996
6997
6998
7020
7021
7022
7023
7024
7047
7048
7075
7671
7672
7675
7697
7698
7699
7723
7724
7725
7750
