2756
3458
3459
3484
3485
3487
4134
4135
4160
4161
4162
4163
4186
4187
4188
4189
4836
4837
4838
4862
4863
4864
4865
4866
4888
4889
4890
4891
4892
4915
4916
5019
5538
5539
5540
5541
5564
5565
5566
5567
5568
5590
5591
5592
5593
5594
5595
5618
5619
5620
5621
5643
5646
5668
5669
5670
5695
6215
6216
6217
6240
6241
6242
6243
6244
6267
6268
6269
6270
6271
6293
6294
6295
6296
6297
6298
6319
6320
6321
6322
6323
6324
6345
6346
6347
6350
6371
6372
6917
6918
6919
6943
6944
6945
6946
6969
6970
6971
6972
6973
6974
6975
6995
6996
6997
6998
6999
7000
7001
7020
7021
7022
7023
7024
7025
7026
7027
7047
7048
7049
7050
7649
7672
7673
7674
7675
7676
7677
7697
7698
7699
7701
7702
7703
7704
7722
7723
7726
8351
8352
8378
8379
8380
13976
14002
14003
14004
14705
14706
14707
14732
14733
15383
15408
15409
15410
15434
15435
15436
16085
16086
16110
16111
16112
16113
16138
16139
16814
16815
16816
16840
17517
