2184
2808
2834
2860
2861
2862
2886
2887
2938
2939
2964
3458
3459
3484
3485
3486
3487
3510
3512
3513
3536
3562
3564
3588
3614
3615
3640
3641
3667
4160
4161
4162
4186
4187
4188
4189
4190
4212
4213
4214
4215
4216
4217
4238
4241
4243
4266
4267
4290
4291
4292
4294
4316
4317
4319
4343
4344
4345
4836
4837
4838
4862
4863
4864
4865
4888
4889
4890
4891
4892
4893
4914
4915
4916
4917
4918
4919
4920
4940
4941
4942
4943
4944
4946
4966
4967
4969
4970
4971
4993
4994
4995
4996
5019
5020
5021
5022
5046
5073
5538
5539
5540
5565
5566
5567
5568
5569
5590
5591
5592
5593
5594
5595
5616
5617
5618
5619
5620
5621
5622
5623
5643
5644
5645
5646
5647
5648
5668
5669
5670
5671
5672
5673
5674
5676
5694
5695
5696
5697
5698
5699
5721
5722
5723
5724
5750
6240
6241
6242
6243
6266
6267
6268
6269
6270
6271
6292
6293
6294
6295
6296
6297
6319
6320
6321
6322
6323
6324
6344
6345
6346
6347
6348
6349
6350
6352
6370
6371
6372
6373
6375
6376
6377
6378
6380
6398
6399
6400
6401
6425
6426
6942
6943
6944
6968
6969
6970
6971
6972
6973
6974
6994
6995
6996
6997
6998
6999
7000
7001
7002
7021
7022
7023
7024
7025
7027
7047
7048
7049
7050
7055
7056
7058
7060
7061
7075
7077
7078
7080
7083
7084
7085
7086
7101
7102
7103
7108
7109
7110
7111
7645
7646
7647
7671
7672
7673
7674
7675
7677
7697
7698
7699
7701
7702
7703
7704
7705
7723
7724
7725
7726
7731
7733
7734
7735
7737
7749
7750
7752
7758
7759
7760
7761
7762
7763
7764
7779
7783
7784
7785
7786
8379
8405
8428
8430
8437
8461
8463
9140
14029
14705
14732
14759
14760
15435
15436
15460
16111
16112
16137
16138
16814
17516
