1430
1456
2106
2132
2133
2158
2184
2782
2808
2809
2811
2834
2835
2837
2860
2861
2886
3458
3484
3485
3510
3511
3512
3513
3536
3537
3538
3539
3541
3562
3563
3588
4160
4161
4162
4186
4187
4188
4212
4213
4214
4215
4216
4217
4238
4239
4240
4241
4242
4264
4265
4290
4291
4292
4316
4836
4837
4838
4862
4863
4864
4865
4888
4889
4890
4891
4892
4914
4915
4916
4917
4918
4919
4940
4941
4942
4943
4944
4966
4967
4968
4969
4970
4992
4993
4994
4995
5018
5019
5020
5514
5538
5539
5540
5564
5565
5566
5590
5591
5592
5594
5616
5617
5618
5619
5620
5621
5622
5642
5643
5644
5645
5646
5647
5648
5649
5668
5669
5670
5671
5672
5673
5694
5695
5696
5697
5698
5721
5722
5723
6240
6241
6242
6266
6267
6268
6269
6270
6292
6293
6294
6295
6296
6297
6298
6319
6320
6321
6322
6323
6324
6325
6344
6345
6346
6347
6348
6349
6350
6352
6370
6371
6372
6373
6374
6375
6377
6397
6398
6399
6400
6401
6425
6943
6944
6968
6969
6970
6971
6972
6973
6974
6994
6995
6996
6997
6998
6999
7000
7001
7020
7021
7022
7023
7024
7025
7026
7027
7028
7046
7047
7048
7049
7050
7051
7052
7054
7073
7074
7075
7076
7077
7078
7079
7101
7102
7103
7645
7649
7670
7671
7673
7674
7675
7676
7696
7697
7698
7699
7700
7701
7702
7703
7704
7723
7724
7725
7726
7727
7728
7730
7749
7750
7751
7752
7753
7754
7755
7756
7777
7778
7779
7780
8377
8378
8380
8400
8401
8402
8403
8404
8405
8426
8427
8428
8429
8430
8431
8432
8453
8454
8455
8456
9105
9107
9130
9131
9132
9133
9156
9157
9160
9809
9833
12646
12699
12700
12752
13325
13350
13375
13376
13377
13401
13429
14027
14029
14053
14054
14055
14079
14080
14081
14082
14104
14105
14705
14706
14729
14731
14732
14733
14755
14756
14757
14759
14780
14781
14782
14783
14809
15409
15430
15431
15432
15433
15434
15435
15456
15457
15458
15459
15460
15462
15484
15485
16111
16134
16135
16136
16138
16160
16162
16163
16188
16189
16213
16214
16837
16839
16841
16866
16867
17542
17566
17593
