2811
2837
2838
2864
3460
3485
3486
3487
3488
3489
3512
3513
3514
3515
3516
3538
3539
3540
3541
4134
4161
4162
4163
4187
4188
4189
4190
4191
4212
4214
4215
4216
4217
4218
4238
4241
4242
4243
4244
4264
4836
4837
4862
4863
4864
4865
4866
4890
4891
4892
4893
4894
4914
4915
4917
4918
4919
4920
4940
4941
4942
4943
4944
4945
4946
4947
4967
5538
5539
5540
5564
5565
5566
5567
5568
5569
5591
5592
5593
5594
5595
5596
5617
5618
5619
5620
5621
5622
5623
5624
5643
5644
5645
5646
5670
6240
6241
6242
6243
6266
6267
6268
6269
6270
6271
6272
6293
6294
6295
6296
6297
6298
6299
6319
6320
6321
6322
6328
6345
6346
6347
6348
6349
6352
6353
6354
6373
6386
6387
6411
6412
6918
6942
6943
6944
6945
6946
6947
6968
6969
6970
6971
6972
6973
6974
6975
6995
6998
6999
7000
7004
7022
7023
7024
7028
7030
7031
7032
7035
7048
7049
7050
7051
7052
7056
7057
7058
7059
7060
7061
7062
7063
7084
7085
7086
7087
7088
7089
7090
7114
7115
7645
7646
7647
7648
7649
7675
7705
7707
7731
7732
7733
7734
7735
7737
7753
7758
7760
7761
7762
7763
7764
7765
7789
7790
7791
8410
8435
8436
8437
8438
8463
8464
8465
8467
9110
9112
9113
9137
9140
9141
9168
16814
