2834
2840
3484
3485
3487
3488
3513
3514
3515
3516
3536
3539
3540
3542
3562
3588
4160
4161
4162
4186
4187
4188
4189
4190
4212
4213
4214
4215
4216
4217
4218
4238
4240
4241
4242
4243
4245
4246
4264
4265
4266
4291
4836
4837
4862
4863
4864
4888
4889
4890
4891
4892
4893
4914
4915
4916
4917
4918
4919
4920
4921
4940
4941
4942
4943
4944
4945
4948
4966
4967
4968
4969
4970
4994
4995
4997
4999
5000
5024
5025
5026
5538
5539
5564
5565
5566
5567
5590
5591
5592
5593
5594
5595
5596
5616
5617
5618
5619
5620
5621
5622
5642
5643
5644
5645
5646
5669
5670
5671
5672
5674
5675
5695
5696
5697
5698
5699
5700
5701
5727
5728
6241
6242
6266
6267
6268
6269
6271
6272
6292
6293
6294
6295
6296
6297
6298
6319
6320
6321
6323
6325
6326
6328
6329
6345
6346
6347
6348
6349
6350
6351
6352
6353
6354
6371
6372
6373
6374
6375
6377
6383
6385
6386
6400
6412
6413
6414
6943
6944
6945
6969
6970
6971
6972
6973
6995
6996
6997
7001
7021
7022
7023
7024
7025
7026
7031
7047
7048
7049
7050
7052
7054
7056
7057
7059
7060
7061
7062
7063
7075
7076
7086
7087
7088
7089
7090
7115
7116
7647
7671
7674
7697
7699
7706
7725
7726
7731
7732
7733
7735
7736
7738
7751
7752
7753
7754
7757
7759
7760
7761
7762
7763
7764
7765
7766
7787
7788
7789
7790
7791
7792
8436
8437
8438
8439
8462
8463
8464
8465
8466
9139
9140
9166
9167
9842
