2107
2133
2134
2784
2785
2810
2811
2836
2837
3486
3487
3512
3513
3517
3539
3543
3544
4189
4190
4215
4216
4219
4220
4221
4241
4243
4244
4245
4246
4248
4273
4865
4892
4893
4895
4918
4919
4920
4921
4922
4923
4924
4947
4948
4949
4950
4951
5570
5595
5596
5597
5598
5621
5622
5623
5624
5625
5626
5650
5651
5652
5653
5678
6271
6272
6298
6299
6300
6301
6324
6325
6326
6327
6328
6329
6330
6352
6353
6354
6355
6356
6357
6359
6384
6385
6386
6387
6412
6413
6414
6975
6976
7000
7001
7002
7003
7004
7027
7028
7029
7030
7031
7032
7033
7055
7057
7058
7059
7060
7061
7062
7063
7064
7085
7086
7087
7088
7089
7090
7114
7115
7652
7678
7679
7703
7704
7705
7706
7731
7732
7733
7734
7735
7736
7737
7738
7758
7759
7760
7761
7762
7763
7764
7765
7766
7788
7789
7790
7791
8379
8380
8381
8382
8406
8407
8408
8409
8410
8411
8412
8433
8434
8435
8436
8437
8438
8439
8440
8464
8465
8466
8492
9081
9082
9083
9084
9085
9108
9109
9110
9111
9112
9113
9114
9137
9138
9139
9140
9141
9162
9163
9168
9757
9758
9759
9783
9784
9785
9786
9787
9788
9813
9814
9815
9816
9817
9839
9840
9841
9842
9843
9844
9870
9871
10460
10461
10462
10463
10464
10486
10488
10489
10490
10491
10492
10516
10517
10518
10543
10544
10545
10546
10573
10574
11137
11138
11139
11163
11164
11165
11166
11191
11192
11193
11194
11195
11219
11220
11221
11222
11246
11247
11248
11249
11250
11251
11274
11275
11276
11277
11840
11841
11842
11866
11867
11868
11869
11895
11896
11897
11922
11923
11924
11925
11949
11950
11951
11952
11976
11977
11978
12544
12571
12572
12598
12599
12600
12601
12626
12627
12628
12652
12653
12654
12655
12656
12680
12681
12683
13302
13303
13329
13330
13331
13356
13357
13358
13359
13382
13383
13384
13385
14032
14033
14034
14059
14060
14061
14086
14087
14709
14710
14735
14736
14737
14762
14763
14764
14789
14790
15413
15439
15440
15465
15466
15467
15492
16142
16143
16168
16169
16170
16195
16196
16845
16871
16872
