2808
2809
2835
2840
2841
3485
3486
3510
3511
3512
3513
3514
3515
3516
3517
3540
3541
3542
3543
3544
3563
4186
4189
4190
4191
4192
4213
4214
4215
4216
4217
4218
4219
4220
4240
4241
4242
4243
4244
4245
4246
4247
4248
4267
4268
4272
4274
4293
4294
4295
4865
4888
4889
4890
4891
4892
4893
4894
4895
4916
4917
4918
4919
4920
4921
4922
4923
4942
4943
4944
4945
4946
4947
4948
4949
4950
4951
4968
4969
4970
4971
4974
4975
4977
4994
4996
5567
5568
5569
5592
5593
5594
5595
5596
5597
5618
5619
5620
5621
5622
5623
5624
5625
5626
5644
5645
5646
5647
5648
5649
5650
5651
5652
5669
5670
5671
5677
5710
6269
6270
6271
6293
6294
6295
6296
6297
6298
6299
6320
6321
6322
6323
6324
6325
6327
6328
6329
6345
6346
6347
6348
6349
6350
6353
6354
6355
6356
6357
6358
6382
6383
6384
6385
6386
6411
6412
6413
6971
6972
6973
6974
6975
6996
6997
6998
6999
7000
7001
7022
7023
7024
7025
7026
7027
7030
7031
7032
7033
7051
7052
7056
7057
7058
7059
7060
7061
7062
7063
7084
7085
7086
7087
7088
7089
7090
7114
7115
7116
7673
7674
7675
7676
7700
7701
7702
7703
7725
7727
7728
7733
7734
7735
7736
7737
7759
7760
7761
7762
7763
7764
7765
7766
7787
7788
7789
7790
7791
7792
8377
8403
8404
8411
8435
8436
8437
8438
8439
8461
8462
8463
8464
8465
8466
8490
8491
9113
9141
9142
9166
14733
15432
15462
15464
16139
16838
16841
