2787
2813
3489
3490
3516
3517
4134
4136
4162
4163
4188
4189
4190
4191
4192
4193
4217
4218
4219
4220
4810
4811
4812
4836
4837
4838
4839
4840
4841
4864
4865
4866
4867
4868
4891
4892
4893
4894
4895
4917
4918
4920
4921
4922
4923
5487
5512
5513
5514
5515
5539
5540
5541
5542
5543
5544
5567
5568
5569
5570
5571
5593
5594
5595
5596
5597
5598
5622
5624
5626
6189
6190
6215
6216
6217
6218
6219
6242
6243
6244
6245
6246
6247
6268
6269
6270
6271
6272
6273
6274
6296
6297
6298
6299
6300
6301
6302
6327
6328
6330
6357
6358
6385
6386
6387
6411
6412
6413
6892
6893
6918
6919
6920
6921
6945
6946
6947
6948
6973
7000
7001
7005
7031
7032
7033
7059
7060
7061
7062
7063
7087
7088
7089
7090
7649
7650
7652
7707
7734
7735
7736
7737
7738
7761
7762
7763
7764
7765
7791
8354
8409
8410
8411
8412
8436
8437
8438
8439
8463
8464
9113
9114
9140
9141
13302
13332
14003
14004
14030
14057
14679
14706
14707
14708
14733
14734
14760
15383
15384
15385
15409
15410
15411
15436
15437
16059
16060
16086
16087
16111
16112
16114
16815
16816
