2210
2785
2860
2938
3458
3459
3461
3484
3485
3486
3487
3488
3536
3588
3614
3615
3641
3667
4161
4162
4163
4164
4165
4186
4187
4188
4191
4212
4213
4219
4264
4290
4291
4316
4317
4318
4342
4343
4344
4369
4838
4839
4864
4865
4866
4867
4888
4889
4890
4891
4893
4894
4914
4916
4920
4940
4941
4966
4967
4992
4993
4994
5018
5019
5020
5021
5046
5514
5515
5539
5540
5541
5542
5543
5565
5566
5567
5568
5569
5570
5571
5590
5591
5592
5593
5594
5596
5597
5616
5617
5618
5620
5642
5643
5644
5645
5668
5669
5670
5671
5694
5695
5696
5697
5722
5723
6217
6218
6241
6242
6243
6244
6245
6246
6247
6266
6267
6268
6269
6270
6271
6272
6273
6292
6293
6294
6295
6296
6297
6298
6299
6300
6301
6318
6319
6320
6321
6322
6323
6324
6344
6345
6346
6347
6348
6350
6351
6371
6372
6373
6386
6398
6399
6400
6895
6919
6920
6921
6922
6943
6944
6945
6946
6947
6948
6968
6969
6970
6971
6972
6973
6974
6975
6976
6994
6995
6996
6997
6998
6999
7000
7002
7005
7020
7021
7022
7023
7024
7025
7026
7033
7047
7048
7049
7050
7056
7060
7061
7062
7074
7075
7076
7084
7086
7087
7088
7089
7646
7647
7648
7651
7671
7672
7673
7674
7675
7676
7677
7679
7697
7698
7699
7700
7701
7705
7706
7707
7723
7724
7725
7726
7727
7732
7733
7734
7735
7736
7738
7751
7752
7757
7761
7762
7763
7764
7765
7792
7804
8353
8354
8401
8427
8435
8436
8438
8439
8441
8463
14808
