1456
1508
2132
2158
2184
2808
2834
2860
2912
3458
3484
3510
3536
3562
3588
3589
3614
4134
4160
4186
4212
4238
4264
4290
4291
4317
4343
4344
4369
4837
4838
4839
4862
4863
4864
4865
4866
4890
4893
4914
4915
4940
4941
4966
4967
4993
4994
5018
5019
5020
5046
5539
5540
5541
5542
5543
5564
5565
5566
5567
5568
5569
5570
5590
5591
5592
5593
5594
5595
5596
5597
5616
5617
5618
5619
5642
5643
5668
5669
5670
5671
5695
5696
5697
5722
5723
6217
6241
6242
6243
6244
6245
6246
6267
6268
6269
6270
6271
6272
6273
6292
6293
6294
6295
6296
6297
6318
6319
6320
6321
6322
6345
6346
6347
6371
6372
6373
6374
6375
6377
6398
6399
6918
6919
6920
6943
6944
6945
6946
6947
6948
6949
6969
6970
6971
6972
6973
6974
6975
6995
6996
6997
6998
6999
7000
7001
7003
7021
7022
7023
7024
7025
7047
7048
7049
7050
7051
7052
7055
7076
7087
7088
7089
7620
7623
7646
7647
7648
7649
7650
7651
7652
7671
7672
7673
7674
7675
7676
7677
7678
7679
7697
7698
7699
7700
7701
7723
7724
7725
7726
7750
7751
7757
7760
7761
7762
7763
8354
8380
8381
8401
8427
8455
13429
14105
14106
14782
16086
16110
16111
16137
