1430
1456
2106
2132
2133
2158
2159
2185
2782
2808
2809
2810
2834
2835
2836
2860
2861
2862
2888
3432
3458
3484
3485
3486
3510
3511
3512
3536
3537
3538
3563
3564
4135
4160
4161
4162
4163
4164
4186
4187
4188
4189
4191
4212
4213
4214
4215
4216
4218
4238
4239
4240
4241
4242
4265
4266
4267
4836
4837
4838
4839
4862
4863
4864
4865
4866
4867
4868
4888
4889
4890
4891
4892
4893
4894
4914
4915
4916
4917
4918
4919
4921
4940
4941
4942
4943
4944
4947
4949
4968
4970
5515
5539
5540
5541
5542
5543
5565
5566
5567
5568
5569
5570
5591
5592
5593
5594
5595
5596
5597
5598
5616
5617
5618
5619
5620
5621
5622
5623
5624
5625
5643
5644
5645
5646
5649
5669
5670
5671
5695
5696
6216
6217
6218
6219
6241
6242
6243
6244
6245
6246
6267
6268
6269
6270
6271
6272
6273
6292
6293
6294
6295
6296
6297
6298
6299
6300
6301
6319
6320
6321
6322
6323
6324
6326
6327
6345
6346
6347
6348
6349
6350
6351
6372
6373
6374
6378
6413
6894
6918
6920
6921
6922
6943
6944
6945
6946
6947
6948
6949
6969
6970
6971
6972
6973
6974
6975
6976
6995
6996
6997
6998
6999
7000
7001
7002
7003
7004
7021
7022
7023
7024
7025
7026
7028
7030
7032
7048
7049
7051
7052
7054
7057
7085
7086
7087
7088
7089
7623
7624
7625
7646
7647
7648
7649
7650
7651
7652
7653
7671
7672
7673
7674
7675
7676
7677
7678
7679
7680
7698
7699
7700
7702
7704
7705
7706
7707
7724
7725
7726
7727
7729
7733
7735
7753
7754
7755
7759
7760
7761
7762
7763
7764
7787
8324
8325
8326
8349
8350
8351
8353
8354
8355
8375
8376
8377
8378
8380
8381
8382
8401
8402
8405
8408
8409
8410
8436
8463
8464
9026
9027
9051
9052
9053
9057
9058
9059
9078
9079
9084
9085
9086
9111
9112
9139
9787
9788
9814
9815
9842
9868
9869
10491
10518
10519
10544
10545
10546
10571
11221
11248
11951
12654
14006
14033
14681
14682
14708
14709
14734
14735
14736
14762
15384
15385
15408
15411
15412
15438
16087
16088
16112
16113
16114
16115
16141
16788
16814
16817
17491
