806
832
1456
1482
1485
1508
1534
2132
2158
2184
2210
2236
2262
2834
2860
2886
2912
2938
2964
3512
3536
3537
3538
3562
3564
3588
3589
3592
3614
3615
3640
3641
3642
3667
4188
4213
4215
4238
4240
4264
4265
4290
4291
4316
4317
4318
4342
4343
4344
4368
4369
4370
4893
4940
4966
4967
4992
4993
4994
4995
5018
5019
5020
5021
5022
5044
5045
5046
5047
5048
5590
5616
5617
5642
5643
5644
5668
5669
5670
5671
5672
5676
5694
5695
5696
5697
5698
5699
5700
5701
5720
5721
5722
5723
5724
6292
6318
6319
6344
6345
6346
6347
6348
6349
6350
6351
6370
6371
6372
6373
6374
6375
6376
6377
6378
6379
6383
6385
6396
6397
6398
6399
6400
6401
6403
6405
6409
6410
6411
6412
6413
6424
7020
7021
7022
7023
7046
7047
7048
7049
7050
7051
7052
7053
7054
7055
7056
7057
7058
7059
7060
7062
7063
7072
7073
7074
7075
7076
7077
7078
7080
7081
7082
7083
7084
7085
7086
7087
7088
7089
7101
7102
7107
7108
7109
7110
7111
7115
7697
7698
7699
7704
7722
7723
7724
7725
7726
7727
7728
7729
7730
7749
7750
7751
7752
7753
7754
7756
7757
7758
7759
7760
7761
7762
7763
7764
7765
7777
7778
7783
7784
7785
7786
7787
7788
7813
8400
8401
8402
8409
8425
8426
8427
8428
8435
8454
8462
9165
9166
12024
12726
12752
12753
12754
12779
12780
13402
13428
13429
13430
13432
13433
13454
13455
13456
13482
14060
14077
14104
14105
14106
14108
14109
14131
14132
14158
14760
14763
14780
14783
14784
14807
14808
14862
15462
15517
16212
