1508
1534
2158
2210
2808
2886
2912
2938
2964
3458
3459
3484
3485
3510
3536
3562
3588
3614
3615
3640
3641
3642
3666
3667
3668
3693
4134
4135
4160
4161
4162
4186
4187
4188
4212
4238
4264
4265
4290
4291
4316
4317
4318
4342
4343
4344
4345
4369
4370
4837
4838
4862
4863
4864
4888
4889
4890
4891
4914
4940
4942
4966
4967
4970
4992
4993
4994
4995
4997
5018
5019
5020
5021
5023
5024
5025
5026
5044
5045
5046
5047
5048
5539
5540
5564
5565
5566
5567
5568
5590
5591
5592
5616
5617
5618
5619
5642
5643
5644
5668
5669
5670
5672
5673
5674
5694
5695
5696
5697
5698
5699
5700
5701
5721
5722
5723
5725
5749
6216
6240
6241
6242
6243
6267
6268
6269
6270
6292
6293
6294
6295
6319
6320
6344
6345
6346
6347
6348
6349
6371
6372
6373
6374
6375
6376
6397
6398
6399
6400
6401
6402
6425
6426
6918
6919
6943
6944
6945
6946
6969
6970
6971
6972
6994
6995
6996
6997
7020
7021
7022
7023
7047
7048
7049
7050
7051
7073
7074
7075
7076
7078
7101
7621
7672
7673
7674
7697
7698
7699
7700
7723
7724
7725
7726
7750
7751
7752
7753
7754
7777
7778
7805
8378
8401
8404
8427
8429
8455
9082
9109
9757
9758
9784
9785
9812
10461
10488
11163
11164
14862
15408
15436
16788
16815
18221
