1482
1508
2132
2158
2184
2808
2860
2886
2912
3485
3536
3537
3588
3589
4160
4161
4162
4187
4188
4212
4238
4264
4265
4266
4290
4291
4836
4837
4838
4862
4863
4864
4865
4891
4914
4940
4941
4942
4966
4969
4970
4993
4994
4995
5019
5020
5021
5538
5539
5540
5564
5565
5566
5567
5568
5590
5591
5592
5593
5594
5616
5617
5618
5643
5645
5669
5670
5671
5695
5696
5697
5722
6241
6242
6266
6267
6268
6269
6270
6292
6293
6294
6295
6296
6297
6319
6320
6321
6322
6323
6345
6346
6347
6348
6371
6372
6373
6374
6375
6398
6399
6400
6943
6944
6945
6946
6968
6969
6970
6971
6972
6973
6994
6995
6996
6997
6998
7021
7022
7023
7024
7047
7048
7049
7050
7051
7073
7074
7075
7645
7670
7671
7672
7673
7696
7697
7698
7699
7722
7723
7724
7725
7749
7751
7752
8373
8398
8399
8400
8426
9107
14758
16137
16138
