0
676
1378
1405
2132
2164
2783
2786
2813
2834
3458
3459
3460
3485
3486
3487
3488
3489
3513
3514
3515
3516
3517
3536
3540
3541
3543
3544
3571
4135
4137
4161
4162
4163
4164
4187
4188
4189
4190
4191
4192
4193
4213
4215
4216
4217
4218
4219
4220
4238
4239
4241
4242
4243
4244
4246
4249
4264
4274
4275
4812
4837
4838
4839
4863
4864
4865
4866
4867
4889
4890
4891
4892
4893
4894
4895
4916
4917
4918
4919
4920
4921
4923
4941
4942
4943
4944
4946
4947
4949
5514
5515
5539
5540
5541
5542
5543
5565
5566
5567
5568
5569
5570
5591
5592
5593
5594
5595
5596
5597
5598
5616
5617
5618
5619
5620
5621
5622
5623
5624
5642
5643
5644
5650
6218
6242
6243
6244
6245
6268
6269
6270
6271
6272
6273
6292
6293
6294
6295
6296
6297
6298
6299
6300
6318
6319
6320
6321
6322
6323
6325
6326
6330
6344
6345
6346
6347
6348
6357
6373
6383
6384
6385
6386
6410
6412
6944
6945
6946
6947
6948
6969
6970
6971
6972
6973
6974
6975
6976
6994
6995
6996
6997
6998
6999
7000
7002
7020
7021
7022
7023
7024
7025
7031
7032
7047
7048
7049
7050
7056
7057
7058
7059
7060
7061
7062
7063
7077
7083
7085
7086
7087
7088
7089
7114
7115
7620
7621
7646
7647
7648
7671
7672
7673
7674
7675
7696
7697
7698
7699
7700
7701
7702
7703
7704
7705
7708
7723
7724
7725
7726
7727
7728
7729
7730
7731
7732
7733
7734
7735
7736
7737
7749
7750
7760
7761
7762
7763
7764
7765
7788
7789
7790
7791
8297
8324
8349
8350
8351
8375
8376
8377
8378
8379
8399
8400
8402
8403
8404
8405
8406
8407
8410
8412
8413
8431
8432
8434
8435
8436
8437
8438
8439
8462
8463
8464
8466
8467
8491
8492
8493
9052
9053
9054
9055
9079
9080
9081
9082
9083
9085
9106
9107
9108
9109
9110
9111
9113
9115
9135
9139
9140
9141
9165
9167
9168
9785
9786
9810
9811
9812
12650
13327
13328
14004
14031
14032
14033
14057
14059
14705
14707
14708
14731
14732
14733
14734
14757
14758
14759
14760
14762
15384
15407
15408
15409
15410
15411
15412
15434
15435
15436
15437
15438
15460
15461
16084
16110
16111
16112
16113
16136
16137
16138
16139
16141
16165
16787
16813
16815
16816
16840
17491
