1430
1456
2106
2132
2158
2184
2782
2808
2834
2838
2860
2861
2886
3432
3458
3459
3484
3485
3486
3487
3510
3511
3512
3513
3514
3515
3516
3536
3537
3538
3539
3540
3541
3542
3562
3563
3564
3565
3588
3591
3592
4109
4134
4135
4160
4161
4162
4186
4187
4188
4189
4190
4212
4213
4214
4215
4216
4217
4218
4238
4239
4240
4241
4242
4244
4247
4264
4265
4266
4267
4268
4290
4291
4296
4324
4350
4351
4836
4837
4838
4863
4864
4888
4889
4890
4891
4892
4914
4915
4916
4917
4918
4919
4921
4940
4941
4942
4943
4944
4945
4946
4948
4949
4966
4967
4968
4969
4970
4971
4972
4993
4994
4995
4997
4998
4999
5000
5024
5025
5026
5027
5053
5540
5564
5565
5566
5567
5568
5590
5591
5592
5593
5594
5597
5616
5617
5618
5619
5620
5621
5622
5623
5624
5642
5643
5644
5645
5646
5647
5648
5652
5669
5670
5671
5672
5674
5675
5695
5696
5697
5699
5700
5701
5702
6216
6240
6241
6242
6243
6244
6266
6267
6268
6269
6270
6271
6292
6293
6294
6295
6296
6297
6318
6319
6320
6321
6322
6323
6328
6344
6345
6346
6347
6348
6349
6355
6357
6371
6372
6373
6374
6375
6376
6377
6379
6382
6385
6386
6387
6399
6412
6413
6919
6920
6943
6944
6945
6946
6947
6968
6969
6970
6971
6972
6973
6995
6996
6997
6998
7020
7021
7022
7023
7024
7033
7047
7048
7049
7050
7051
7053
7056
7057
7058
7059
7060
7061
7062
7063
7076
7087
7088
7089
7090
7622
7623
7648
7649
7672
7673
7674
7697
7698
7699
7700
7702
7703
7707
7724
7725
7726
7727
7728
7729
7732
7733
7735
7736
7737
7738
7751
7753
7754
7759
7760
7761
7762
7763
7764
7765
7789
7791
8325
8378
8379
8404
8405
8406
8429
8438
8462
8463
8464
8466
9166
9844
14731
14732
14733
14758
14759
15407
15408
15409
15434
15435
15436
16111
16137
