1405
2082
2785
2811
2838
2840
2841
3486
3487
3488
3515
3516
3517
3542
3543
3544
3571
4189
4191
4217
4218
4219
4220
4221
4244
4245
4246
4247
4248
4272
4274
4892
4893
4894
4895
4919
4920
4921
4922
4923
4947
4948
4949
4950
4951
4977
5595
5596
5597
5598
5599
5622
5623
5624
5625
5626
5627
5649
5650
5651
5652
5653
5654
5680
6298
6299
6300
6301
6302
6325
6326
6327
6328
6329
6330
6352
6355
6356
6357
6383
6384
6385
6386
6387
6411
6412
6413
6975
6976
7001
7002
7003
7004
7005
7028
7029
7030
7031
7032
7033
7058
7059
7060
7061
7062
7063
7085
7086
7087
7088
7089
7090
7114
7115
7116
7678
7679
7704
7705
7706
7707
7708
7709
7732
7733
7734
7735
7736
7737
7738
7760
7761
7762
7763
7764
7765
7766
7788
7789
7790
7791
7792
8380
8381
8407
8408
8409
8410
8411
8412
8434
8435
8436
8437
8438
8439
8440
8462
8463
8464
8465
8466
8492
9056
9081
9083
9084
9085
9086
9109
9110
9111
9112
9113
9137
9138
9139
9140
9141
9142
9165
9166
9167
9757
9758
9759
9760
9761
9786
9787
9788
9814
9815
9816
9840
9841
9842
9843
9844
9845
9869
10434
10461
10462
10463
10464
10488
10489
10490
10491
10516
10517
10518
10519
10544
10545
10546
10547
10572
10573
10574
11139
11164
11165
11166
11167
11192
11193
11194
11195
11220
11221
11222
11247
11248
11249
11275
11276
11868
11869
11870
11895
11896
11897
11898
11922
11923
11924
11925
11950
11951
11952
11953
11977
11978
11979
12599
12600
12601
12625
12626
12627
12628
12653
12654
12655
12680
12681
13302
13303
13304
13329
13330
13331
13356
13357
13358
13383
13384
14007
14032
14033
14034
14059
14060
14086
14710
14736
14737
14762
14763
15465
15466
15492
16168
16169
