0
676
702
703
2108
2109
2137
2138
2139
2165
2785
2811
2812
2813
2814
2838
2839
2840
2841
2842
2866
2867
2868
2869
3487
3488
3513
3514
3515
3516
3517
3518
3540
3541
3542
3543
3544
3545
3569
4164
4189
4190
4191
4192
4215
4216
4217
4218
4219
4220
4221
4242
4243
4244
4245
4246
4247
4248
4273
4867
4891
4892
4893
4894
4918
4919
4920
4921
4922
4923
4946
4947
4948
4949
4950
4974
5569
5595
5596
5597
5621
5622
5623
5624
5650
5654
6272
6297
6300
6355
6356
6357
6358
6382
6383
6384
6385
6386
6387
6411
6412
6413
7032
7033
7058
7059
7060
7061
7062
7063
7086
7087
7088
7089
7090
7115
7116
7734
7735
7736
7737
7761
7762
7763
7764
7765
7788
7789
7790
7791
8408
8434
8435
8436
8437
8438
8439
8464
8465
8466
8492
9111
9113
9137
9142
9166
12653
13330
13356
13357
14032
14033
14058
14059
14060
14084
14085
14086
14734
14735
14736
14761
14762
14763
14764
14787
14789
15438
15439
15464
15465
16141
16168
