1508
1534
2132
2158
2184
2236
2262
2808
2834
2860
2886
2912
3484
3485
3510
3511
3536
3562
3588
3614
3615
3640
3641
3666
3667
4162
4188
4214
4264
4290
4291
4316
4317
4318
4342
4343
4344
4369
4370
4864
4865
4890
4891
4914
4966
4967
4968
4992
4993
4994
5018
5019
5020
5046
5047
5593
5620
5643
5644
5645
5648
5649
5668
5669
5670
5671
5672
5695
5696
5697
5722
5723
5724
5750
6295
6296
6319
6320
6321
6322
6323
6324
6325
6326
6344
6345
6346
6347
6348
6349
6350
6351
6352
6354
6371
6372
6373
6374
6376
6387
6399
6412
6413
6994
6995
6996
6997
6998
7020
7021
7022
7023
7024
7025
7026
7027
7028
7029
7046
7047
7048
7049
7050
7054
7055
7056
7057
7059
7061
7062
7063
7064
7075
7076
7082
7083
7084
7085
7086
7087
7088
7089
7090
7672
7697
7698
7699
7723
7724
7725
7731
7732
7733
7734
7735
7757
7758
7759
7760
7761
7762
7763
7764
8435
8438
8461
12753
12754
12779
12780
12806
13429
13430
13455
13456
13457
13483
14055
14081
14105
14107
14108
14131
14185
14757
14758
14782
14783
14784
14862
15436
15460
15487
15538
15539
