1482
1508
2158
2184
2210
2236
2262
2808
2834
2860
2886
2912
2938
2965
3484
3510
3536
3588
3589
3614
3615
3617
3618
3619
3620
3640
3641
3643
3644
3645
3666
3667
3668
3669
3693
4186
4187
4212
4238
4264
4290
4291
4316
4317
4318
4319
4320
4321
4322
4323
4324
4342
4343
4344
4345
4346
4347
4348
4368
4369
4370
4888
4889
4914
4915
4916
4919
4921
4940
4941
4947
4966
4967
4968
4992
4993
4994
4995
4997
5000
5018
5019
5020
5021
5022
5023
5024
5026
5045
5046
5047
5565
5566
5568
5591
5592
5616
5617
5618
5619
5620
5621
5622
5623
5642
5643
5644
5647
5648
5649
5651
5668
5669
5670
5671
5674
5676
5694
5695
5696
5697
5698
5721
5722
5723
5728
5729
5730
5731
6242
6266
6267
6268
6269
6270
6292
6293
6294
6295
6296
6297
6298
6300
6319
6320
6321
6322
6323
6324
6325
6326
6328
6344
6345
6346
6347
6348
6349
6350
6351
6352
6353
6354
6371
6372
6373
6375
6376
6377
6379
6384
6385
6386
6387
6397
6398
6399
6401
6405
6407
6408
6409
6410
6411
6412
6413
6427
6431
6432
6433
6434
6435
6919
6943
6944
6945
6946
6947
6968
6969
6970
6971
6972
6975
6994
6995
6996
6997
6998
6999
7001
7020
7021
7022
7023
7024
7025
7026
7028
7030
7047
7048
7049
7050
7051
7053
7055
7057
7059
7060
7061
7062
7063
7074
7075
7085
7086
7087
7088
7089
7100
7109
7110
7111
7112
7113
7114
7115
7135
7137
7645
7671
7672
7697
7698
7699
7724
7731
7733
7734
7735
7758
7759
7760
7761
7762
7763
7764
7765
7786
7787
7788
8436
8437
8438
8439
8461
8462
8463
8464
9111
12104
12726
12753
12754
12779
12780
12781
12782
12806
12807
13403
13404
13429
13430
13431
13455
13456
13457
13482
13483
13484
13485
14078
14079
14080
14105
14106
14131
14132
14133
14134
14159
14730
14754
14755
14756
14757
14758
14781
14782
14809
14835
15432
15433
15434
