2106
2107
2132
2158
2808
2834
2860
2886
2912
2938
3484
3510
3511
3536
3537
3562
3563
3564
3565
3588
3589
3591
3614
3640
3641
3675
3701
3702
4160
4186
4212
4213
4214
4238
4239
4240
4241
4242
4243
4264
4265
4266
4267
4268
4290
4291
4292
4293
4294
4316
4317
4318
4319
4320
4321
4322
4342
4343
4344
4348
4349
4350
4351
4369
4370
4376
4377
4862
4888
4889
4890
4914
4915
4916
4917
4919
4940
4941
4942
4943
4944
4945
4946
4966
4967
4968
4969
4970
4971
4992
4993
4994
4995
4996
4997
4998
4999
5000
5018
5019
5020
5021
5022
5023
5024
5025
5026
5027
5045
5046
5047
5050
5051
5052
5053
5564
5590
5592
5616
5617
5619
5620
5621
5622
5623
5642
5643
5644
5645
5646
5647
5648
5649
5668
5669
5670
5671
5672
5673
5674
5675
5694
5695
5696
5697
5698
5699
5700
5701
5702
5721
5722
5723
5727
5749
6266
6267
6268
6292
6293
6297
6299
6318
6319
6321
6322
6323
6324
6325
6326
6344
6345
6346
6347
6348
6349
6350
6351
6352
6355
6370
6371
6372
6373
6374
6375
6376
6377
6378
6397
6398
6399
6400
6401
6402
6412
6425
6426
6427
6968
6969
6970
6972
6994
6995
6996
6997
6998
7001
7020
7021
7022
7023
7024
7025
7026
7029
7046
7047
7048
7049
7050
7051
7052
7053
7054
7055
7056
7057
7058
7059
7060
7062
7073
7074
7075
7076
7077
7078
7079
7080
7081
7082
7083
7085
7086
7087
7088
7089
7101
7102
7103
7107
7110
7115
7645
7670
7671
7672
7673
7696
7697
7698
7699
7700
7701
7702
7722
7723
7724
7725
7726
7727
7728
7731
7732
7734
7749
7750
7751
7752
7753
7755
7756
7757
7758
7759
7760
7761
7762
7763
7764
7765
7776
7777
7782
7783
7784
7785
7786
7787
7788
7789
7805
8347
8348
8373
8374
8375
8376
8399
8400
8401
8402
8403
8404
8425
8426
8427
8428
8429
8435
8436
8437
8438
8452
8453
8454
8455
8456
8457
8460
8461
8462
8463
8464
8486
8488
8489
9050
9051
9075
9077
9078
9079
9102
9103
9104
9105
9106
9129
9130
9131
9138
9139
9165
9806
9808
9862
13430
14107
14133
14730
14758
14784
14786
14808
14809
14810
14812
14813
14835
14863
15432
15433
15458
15459
15486
15488
15512
15513
15514
16135
16136
16137
16162
16840
16865
