676
702
1378
1482
1508
2132
2158
2184
2210
2236
2809
2834
2836
2860
2886
2912
2938
3484
3486
3510
3511
3512
3536
3539
3562
3588
3589
3614
3640
3641
3667
4160
4161
4163
4186
4187
4188
4189
4190
4191
4212
4213
4238
4264
4265
4290
4291
4316
4317
4318
4342
4343
4344
4369
4370
4888
4889
4890
4914
4915
4940
4941
4942
4943
4966
4967
4968
4969
4992
4993
4994
4995
4996
5018
5019
5020
5021
5044
5045
5046
5047
5071
5072
5073
5565
5566
5590
5591
5592
5593
5594
5595
5616
5617
5618
5642
5643
5668
5669
5670
5671
5694
5695
5696
5697
5698
5720
5721
5722
5723
5747
5748
5749
5750
5774
5775
6269
6293
6294
6295
6318
6319
6320
6322
6344
6345
6346
6347
6348
6349
6370
6371
6372
6373
6374
6396
6397
6398
6399
6400
6424
6425
6426
6450
6451
6995
6996
6997
6998
7021
7022
7023
7024
7025
7046
7047
7048
7049
7050
7051
7052
7073
7074
7075
7076
7100
7101
7102
7103
7128
7129
7697
7698
7699
7700
7723
7724
7725
7726
7749
7750
7751
7752
7777
7778
8399
8401
8402
8425
8426
8428
8429
8453
8454
8480
8481
9182
14132
14806
14807
14808
14834
15457
15483
15509
15511
