806
832
1456
1482
1508
1534
2106
2107
2132
2158
2184
2210
2782
2783
2784
2785
2808
2809
2834
2860
2886
2912
2913
2914
2938
2939
3458
3459
3484
3485
3510
3536
3562
3563
3588
3589
3590
3614
3615
3616
3640
3641
3666
3667
4160
4161
4162
4186
4187
4188
4212
4213
4238
4264
4265
4290
4291
4292
4316
4317
4318
4319
4342
4343
4344
4345
4369
4370
4837
4838
4862
4863
4864
4865
4888
4889
4890
4891
4892
4914
4940
4966
4967
4968
4969
4970
4992
4993
4994
4995
5018
5019
5020
5021
5022
5045
5046
5047
5539
5564
5565
5566
5567
5568
5590
5591
5592
5594
5616
5617
5618
5642
5643
5644
5645
5668
5669
5670
5671
5672
5694
5695
5696
5697
5698
5699
5720
5721
5722
5723
5724
5725
5748
5749
5750
6266
6267
6268
6269
6270
6271
6293
6294
6295
6296
6297
6298
6319
6320
6321
6322
6323
6344
6345
6346
6347
6348
6349
6370
6371
6372
6373
6374
6396
6397
6398
6399
6400
6401
6425
6426
6970
6971
6972
6973
6995
6996
6997
6998
6999
7021
7022
7023
7024
7046
7047
7048
7049
7050
7051
7052
7072
7073
7074
7075
7076
7077
7101
7102
7672
7696
7698
7700
7701
7722
7723
7724
7725
7726
7728
7748
7749
7750
7751
7752
7777
7778
7779
7803
8373
8374
8377
8399
8400
8401
8402
8425
8426
8427
8428
8454
9129
9184
12050
12726
12753
12779
12780
13401
13428
13429
13430
13456
13457
14003
14054
14078
14104
14105
14106
14131
14132
14133
14159
14185
14707
14730
14732
14758
14781
14807
14808
14809
14836
14861
14888
14889
15408
15409
15435
15485
15511
15537
15539
15540
16111
16112
16137
16162
16186
16215
16814
