1378
2054
2081
2106
2107
2132
2133
2158
2756
2757
2758
2782
2783
2784
2808
2809
2810
2834
2835
2860
3458
3459
3460
3461
3484
3485
3486
3487
3510
3511
3513
3536
3562
3588
4160
4161
4162
4163
4186
4187
4188
4189
4212
4213
4214
4238
4239
4264
4290
4836
4837
4838
4862
4863
4864
4865
4888
4889
4890
4891
4914
4915
4916
4940
4968
4969
4994
5539
5540
5541
5564
5565
5566
5567
5568
5590
5591
5592
5593
5594
5616
5617
5618
5619
5620
5621
5622
5642
5643
5644
5645
5646
5647
5668
5669
5670
5671
5673
5695
5696
5697
6241
6242
6243
6266
6267
6268
6269
6270
6292
6293
6294
6295
6296
6297
6298
6319
6320
6321
6322
6323
6324
6344
6345
6346
6347
6348
6349
6370
6371
6372
6373
6374
6399
6942
6943
6944
6945
6969
6970
6971
6972
6973
6995
6996
6997
6998
6999
7000
7021
7022
7023
7024
7025
7026
7027
7047
7048
7049
7050
7051
7052
7075
7644
7645
7646
7648
7670
7671
7672
7673
7674
7675
7678
7696
7697
7698
7699
7700
7701
7702
7703
7722
7723
7724
7725
7726
7727
7728
7729
7752
8321
8347
8348
8349
8373
8374
8375
8376
8398
8399
8400
8401
8402
8403
8408
8425
8426
8427
8429
9077
9078
9079
9103
9135
13300
13326
13377
14000
14002
14003
14004
14026
14027
14028
14029
14030
14055
14081
14082
14678
14702
14704
14705
14706
14707
14727
14729
14730
14731
14732
14733
14755
14756
14757
14758
14759
14784
15380
15406
15407
15408
15409
15410
15432
15433
15434
15435
15436
15461
16108
16109
16110
16111
16112
16113
16135
16137
16138
16139
16162
16811
16812
16814
16815
16839
17514
17515
