806
1482
1508
2158
2184
2210
2236
2782
2783
2834
2860
2886
2912
2913
2938
3458
3459
3484
3485
3486
3487
3510
3536
3562
3563
3588
3589
3614
3615
3640
3641
3666
3667
4134
4135
4160
4161
4162
4186
4187
4188
4189
4190
4212
4213
4238
4239
4264
4265
4266
4290
4291
4292
4293
4316
4317
4318
4319
4342
4343
4344
4345
4369
4836
4837
4838
4862
4863
4864
4865
4888
4889
4890
4891
4892
4893
4914
4915
4916
4940
4942
4948
4966
4968
4969
4970
4973
4993
4994
4995
4996
4997
4998
4999
5018
5019
5020
5021
5022
5045
5046
5047
5512
5538
5539
5540
5565
5566
5567
5568
5590
5591
5592
5593
5594
5595
5616
5617
5618
5619
5643
5644
5645
5668
5669
5670
5671
5672
5673
5674
5694
5695
5696
5697
5698
5699
5701
5702
5721
5722
5723
6214
6215
6240
6241
6242
6243
6267
6268
6269
6270
6292
6293
6294
6295
6296
6299
6319
6320
6321
6322
6325
6344
6345
6346
6347
6348
6352
6371
6372
6373
6374
6375
6376
6377
6378
6380
6399
6400
6890
6891
6916
6917
6918
6943
6944
6945
6946
6969
6970
6971
6972
6973
6995
6996
6997
6998
6999
7000
7001
7002
7020
7021
7022
7023
7024
7026
7047
7048
7049
7050
7052
7083
7084
7085
7086
7110
7566
7592
7618
7619
7620
7621
7646
7647
7648
7649
7671
7672
7673
7674
7675
7676
7677
7678
7698
7699
7700
7701
7703
7725
7726
7727
7752
7753
7758
7759
7761
7780
7786
7787
8268
8294
8321
8322
8323
8377
8378
8997
8998
9025
9674
11809
11836
11837
11838
12482
12483
12511
12512
12539
12541
13157
13158
13159
13160
13184
13185
13186
13187
13189
13213
13214
13215
13243
13244
13833
13834
13860
13861
13862
13863
13888
13889
13890
13891
13919
14030
14510
14535
14536
14537
14562
14563
14564
14565
14566
14705
15185
15186
15211
15212
15213
15238
15239
15295
15354
15380
15382
15407
15408
15887
15888
15914
16054
16083
16084
16110
16729
16730
16731
16756
16757
16758
16783
16784
16785
16786
16787
16814
17404
17432
17433
17434
17460
17461
17486
