676
702
780
806
1378
1456
1482
1508
1534
2081
2082
2108
2132
2158
2184
2210
2236
2782
2783
2784
2785
2808
2809
2810
2834
2860
2886
2912
2913
2938
2939
3459
3460
3485
3486
3487
3510
3536
3562
3563
3588
3589
3614
3615
3616
3640
3641
3667
4161
4162
4163
4186
4188
4189
4190
4212
4213
4216
4238
4239
4264
4265
4266
4290
4291
4292
4316
4317
4318
4319
4342
4343
4344
4346
4369
4370
4864
4865
4889
4890
4891
4892
4893
4914
4915
4917
4918
4919
4940
4941
4942
4966
4967
4968
4969
4992
4993
4994
4995
4997
5018
5019
5020
5021
5022
5045
5046
5047
5566
5567
5568
5591
5592
5593
5594
5595
5596
5616
5618
5619
5620
5621
5622
5643
5644
5645
5668
5669
5670
5671
5672
5673
5674
5675
5677
5694
5695
5696
5697
5698
5699
5700
5701
5702
5703
5720
5721
5722
5723
5724
5725
5748
5749
6267
6268
6270
6271
6272
6273
6292
6294
6295
6296
6297
6298
6299
6300
6320
6321
6322
6323
6324
6325
6344
6345
6346
6347
6348
6349
6350
6351
6352
6370
6371
6372
6373
6374
6375
6376
6377
6378
6379
6380
6386
6396
6397
6398
6399
6400
6401
6403
6404
6406
6407
6409
6412
6413
6423
6424
6425
6426
6427
6970
6971
6972
6973
6974
6975
6976
6995
6996
6997
6998
6999
7000
7001
7002
7021
7022
7023
7024
7025
7046
7047
7048
7049
7050
7051
7052
7053
7054
7055
7058
7059
7063
7073
7074
7075
7076
7077
7079
7080
7081
7082
7083
7084
7085
7086
7087
7088
7089
7090
7100
7101
7102
7103
7106
7107
7108
7109
7110
7112
7113
7649
7674
7675
7676
7677
7698
7699
7700
7701
7702
7703
7704
7722
7723
7724
7725
7726
7727
7728
7729
7749
7750
7751
7752
7753
7754
7758
7759
7760
7761
7762
7763
7764
7765
7777
7778
7779
7782
7783
7784
7785
7786
7787
7788
7789
7805
7810
8376
8377
8378
8402
8403
8404
8405
8406
8426
8427
8428
8429
8430
8432
8437
8453
8455
8456
8458
8460
8461
8462
9054
9079
9080
9081
9103
9104
9105
9107
9108
9131
12675
13326
13378
14028
14055
14083
14107
14108
14705
14707
14732
14733
14756
14757
14758
14759
14783
14810
15407
15435
15436
15461
15462
15487
15539
16138
16139
