832
1456
1459
1482
1508
1534
2080
2132
2158
2159
2184
2210
2236
2782
2808
2834
2860
2861
2886
2912
2913
2938
2939
2940
3458
3484
3485
3486
3510
3511
3512
3536
3562
3563
3588
3589
3614
3615
3640
3641
3642
3667
4160
4161
4162
4186
4187
4188
4212
4238
4264
4265
4266
4267
4290
4291
4292
4316
4317
4318
4342
4343
4344
4345
4369
4370
4837
4838
4839
4863
4864
4866
4867
4888
4889
4890
4891
4892
4914
4915
4916
4918
4919
4920
4921
4940
4941
4943
4945
4946
4947
4967
4968
4972
4992
4993
4994
4995
5018
5019
5020
5021
5022
5045
5046
5047
5540
5564
5565
5566
5567
5568
5569
5570
5590
5591
5592
5593
5594
5595
5596
5597
5616
5617
5618
5619
5620
5621
5622
5623
5624
5625
5643
5644
5645
5647
5648
5649
5650
5651
5668
5669
5670
5671
5672
5675
5676
5694
5695
5696
5697
5698
5721
5722
5723
5724
6241
6242
6243
6267
6268
6269
6270
6271
6293
6294
6295
6296
6297
6298
6299
6300
6319
6320
6321
6322
6323
6324
6325
6326
6328
6344
6345
6346
6347
6348
6349
6350
6351
6352
6354
6355
6371
6372
6373
6374
6375
6378
6384
6386
6387
6397
6398
6399
6400
6409
6410
6411
6412
6413
6944
6945
6946
6969
6970
6971
6972
6973
6974
6975
6995
6996
6997
6998
6999
7000
7001
7021
7022
7023
7024
7025
7026
7028
7029
7030
7031
7032
7047
7048
7049
7050
7051
7052
7053
7054
7055
7056
7057
7059
7060
7061
7062
7063
7075
7076
7077
7083
7084
7085
7086
7087
7088
7089
7090
7103
7114
7647
7648
7649
7672
7673
7674
7675
7698
7699
7700
7701
7702
7703
7704
7706
7707
7725
7726
7727
7728
7729
7731
7732
7733
7734
7735
7736
7737
7738
7754
7755
7756
7757
7758
7759
7760
7761
7762
7763
7764
7765
7766
7786
7787
7788
7789
8377
8378
8379
8404
8405
8406
8407
8408
8409
8410
8413
8433
8434
8435
8436
8437
8438
8439
8460
8461
8462
8463
8464
8465
9108
9110
9111
9112
9138
9140
9810
9813
10486
11374
12023
12050
12076
12673
13376
13403
13429
13430
13455
13456
13482
13483
14029
14030
14055
14056
14079
14080
14105
14106
14131
14132
14133
14704
14705
14707
14731
14732
14733
14756
14757
14758
14808
14862
15407
15408
15433
15434
15435
15436
15460
15461
15485
16085
16110
16111
16135
16137
16138
16139
16215
16814
16841
16867
17543
17544
