1456
2160
2782
2808
2834
2860
3432
3458
3459
3484
3485
3486
3488
3510
3511
3515
3516
3536
3562
4134
4135
4160
4161
4162
4186
4187
4188
4189
4190
4191
4212
4213
4214
4216
4217
4218
4290
4810
4836
4837
4838
4862
4863
4864
4865
4888
4889
4890
4891
4892
4894
4914
4915
4916
4917
4918
4919
4920
4922
4940
4942
4948
4966
4967
4993
5486
5512
5513
5514
5538
5539
5540
5541
5564
5565
5566
5567
5568
5569
5590
5591
5592
5593
5594
5595
5596
5616
5617
5618
5620
5621
5622
5642
5643
5644
5645
5646
5669
5670
5673
5674
5676
5695
5696
6214
6215
6216
6240
6241
6242
6243
6244
6267
6268
6269
6270
6271
6292
6293
6294
6295
6296
6297
6319
6320
6321
6322
6324
6325
6344
6345
6346
6347
6348
6350
6352
6355
6371
6372
6378
6386
6387
6412
6413
6838
6892
6916
6917
6918
6919
6920
6943
6944
6945
6946
6947
6969
6970
6971
6972
6973
6995
6996
6997
6998
7020
7021
7022
7023
7024
7029
7030
7031
7046
7047
7048
7049
7050
7057
7058
7060
7061
7062
7063
7082
7085
7086
7087
7088
7089
7090
7114
7115
7594
7595
7620
7621
7622
7647
7648
7649
7650
7671
7672
7674
7675
7676
7697
7698
7699
7705
7706
7707
7723
7724
7725
7726
7728
7733
7735
7736
7737
7751
7752
7758
7760
7761
7762
7763
7764
7765
7787
7790
7791
8295
8297
8323
8324
8351
8352
8374
8375
8378
8402
8404
8409
8410
8411
8435
8437
8438
8439
8462
8463
9027
9106
9112
9138
9139
9788
11808
11810
12540
13214
13862
13864
13890
14002
14003
14565
14595
14680
14705
14706
14707
14733
15408
15409
15410
15434
15436
15460
16084
16085
16086
16112
16113
16136
16139
16787
16788
17518
