1406
2082
2108
2109
2110
2136
2782
2783
2784
2786
2808
2809
2810
2811
2812
2813
2834
3458
3459
3460
3484
3485
3486
3487
3488
3489
3510
3511
3512
3513
3514
3515
3516
3536
3539
3541
4134
4135
4136
4160
4161
4162
4163
4164
4186
4187
4188
4189
4190
4191
4212
4213
4214
4216
4217
4218
4837
4838
4862
4863
4864
4865
4888
4889
4890
4891
4892
4893
4914
4915
4916
4917
4919
4920
4941
4945
5539
5540
5565
5566
5590
5591
5593
5595
5617
5618
5619
5620
5624
5644
5645
5647
6241
6242
6267
6268
6269
6270
6292
6293
6294
6295
6296
6298
6299
6300
6319
6320
6321
6347
6385
6386
6387
6412
6413
6944
6969
6970
6972
6973
6975
6995
6996
6999
7000
7001
7002
7006
7022
7023
7024
7030
7031
7033
7050
7057
7058
7060
7061
7062
7063
7085
7086
7087
7088
7089
7090
7676
7677
7701
7702
7703
7704
7733
7734
7735
7736
7737
7738
7761
7762
7763
7764
7765
8379
8436
8437
8438
8439
8461
8462
8463
8464
8465
9139
9140
9141
9844
