2106
2756
2782
2783
2808
3459
3484
3485
3486
3510
3511
3512
3515
3516
3543
4134
4160
4161
4162
4186
4187
4188
4189
4190
4191
4192
4212
4213
4214
4218
4836
4837
4838
4862
4863
4864
4865
4888
4889
4890
4891
4892
4893
4894
4914
4915
4916
4917
4922
4942
5538
5539
5540
5564
5565
5566
5567
5568
5570
5591
5592
5593
5594
5595
5596
5597
5617
5618
5619
5620
5622
5623
5624
5625
5643
6215
6216
6240
6241
6242
6243
6244
6267
6268
6269
6270
6271
6272
6293
6294
6295
6296
6297
6298
6299
6300
6319
6320
6321
6322
6323
6324
6325
6328
6345
6346
6347
6351
6352
6371
6372
6384
6385
6386
6411
6412
6413
6414
6917
6918
6919
6943
6944
6945
6946
6969
6970
6971
6972
6973
6974
6975
6995
6996
6997
6998
6999
7000
7001
7002
7003
7021
7022
7023
7024
7025
7026
7027
7029
7030
7032
7047
7048
7049
7051
7052
7053
7055
7056
7057
7059
7060
7061
7062
7063
7085
7086
7087
7088
7089
7090
7115
7620
7646
7647
7649
7671
7672
7673
7674
7675
7676
7677
7697
7698
7700
7701
7702
7703
7707
7724
7725
7726
7727
7728
7730
7733
7734
7735
7736
7758
7759
7760
7761
7762
7763
7764
7765
7788
7789
7790
8374
8375
8378
8409
8410
8434
8435
8436
8437
8438
8439
8465
8466
9078
9082
9138
