1456
2158
2860
3511
3515
3537
3542
3563
4218
4240
4242
4243
4244
4266
4268
4269
4270
4271
4292
4293
4295
4344
4891
4892
4895
4916
4917
4919
4921
4941
4942
4943
4944
4945
4946
4948
4968
4969
4970
4971
4972
4995
5020
5021
5046
5047
5566
5567
5568
5591
5593
5594
5595
5597
5598
5618
5619
5620
5621
5622
5623
5625
5645
5646
5647
5648
5669
5670
5671
5672
5673
5675
5696
5697
5698
5722
5723
5724
5725
5748
5749
5750
6243
6244
6268
6269
6270
6271
6272
6293
6294
6295
6296
6297
6298
6320
6321
6322
6323
6324
6326
6346
6347
6348
6349
6350
6372
6373
6374
6375
6382
6386
6387
6398
6399
6400
6405
6412
6413
6425
6426
6451
6452
6945
6970
6971
6972
6973
6974
6996
6997
6998
6999
7000
7001
7022
7023
7024
7025
7026
7048
7049
7050
7051
7052
7053
7056
7058
7059
7060
7061
7062
7063
7074
7075
7076
7077
7085
7086
7087
7088
7089
7090
7101
7102
7103
7110
7127
7128
7154
7649
7674
7675
7676
7700
7701
7702
7726
7727
7736
7737
7753
7754
7758
7759
7760
7761
7762
7763
7764
7765
7778
7779
7785
7786
7787
7788
7803
7804
7830
8380
8428
8429
8437
8438
8454
8455
8459
9104
9105
9106
9130
9158
9162
9807
9808
9832
9833
9865
10510
10536
10565
11212
11213
11239
11889
11914
11915
11941
11945
11947
11948
11975
12592
12616
12617
12645
12646
12647
12650
13294
13295
13352
14080
14081
14108
14110
14707
14732
14758
15410
15435
15436
15462
16139
16164
