130
858
1534
2184
2210
2236
2262
2808
2834
2886
2912
2913
2938
2939
2964
3484
3510
3536
3562
3588
3614
3615
3616
3619
3640
3641
3642
3646
3666
3667
3668
3693
3694
4161
4186
4187
4188
4212
4213
4238
4264
4290
4291
4296
4316
4317
4318
4319
4320
4321
4323
4342
4343
4344
4345
4346
4347
4348
4369
4370
4888
4889
4914
4915
4940
4941
4942
4966
4992
4993
4994
4997
4999
5018
5019
5020
5021
5022
5023
5024
5025
5026
5045
5046
5047
5618
5642
5644
5645
5646
5647
5648
5649
5668
5669
5670
5671
5694
5695
5696
5697
5699
5700
5702
5703
5704
5720
5721
5722
5723
5724
5728
5749
5750
6320
6321
6324
6345
6346
6347
6348
6349
6370
6371
6372
6373
6374
6377
6378
6386
6397
6398
6399
6400
6404
6405
6406
6407
6408
6409
6410
6411
6412
6413
6426
6431
6432
6433
6434
7022
7023
7024
7026
7028
7046
7047
7048
7049
7050
7051
7052
7053
7054
7055
7056
7060
7062
7073
7074
7075
7076
7079
7082
7083
7084
7085
7086
7087
7088
7089
7090
7101
7102
7108
7109
7110
7111
7112
7113
7114
7115
7134
7135
7138
7698
7699
7700
7702
7723
7724
7725
7726
7730
7731
7749
7750
7751
7752
7753
7754
7755
7757
7758
7759
7760
7761
7762
7763
7764
7765
7778
7787
7788
7789
7791
7792
8400
8401
8402
8426
8427
8428
8429
8433
8435
8437
8460
8462
8463
14862
