2080
2106
2132
2158
2782
2808
2834
2860
3484
3485
3486
3487
3510
3511
3512
3514
3515
3536
3562
3588
4160
4161
4162
4163
4186
4187
4188
4189
4190
4212
4213
4214
4238
4239
4264
4265
4290
4291
4316
4342
4343
4344
4369
4837
4838
4862
4863
4864
4888
4889
4890
4891
4914
4915
4916
4920
4940
4941
4966
4967
4968
4992
4993
4994
4995
5018
5019
5020
5044
5045
5046
5539
5565
5566
5567
5590
5591
5592
5593
5594
5616
5617
5618
5619
5620
5642
5643
5644
5645
5668
5669
5670
5671
5694
5695
5696
5697
5720
5721
5722
6162
6163
6268
6269
6270
6292
6293
6294
6295
6296
6318
6319
6320
6321
6322
6344
6345
6346
6347
6348
6370
6371
6372
6373
6397
6398
6399
6865
6968
6969
6970
6972
6994
6995
6996
6997
6998
6999
7020
7021
7022
7023
7024
7025
7031
7046
7047
7048
7049
7050
7051
7072
7073
7074
7075
7076
7100
7101
7541
7567
7594
7646
7671
7675
7676
7696
7697
7698
7699
7700
7701
7722
7723
7724
7725
7726
7727
7728
7734
7749
7750
7751
7752
7753
7754
7761
7776
7777
7778
7779
8270
8271
8295
8296
8297
8298
8321
8322
8323
8347
8348
8349
8373
8374
8375
8376
8379
8398
8399
8400
8401
8402
8403
8404
8405
8425
8426
8427
8428
8429
8430
8437
8452
8453
8454
8456
8480
8946
8947
8948
8949
8972
8973
8974
8975
8998
8999
9024
9025
9026
9050
9051
9076
9077
9103
9105
9129
9131
9624
9651
9677
9678
14080
14730
14757
15433
15459
15460
15461
15485
15486
15487
16135
16136
16162
16163
16838
16864
17567
