759
1407
1432
1433
2108
2109
2110
2132
2135
2137
2138
2184
2782
2784
2808
2809
2810
2811
2812
2834
2835
2836
2837
2838
2839
2840
2860
2886
3484
3485
3486
3487
3488
3489
3510
3511
3512
3513
3514
3515
3516
3517
3536
3537
3538
3539
3540
3541
3543
3562
3588
3589
3614
4135
4160
4186
4187
4188
4189
4190
4212
4213
4214
4215
4216
4217
4218
4219
4220
4238
4239
4241
4242
4244
4246
4264
4265
4274
4275
4290
4291
4292
4316
4317
4318
4344
4862
4863
4888
4889
4890
4891
4893
4914
4915
4916
4917
4918
4919
4920
4921
4923
4940
4941
4942
4943
4945
4946
4947
4949
4966
4967
4968
4969
4970
4971
4972
4973
4992
4993
4994
4995
5019
5020
5021
5046
5539
5540
5541
5564
5565
5566
5567
5590
5591
5592
5593
5594
5616
5617
5618
5619
5620
5621
5622
5642
5643
5644
5645
5646
5647
5648
5649
5668
5669
5670
5671
5672
5673
5674
5694
5695
5696
5697
5698
5721
5722
5723
5724
6216
6217
6241
6242
6243
6244
6267
6268
6269
6270
6293
6294
6295
6297
6299
6318
6319
6320
6321
6322
6323
6324
6325
6326
6344
6345
6346
6347
6348
6349
6350
6351
6352
6354
6355
6357
6358
6370
6371
6372
6373
6374
6375
6376
6377
6383
6385
6386
6387
6397
6398
6399
6411
6412
6413
6439
6946
6969
6970
6971
6972
6994
6995
6996
6997
6998
6999
7000
7001
7002
7021
7022
7023
7024
7025
7026
7027
7028
7029
7030
7031
7033
7047
7048
7049
7050
7051
7052
7053
7054
7055
7056
7057
7058
7059
7060
7061
7062
7073
7074
7075
7076
7077
7082
7083
7084
7085
7086
7087
7088
7089
7090
7103
7114
7115
7116
7649
7672
7673
7674
7675
7676
7697
7698
7699
7700
7701
7702
7723
7724
7725
7726
7727
7728
7730
7731
7732
7733
7734
7735
7736
7737
7738
7750
7751
7752
7753
7756
7757
7758
7759
7760
7761
7762
7763
7764
7765
7778
7779
7784
7786
7787
7788
7790
7791
7792
7817
8375
8376
8377
8378
8399
8400
8401
8402
8403
8404
8405
8409
8427
8428
8429
8430
8431
8432
8433
8434
8435
8436
8437
8438
8439
8455
8460
8461
8462
8463
8464
8465
8466
9078
9079
9105
9106
9107
9133
9140
9157
9158
9167
9168
9783
14055
14105
14731
14760
14783
14808
14809
14834
15458
15460
15485
15511
16110
16136
16137
16164
16813
16839
16840
16891
16917
17542
