806
1404
1482
1508
1534
2080
2081
2106
2107
2108
2132
2133
2158
2184
2210
2236
2756
2782
2783
2784
2808
2809
2810
2834
2835
2860
2886
2912
2938
2964
3458
3459
3460
3484
3485
3510
3511
3512
3536
3537
3562
3588
3614
4135
4160
4161
4162
4163
4186
4187
4188
4189
4212
4214
4238
4264
4265
4290
4291
4316
4317
4318
4342
4343
4344
4836
4838
4862
4863
4864
4888
4889
4890
4891
4892
4914
4916
4940
4941
4966
4967
4968
4992
4993
4994
4995
5018
5019
5020
5021
5045
5046
5047
5539
5564
5565
5566
5567
5568
5590
5591
5593
5594
5616
5617
5642
5643
5644
5646
5668
5669
5670
5671
5672
5673
5674
5675
5694
5695
5696
5697
5698
5699
5720
5721
5722
5723
6242
6243
6268
6269
6292
6294
6295
6318
6319
6320
6321
6322
6344
6345
6346
6347
6348
6349
6350
6351
6354
6370
6371
6372
6373
6374
6375
6376
6396
6397
6398
6399
6400
6943
6945
6946
6968
6969
6970
6971
6972
6994
6995
6996
6997
6998
6999
7000
7021
7022
7023
7024
7025
7046
7047
7048
7049
7050
7051
7052
7053
7056
7057
7059
7062
7072
7073
7074
7075
7076
7081
7082
7083
7084
7085
7086
7087
7088
7089
7101
7108
7109
7645
7647
7670
7671
7672
7673
7674
7675
7696
7697
7698
7699
7700
7702
7703
7722
7723
7724
7725
7726
7727
7728
7729
7731
7748
7749
7750
7751
7752
7755
7758
7759
7760
7761
7762
7763
7764
7776
7778
7784
7786
7790
8372
8373
8374
8375
8376
8377
8398
8399
8400
8401
8402
8403
8407
8424
8425
8426
8427
8428
8429
8431
8434
8453
8461
9076
9077
9079
9103
9105
9107
9129
9130
9159
9780
9806
12022
12672
12724
13354
13402
13428
13455
14026
14032
14051
14053
14054
14056
14058
14079
14083
14104
14105
14106
14131
14132
14701
14706
14730
14731
14732
14733
14734
14735
14754
14755
14756
14757
14758
14759
14780
14781
14782
14783
14807
14808
15355
15382
15406
15407
15408
15411
15430
15431
15432
15433
15434
15435
15436
15437
15456
15457
15458
15459
15460
15482
15483
15484
15485
15510
16059
16083
16107
16109
16110
16111
16133
16135
16139
16160
16214
17542
