676
1352
1378
1379
1404
1405
1430
2054
2080
2081
2082
2106
2107
2108
2132
2133
2158
2756
2757
2758
2782
2783
2784
2785
2786
2808
2809
2810
2811
2834
2835
2860
3432
3458
3459
3460
3461
3462
3484
3485
3486
3487
3488
3510
3511
3513
3514
3536
3537
3562
4134
4160
4161
4162
4163
4164
4186
4187
4188
4189
4190
4191
4212
4213
4214
4836
4837
4838
4862
4863
4864
4865
4888
4889
4890
4891
4892
4914
4915
4916
4917
4918
4919
4920
4940
4941
4942
4966
5539
5540
5541
5564
5565
5566
5567
5568
5590
5591
5592
5593
5594
5595
5596
5597
5598
5616
5617
5618
5619
5620
5621
5622
5623
5642
5643
5644
5645
5646
5668
5669
5670
5695
5696
6241
6242
6243
6266
6267
6268
6269
6270
6271
6272
6273
6274
6292
6293
6294
6295
6296
6297
6298
6299
6300
6318
6319
6320
6321
6322
6323
6324
6345
6346
6347
6348
6349
6371
6372
6373
6375
6943
6944
6945
6969
6970
6971
6973
6975
6994
6995
6996
6997
6998
6999
7000
7020
7021
7022
7023
7024
7025
7026
7027
7028
7047
7048
7049
7050
7051
7052
7053
7073
7075
7076
7645
7646
7670
7671
7672
7673
7674
7675
7696
7697
7698
7699
7700
7701
7702
7703
7704
7723
7724
7725
7726
7727
7728
7729
7749
7750
7752
7753
7754
7756
8374
8375
8376
8377
8399
8400
8401
8402
8403
8404
8405
8425
8426
8427
8428
8429
8431
8432
8455
9103
9104
9107
9132
13323
13327
14001
14002
14003
14005
14027
14028
14029
14030
14031
14032
14051
14054
14057
14058
14680
14703
14704
14705
14706
14707
14708
14727
14728
14730
14731
14732
14733
14734
14735
14754
14756
14757
14758
14759
14760
14761
15382
15383
15406
15407
15408
15409
15410
15432
15433
15434
15435
15436
15437
15457
15459
15461
15463
15485
16085
16086
16110
16111
16112
16113
16134
16135
16136
16137
16138
16139
16141
16161
16162
16812
16813
16814
16815
16816
16839
16865
17491
17515
17517
