1378
1508
2054
2080
2106
2108
2109
2184
2236
2756
2757
2782
2783
2784
2785
2786
2809
2810
2811
2812
2834
2860
2886
2938
3458
3459
3460
3484
3485
3486
3487
3488
3489
3510
3512
3513
3514
3515
3536
3540
3562
3588
3614
3615
3640
4160
4161
4162
4163
4186
4187
4188
4189
4190
4212
4213
4214
4215
4216
4217
4238
4242
4243
4264
4265
4266
4269
4290
4291
4295
4316
4317
4318
4343
4344
4345
4837
4838
4862
4863
4864
4865
4866
4888
4889
4890
4891
4892
4893
4894
4914
4915
4916
4917
4918
4919
4920
4940
4941
4942
4943
4944
4945
4946
4966
4967
4968
4969
4970
4971
4972
4973
4992
4993
4994
5019
5020
5021
5046
5539
5540
5564
5565
5566
5567
5568
5590
5591
5592
5593
5594
5595
5596
5616
5617
5618
5619
5620
5621
5622
5642
5643
5644
5645
5646
5647
5648
5649
5650
5668
5669
5670
5671
5672
5673
5674
5675
5694
5695
5696
5697
5699
5722
5723
6242
6243
6266
6267
6268
6269
6270
6292
6293
6294
6295
6296
6297
6298
6319
6320
6321
6322
6323
6324
6325
6327
6345
6346
6347
6348
6349
6350
6351
6352
6353
6370
6371
6372
6373
6374
6379
6380
6398
6399
6400
6406
6970
6971
6994
6995
6996
6997
6998
6999
7021
7022
7023
7024
7025
7028
7046
7047
7048
7049
7055
7056
7057
7073
7074
7075
7076
7080
7081
7082
7083
7084
7085
7100
7102
7675
7676
7697
7698
7699
7702
7703
7705
7723
7724
7725
7726
7729
7731
7732
7733
7749
7750
7751
7754
7758
7759
7760
7761
7776
7777
7785
7786
7787
7788
7804
8381
8400
8407
8408
8409
8410
8426
8427
8431
8432
8434
8435
8436
8452
8453
8460
8461
8462
8463
9084
9109
9110
9111
9137
9138
9139
9786
9787
9859
14732
15435
15436
15464
16136
16138
16139
16814
