2158
2184
2834
2860
2886
2912
2938
3536
3562
3588
3614
3640
4238
4264
4265
4290
4291
4316
4317
4914
4940
4941
4942
4966
4967
4968
4992
4993
4994
5018
5019
5020
5045
5046
5642
5643
5644
5668
5669
5670
5671
5694
5695
5696
5697
5720
5721
5722
5723
5746
5747
5748
6344
6345
6371
6372
6373
6374
6396
6397
6398
6399
6400
6423
6424
6425
6426
6450
6451
7047
7048
7050
7073
7074
7075
7076
7077
7099
7100
7101
7102
7103
7126
7127
7128
7129
7725
7749
7750
7751
7752
7753
7775
7776
7777
7778
7779
7802
7803
7804
7805
7806
7830
7831
7832
8426
8428
8451
8452
8453
8454
8455
8477
8478
8479
8480
8481
8482
8503
8504
8505
8506
8507
8508
8530
8531
8532
8534
9153
9154
9155
9156
9157
9158
9180
9181
9182
9183
9184
9185
9186
9206
9207
9208
9209
9210
9211
9237
9830
9857
9858
9859
9860
9861
9862
9883
9884
9885
9886
9887
9888
9889
9910
9911
9912
9913
10564
10587
10590
10615
13427
