2210
2236
2808
2860
2886
2912
2913
2938
3432
3458
3459
3484
3485
3486
3487
3489
3510
3513
3514
3515
3516
3536
3562
3588
3589
3614
3615
3640
3641
3667
3668
4135
4160
4161
4162
4163
4186
4187
4188
4189
4190
4191
4212
4213
4214
4215
4216
4217
4218
4219
4239
4241
4264
4265
4290
4291
4292
4316
4317
4318
4342
4343
4344
4345
4369
4370
4837
4838
4862
4863
4864
4865
4866
4888
4889
4890
4891
4892
4893
4894
4914
4915
4916
4917
4918
4919
4920
4922
4941
4942
4943
4944
4945
4946
4966
4967
4968
4969
4970
4972
4992
4993
4994
4995
5018
5019
5020
5021
5044
5045
5046
5047
5539
5540
5541
5564
5565
5566
5567
5568
5569
5590
5591
5592
5593
5594
5595
5596
5597
5616
5617
5618
5619
5620
5621
5622
5623
5624
5643
5644
5645
5646
5647
5648
5649
5668
5669
5670
5671
5672
5673
5675
5694
5695
5696
5697
5698
5699
5720
5721
5722
5723
5724
5748
5749
6217
6242
6243
6244
6266
6267
6268
6269
6270
6271
6272
6273
6292
6293
6294
6295
6296
6297
6298
6299
6300
6319
6320
6321
6322
6323
6324
6325
6326
6327
6344
6345
6346
6347
6348
6349
6350
6351
6352
6354
6370
6371
6372
6373
6374
6375
6376
6377
6379
6381
6383
6386
6387
6397
6398
6399
6400
6401
6402
6411
6412
6423
6424
6425
6426
6943
6944
6969
6970
6971
6972
6973
6974
6975
6994
6995
6996
6997
6998
6999
7000
7001
7002
7003
7020
7021
7022
7023
7024
7025
7026
7027
7028
7029
7030
7031
7046
7047
7048
7049
7050
7051
7052
7053
7054
7055
7056
7057
7058
7059
7060
7061
7062
7063
7074
7075
7076
7077
7078
7079
7081
7082
7083
7084
7085
7086
7087
7088
7089
7090
7100
7101
7102
7103
7108
7114
7115
7127
7670
7671
7672
7675
7696
7697
7698
7699
7700
7701
7702
7703
7704
7705
7706
7723
7724
7725
7726
7727
7728
7729
7731
7732
7733
7734
7735
7736
7737
7738
7750
7751
7752
7753
7754
7755
7757
7758
7759
7760
7761
7762
7763
7764
7765
7782
7783
7784
7785
7786
7787
7788
7789
7790
7791
7804
7805
7806
8377
8378
8379
8403
8404
8406
8409
8411
8412
8429
8431
8433
8434
8435
8436
8437
8438
8439
8459
8460
8462
8463
8464
8466
8508
9081
9083
9108
9110
9111
9112
9113
9131
9135
9136
9139
9140
9161
9167
9784
9787
9817
9837
9839
9843
9889
11296
14109
14785
15434
15459
15460
15486
15487
16137
16162
16163
16166
17518
17569
17598
