2756
2782
2886
3458
3484
3485
3511
3562
4134
4135
4160
4161
4162
4186
4187
4188
4213
4238
4264
4265
4836
4837
4838
4862
4863
4864
4888
4889
4890
4891
4914
4940
4941
4966
4967
5512
5538
5539
5540
5564
5565
5566
5567
5568
5590
5591
5592
5593
5594
5617
5618
5619
5642
5643
5644
5669
5670
5694
5695
6162
6188
6214
6215
6216
6240
6241
6242
6243
6244
6266
6267
6268
6269
6270
6293
6294
6295
6296
6297
6319
6320
6321
6322
6323
6344
6345
6346
6347
6371
6372
6373
6397
6398
6864
6890
6916
6917
6918
6942
6943
6944
6945
6946
6968
6969
6970
6971
6972
6973
6974
6994
6995
6996
6997
6998
6999
7000
7021
7022
7023
7024
7025
7026
7047
7048
7049
7050
7074
7075
7076
7566
7592
7593
7594
7618
7619
7620
7621
7622
7645
7647
7648
7649
7670
7671
7672
7673
7674
7675
7676
7677
7697
7698
7699
7700
7701
7702
7703
7723
7724
7725
7728
7729
7751
8268
8294
8295
8296
8297
8322
8323
8350
8351
8352
8377
8378
8379
8403
8404
8405
8406
8918
8944
8945
8970
8971
8973
8997
8998
9023
9025
9050
9055
9080
9081
9082
9108
9620
9646
9672
9754
10322
11106
11132
11133
11807
11808
11834
11836
11837
11838
11863
11865
12457
12458
12484
12485
12510
12511
12512
12513
12537
12538
12539
12540
12541
12568
13158
13160
13185
13186
13187
13188
13189
13213
13214
13215
13216
13240
13241
13242
13269
13352
13835
13837
13861
13862
13863
13864
13887
13888
13889
13890
13891
13892
13916
13917
13918
13945
14510
14511
14535
14536
14537
14538
14539
14564
14565
14566
14568
14591
14592
14593
14595
14619
14620
14621
14730
14732
15211
15212
15213
15238
15239
15240
15272
15297
15407
15408
15409
15433
15434
15435
15915
15945
15972
16057
16084
16109
16111
16112
16137
16138
16139
16787
16788
16813
16814
16815
16841
17488
17490
17543
17570
18219
18220
18246
