2054
2080
2132
2756
2782
2783
2836
2886
2912
2938
3458
3459
3484
3485
3486
3510
3511
3512
3537
3538
3539
3540
3562
3588
3589
3614
4134
4160
4161
4162
4186
4187
4188
4212
4213
4214
4215
4238
4239
4242
4264
4268
4290
4342
4836
4837
4838
4862
4863
4864
4865
4888
4889
4890
4891
4892
4914
4915
4916
4918
4940
4941
4944
4945
4966
4967
4993
4994
5019
5020
5512
5513
5538
5539
5540
5541
5564
5565
5566
5567
5590
5591
5592
5593
5594
5595
5616
5617
5618
5619
5621
5622
5642
5643
5644
5648
5649
5668
5669
5670
5671
5674
5675
5694
5695
5696
5697
5721
5722
5723
6188
6214
6215
6240
6241
6242
6243
6244
6266
6267
6268
6269
6270
6292
6293
6294
6295
6296
6297
6298
6318
6319
6320
6321
6322
6323
6324
6325
6344
6345
6346
6347
6349
6350
6351
6352
6370
6371
6372
6373
6377
6378
6397
6398
6399
6890
6916
6917
6943
6944
6968
6969
6970
6971
6972
6973
6994
6995
6996
6997
6998
6999
7000
7001
7020
7021
7022
7023
7024
7025
7026
7027
7047
7048
7049
7050
7051
7052
7053
7073
7074
7075
7081
7566
7592
7618
7619
7671
7672
7673
7674
7675
7676
7697
7698
7699
7700
7701
7702
7703
7704
7722
7723
7724
7725
7726
7728
7729
7749
7750
7751
7752
7753
7757
7777
8321
8376
8377
8378
8379
8380
8399
8400
8402
8403
8404
8405
8406
8424
8426
8427
8428
8453
8454
9053
9054
9079
9080
9082
9108
9109
9700
9785
9809
9811
10511
11105
11809
11916
12485
12512
12537
13159
13185
13187
13213
13214
13215
13833
13834
13835
13860
13861
13862
13888
13889
13890
13891
14509
14535
14536
14537
14538
14563
14564
14565
14566
14592
14593
14594
14755
15210
15211
15212
15213
15238
15239
15241
15914
