130
780
806
832
1456
1458
1482
1508
1534
2132
2158
2184
2210
2211
2236
2237
2808
2834
2860
2886
2887
2912
2913
2914
2939
2940
2966
2967
3510
3536
3562
3563
3588
3589
3591
3615
3616
3617
3641
3642
3643
3667
3668
3669
3670
4187
4213
4239
4264
4265
4266
4270
4290
4291
4292
4293
4317
4318
4319
4320
4344
4345
4346
4863
4888
4889
4914
4915
4916
4940
4941
4942
4967
4968
4969
4970
4974
4993
4994
4995
4996
4997
5019
5020
5021
5022
5023
5047
5048
5565
5566
5591
5592
5593
5617
5618
5619
5621
5642
5643
5644
5645
5646
5651
5668
5669
5670
5671
5672
5673
5674
5695
5696
5697
5698
5699
5700
5723
5724
5725
6268
6292
6293
6294
6295
6296
6298
6318
6319
6320
6321
6322
6323
6324
6325
6326
6345
6346
6347
6348
6349
6350
6351
6352
6353
6371
6372
6373
6374
6375
6376
6379
6385
6386
6399
6400
6401
6410
6411
6412
6413
6425
6426
6970
6995
6996
6997
6998
6999
7000
7021
7022
7023
7024
7025
7026
7027
7028
7029
7047
7048
7049
7050
7051
7052
7053
7054
7056
7058
7059
7060
7061
7062
7063
7075
7076
7077
7078
7081
7083
7084
7085
7086
7087
7088
7089
7090
7101
7102
7103
7112
7114
7115
7128
7672
7673
7696
7697
7698
7699
7701
7702
7703
7723
7724
7725
7726
7729
7730
7732
7734
7735
7736
7754
7756
7757
7758
7759
7760
7761
7762
7763
7764
7765
7784
7785
7786
7787
7788
7789
7805
8373
8374
8399
8400
8401
8403
8406
8431
8432
8434
8435
8436
8437
8463
8487
9111
9138
13431
14054
14081
14107
15514
