1378
1456
2106
2108
2132
2134
2158
2184
2210
2782
2783
2784
2785
2810
2811
2812
2837
2860
2887
2912
2913
2939
2940
3458
3484
3485
3487
3510
3512
3514
3536
3538
3540
3541
3562
3565
3568
3589
3615
3616
3641
3642
3643
3668
3669
4160
4162
4186
4187
4188
4189
4190
4191
4212
4213
4214
4215
4216
4217
4218
4238
4239
4240
4241
4242
4243
4244
4264
4267
4291
4292
4293
4317
4318
4319
4320
4343
4344
4345
4346
4836
4863
4864
4888
4889
4890
4891
4892
4893
4894
4914
4915
4916
4917
4918
4919
4920
4940
4941
4942
4943
4944
4945
4946
4966
4968
4969
4970
4972
4975
4993
4994
4995
4996
5019
5020
5021
5022
5046
5047
5048
5566
5567
5590
5591
5592
5593
5594
5595
5596
5597
5616
5617
5618
5619
5620
5621
5622
5623
5624
5642
5643
5644
5645
5646
5647
5648
5649
5650
5651
5668
5669
5670
5671
5672
5673
5674
5675
5679
5696
5697
5698
5699
5722
5723
5724
6242
6243
6268
6269
6270
6293
6294
6295
6296
6297
6298
6299
6300
6320
6321
6322
6323
6324
6325
6326
6344
6345
6346
6347
6348
6349
6350
6351
6352
6354
6371
6372
6373
6374
6375
6377
6378
6380
6383
6384
6385
6386
6387
6398
6399
6400
6410
6412
6413
6425
6426
6427
6454
6944
6969
6970
6972
6973
6974
6995
6996
6997
6998
6999
7000
7001
7002
7022
7023
7024
7025
7026
7048
7049
7050
7051
7053
7055
7056
7057
7058
7059
7060
7061
7062
7063
7074
7075
7076
7077
7081
7082
7083
7084
7085
7086
7087
7088
7089
7090
7100
7101
7102
7109
7113
7114
7115
7675
7676
7699
7700
7701
7702
7703
7704
7723
7725
7726
7727
7728
7729
7732
7733
7734
7735
7736
7750
7751
7752
7753
7754
7755
7757
7758
7759
7760
7761
7762
7763
7764
7765
7766
7776
7777
7778
7784
7785
7786
7787
7788
7789
7790
7791
7792
7803
7804
7805
8379
8402
8403
8404
8405
8406
8408
8428
8429
8433
8435
8436
8437
8438
8453
8454
8461
8462
8463
8465
8466
8467
8479
8480
8481
8506
8543
8570
9080
9081
9106
9107
9131
9132
9138
9139
9140
9155
9156
9157
9165
9166
9168
9182
9183
9184
9220
9245
9246
9247
9781
9782
9783
9784
9808
9809
9811
9833
9834
9841
9858
9859
9860
9870
9884
9885
9894
9895
9920
9921
10485
10486
10511
10514
10534
10535
10536
10540
10560
10561
10562
10588
10626
11187
11212
11214
11215
11237
11238
11239
11263
11264
11273
11290
11327
11890
11914
11915
11916
11917
11918
11919
11921
11923
11940
11941
11945
11946
11947
11948
11949
11950
11951
11966
11967
11968
12593
12594
12617
12618
12619
12620
12621
12622
12623
12624
12625
12642
12643
12644
12645
12646
12648
12650
12651
12652
12653
12669
12670
12671
12678
12681
13295
13296
13297
13298
13299
13300
13319
13320
13321
13322
13323
13324
13325
13326
13327
13328
13329
13345
13346
13347
13348
13349
13350
13351
13352
13353
13354
13355
13356
13974
13996
13997
13998
13999
14000
14001
14002
14003
14023
14024
14025
14026
14027
14028
14029
14030
14031
14049
14050
14056
14058
14676
14677
14678
14702
14703
14704
14705
14728
14729
14730
14731
14732
14734
14755
14814
15430
15435
16112
16137
16195
