1456
1482
2054
2106
2108
2109
2158
2184
2783
2785
2808
2812
2834
2838
2840
2841
2860
2861
2887
3458
3460
3484
3485
3486
3487
3488
3489
3491
3510
3511
3512
3513
3514
3515
3516
3536
3538
3539
3542
3562
3563
3564
3589
3590
3591
3616
3617
3643
4135
4160
4161
4162
4163
4164
4186
4187
4188
4189
4190
4191
4212
4213
4214
4215
4217
4218
4219
4239
4240
4241
4242
4247
4265
4266
4267
4268
4269
4270
4292
4293
4294
4295
4319
4320
4837
4838
4839
4863
4864
4865
4866
4888
4889
4890
4891
4892
4893
4894
4895
4915
4916
4917
4918
4919
4920
4921
4941
4942
4943
4944
4945
4947
4968
4969
4970
4971
4973
4994
4995
4996
4997
5514
5540
5541
5542
5565
5566
5567
5568
5569
5591
5592
5593
5594
5595
5596
5597
5616
5617
5618
5619
5620
5621
5622
5623
5624
5625
5643
5644
5645
5646
5647
5669
5670
5671
5672
5673
5674
5675
5676
5679
5680
5696
5699
6216
6217
6240
6241
6242
6243
6244
6245
6266
6267
6268
6269
6270
6271
6272
6273
6293
6294
6295
6296
6297
6298
6299
6300
6319
6320
6321
6322
6323
6324
6325
6326
6327
6345
6346
6347
6348
6349
6350
6351
6353
6356
6357
6358
6371
6373
6375
6376
6383
6385
6386
6387
6402
6411
6412
6413
6917
6918
6919
6920
6944
6945
6946
6947
6948
6969
6970
6971
6972
6973
6974
6996
6997
6998
6999
7000
7001
7002
7022
7023
7024
7025
7026
7030
7031
7033
7047
7048
7049
7050
7051
7052
7056
7057
7058
7059
7060
7061
7062
7063
7077
7082
7083
7084
7085
7086
7087
7088
7089
7090
7102
7109
7111
7112
7114
7622
7646
7648
7649
7650
7672
7673
7674
7675
7676
7677
7698
7699
7700
7701
7702
7703
7705
7707
7726
7727
7728
7729
7730
7732
7733
7734
7735
7737
7750
7753
7754
7759
7760
7761
7762
7763
7764
7765
7785
7786
7787
7788
7789
7790
7808
8325
8326
8350
8351
8352
8353
8375
8376
8377
8378
8379
8380
8381
8383
8401
8402
8403
8404
8405
8406
8408
8410
8411
8412
8413
8428
8429
8430
8433
8434
8436
8437
8438
8439
8440
8452
8457
8461
8462
8464
8465
8466
8467
9002
9027
9028
9029
9051
9052
9053
9054
9055
9056
9057
9078
9079
9080
9081
9082
9083
9084
9086
9104
9105
9106
9107
9108
9110
9113
9130
9131
9132
9133
9139
9141
9142
9156
9196
9730
9731
9732
9733
9754
9755
9756
9757
9758
9759
9760
9761
9781
9782
9783
9784
9785
9786
9787
9806
9807
9809
9810
9814
9815
9833
9834
9887
9892
10405
10435
10436
10457
10458
10459
10460
10461
10462
10463
10464
10484
10485
10486
10487
10488
10489
10490
10491
10510
10516
10517
10518
10535
11081
11107
11108
11109
11134
11135
11136
11137
11138
11140
11161
11162
11163
11164
11166
11167
11187
11191
11192
11193
11194
11220
11221
11239
11248
11250
11269
11272
11277
11783
11809
11810
11811
11812
11838
11839
11865
11867
11870
11888
11890
11893
11894
11895
11896
11897
11918
11923
11924
11925
11949
11950
11951
11952
11974
11977
11978
11980
12458
12459
12460
12486
12487
12488
12512
12513
12514
12515
12516
12540
12541
12542
12568
12592
12599
12600
12621
12622
12623
12626
12627
12646
12647
12648
12649
12652
12653
12654
12655
12676
12681
12682
13162
13163
13188
13189
13190
13191
13216
13217
13218
13243
13295
13296
13297
13298
13300
13301
13302
13321
13323
13325
13326
13327
13328
13329
13330
13331
13349
13352
13354
13356
13357
13358
13379
13383
13384
13385
13386
13838
13839
13864
13865
13866
13891
13892
13893
13894
13920
14005
14023
14030
14031
14032
14033
14034
14059
14060
14061
14086
14087
14088
14089
14107
14541
14542
14568
14654
14680
14706
14707
14708
14709
14731
14732
14733
14734
14735
14736
14737
14758
14760
14761
14762
14763
14764
14765
14766
14785
14790
14791
14792
14793
14818
15383
15409
15410
15411
15412
15413
15434
15435
15436
15437
15438
15439
15440
15461
15463
15464
15465
15466
15467
15468
15493
15494
15495
16031
16057
16059
16060
16082
16084
16085
16086
16087
16111
16112
16113
16114
16138
16139
16140
16141
16142
16143
16164
16166
16168
16169
16170
16171
16196
16197
16733
16759
16760
16762
16789
16790
16815
16816
16817
16841
16844
16845
16871
16872
16873
16899
17462
17549
17574
17575
