2838
2839
2840
2841
2867
3512
3514
3515
3516
3539
3540
3542
3543
3544
3568
4189
4190
4214
4215
4216
4217
4218
4219
4220
4242
4243
4244
4245
4246
4247
4890
4891
4893
4894
4895
4896
4915
4916
4917
4918
4919
4920
4921
4922
4943
4944
4945
4946
4947
4948
4949
5567
5568
5569
5591
5592
5593
5594
5595
5597
5618
5619
5620
5622
5623
5624
5644
5645
5650
6243
6244
6269
6270
6294
6295
6297
6298
6319
6320
6321
6322
6345
6346
6347
6348
6355
6356
6357
6384
6385
6386
6387
6412
6413
7023
7031
7032
7034
7055
7057
7058
7059
7060
7061
7062
7063
7085
7086
7087
7088
7089
7090
7734
7735
7736
7737
7738
7758
7759
7760
7761
7762
7763
7764
7765
7789
7790
7791
8434
8436
8437
8438
8439
8463
8464
8465
