58
704
1407
1435
1438
1465
2081
2082
2108
2109
2111
2136
2137
2138
2164
2167
2783
2784
2785
2786
2810
2811
2812
2813
2814
2837
2838
2839
2840
2841
2842
2869
3486
3487
3488
3489
3512
3513
3514
3515
3516
3517
3539
3540
3541
3542
3543
3544
3545
3574
4187
4188
4189
4190
4191
4192
4214
4215
4216
4217
4218
4219
4241
4242
4243
4244
4245
4246
4247
4276
4865
4866
4867
4890
4891
4892
4893
4894
4895
4917
4918
4919
4920
4921
4922
4923
4943
4944
4945
4946
4947
4948
4949
4950
4952
4979
5568
5569
5570
5593
5594
5595
5596
5597
5620
5621
5622
5623
5624
5625
5626
5646
5647
5648
5649
5650
5651
5652
5653
5654
5679
5683
6268
6269
6270
6272
6295
6296
6297
6298
6299
6321
6322
6323
6324
6325
6326
6328
6329
6330
6348
6349
6350
6351
6352
6354
6355
6356
6357
6359
6383
6384
6385
6386
6387
6411
6412
6413
6970
6971
6972
6973
6974
6975
6997
6998
6999
7000
7001
7002
7023
7024
7025
7026
7027
7028
7029
7031
7032
7034
7055
7056
7058
7059
7060
7061
7062
7063
7085
7086
7087
7088
7089
7090
7115
7116
7646
7672
7673
7677
7678
7698
7699
7702
7703
7704
7705
7730
7731
7732
7734
7735
7736
7737
7760
7761
7762
7763
7764
7765
7766
7788
7789
7790
7791
7792
8406
8407
8435
8436
8437
8438
8439
8463
8464
8465
8466
8468
8494
9110
9111
9137
9141
9167
9168
9814
9841
10517
10543
10544
11220
11221
11246
11247
11923
11924
11950
12626
12627
12653
13329
13330
13356
13357
14032
14033
14058
14059
14060
14083
14735
14736
14760
14762
14763
15437
15438
15439
15464
15465
15466
16142
16166
16167
16168
16169
16195
16872
16898
17547
