1
2
3
28
29
30
56
676
702
705
732
733
759
760
1378
1405
1406
1434
1435
1436
1437
1438
1462
1463
1464
1508
2081
2082
2108
2109
2110
2111
2113
2136
2137
2138
2139
2140
2158
2164
2165
2166
2184
2784
2785
2786
2810
2811
2812
2813
2814
2815
2837
2838
2839
2840
2841
2842
2860
3462
3484
3486
3487
3488
3489
3490
3513
3514
3515
3516
3517
3519
3540
3541
3542
3543
3544
3545
3571
3614
4164
4189
4190
4191
4192
4193
4214
4215
4216
4217
4218
4219
4220
4243
4244
4245
4246
4247
4264
4291
4866
4891
4892
4893
4894
4917
4918
4919
4920
4921
4922
4923
4947
4948
4949
4950
4951
4952
4973
4977
5046
5567
5568
5569
5593
5594
5595
5596
5599
5620
5621
5622
5623
5624
5625
5626
5643
5649
5670
5681
5695
5696
5697
5721
5722
6269
6270
6271
6272
6273
6296
6297
6298
6299
6300
6323
6325
6328
6329
6330
6350
6353
6354
6355
6356
6357
6358
6359
6371
6372
6373
6374
6375
6377
6379
6382
6383
6384
6385
6386
6387
6397
6398
6411
6412
6413
6414
6424
6425
7001
7031
7032
7033
7035
7047
7048
7056
7057
7058
7059
7060
7061
7062
7063
7073
7074
7075
7076
7078
7079
7081
7083
7084
7085
7086
7087
7088
7089
7090
7099
7100
7101
7102
7103
7115
7116
7126
7127
7733
7734
7735
7736
7737
7749
7750
7751
7758
7759
7760
7761
7762
7763
7764
7765
7776
7777
7780
7781
7783
7788
7789
7790
7791
7792
7802
7803
7804
7828
7829
8432
8436
8437
8438
8439
8440
8452
8460
8461
8462
8464
8465
8466
8467
8478
8479
8480
8484
8486
8493
8494
8504
8505
8506
9112
9115
9132
9137
9138
9140
9141
9142
9155
9168
9180
9181
9183
9185
9207
9208
9831
9835
9857
9858
9866
9867
9871
9872
9883
9884
9910
10516
10534
10542
10559
10560
10564
10586
10587
11187
11211
11213
11214
11235
11236
11262
11263
11264
11289
11887
11913
11916
11938
11939
11943
11944
11947
11948
11965
11966
11968
11971
11973
12589
12615
12616
12623
12641
12642
12643
12644
12645
12646
12647
12648
12650
12651
12652
12653
12669
12670
13318
13319
13320
13321
13322
13323
13324
13325
13326
13344
13345
13346
13347
13349
13350
13352
13356
13378
13383
13996
13997
14020
14021
14022
14023
14026
14032
14055
14059
14734
14735
14736
14761
14762
15411
15438
15439
15464
15465
16140
