0
1
3
29
676
702
832
1352
1482
1508
1534
2028
2054
2132
2158
2184
2210
2236
2782
2784
2785
2810
2811
2812
2813
2834
2841
2860
2886
2912
2913
2939
2964
3458
3459
3460
3484
3485
3486
3487
3510
3511
3513
3514
3515
3516
3536
3538
3539
3540
3542
3567
3588
3589
3614
3615
3640
3641
3642
3666
3667
3668
4160
4161
4162
4163
4186
4187
4188
4189
4190
4191
4212
4213
4214
4215
4216
4217
4218
4219
4238
4239
4240
4243
4244
4245
4264
4265
4269
4290
4291
4316
4317
4318
4319
4342
4343
4344
4345
4369
4370
4371
4836
4837
4838
4839
4862
4863
4864
4865
4866
4888
4889
4890
4891
4892
4893
4894
4914
4915
4916
4917
4918
4919
4920
4921
4922
4923
4940
4941
4942
4943
4944
4945
4949
4966
4967
4968
4993
4994
4995
4996
5018
5019
5020
5021
5022
5045
5046
5047
5048
5539
5540
5541
5564
5565
5566
5567
5590
5591
5592
5593
5596
5616
5617
5618
5619
5620
5621
5622
5623
5642
5643
5644
5645
5646
5647
5648
5649
5650
5668
5669
5670
5671
5694
5695
5696
5697
5709
5721
5722
5723
5724
6241
6242
6243
6266
6267
6268
6269
6270
6271
6292
6293
6294
6295
6298
6318
6319
6320
6321
6322
6323
6344
6345
6346
6347
6348
6349
6354
6356
6370
6371
6372
6373
6374
6375
6385
6386
6397
6398
6399
6400
6412
6413
6414
6425
6944
6945
6946
6968
6969
6970
6971
6972
6994
6995
6996
6997
6998
6999
7001
7021
7022
7023
7024
7029
7031
7032
7033
7046
7047
7048
7049
7050
7053
7054
7056
7057
7058
7059
7060
7061
7062
7063
7073
7074
7075
7076
7082
7084
7086
7087
7088
7089
7090
7100
7102
7112
7113
7114
7115
7647
7671
7672
7673
7674
7675
7697
7698
7699
7700
7707
7723
7724
7725
7726
7729
7732
7733
7734
7735
7737
7738
7739
7752
7755
7759
7760
7761
7762
7763
7764
7765
7778
7784
7785
7787
7788
7789
7791
7792
8351
8400
8401
8402
8429
8434
8435
8436
8437
8438
8453
8454
8456
8459
8461
8462
8463
8464
8465
8466
8467
8481
8483
8492
9085
9129
9131
9137
9139
9140
9155
9156
9164
9167
9168
9842
14003
14025
14030
14054
14055
14078
14706
14707
14731
14732
14733
14734
14756
14758
14780
15408
15409
15410
15411
15430
15433
15434
15435
15436
15437
15458
15459
15461
16084
16085
16086
16108
16109
16110
16111
16112
16113
16138
16139
16163
16789
16814
16840
