1
27
731
757
758
759
1407
1433
1434
1435
1461
2054
2082
2106
2108
2109
2110
2112
2132
2135
2136
2137
2158
2756
2782
2783
2784
2785
2787
2808
2809
2810
2811
2812
2813
2834
2837
2838
2839
2840
2841
2842
2860
2867
3432
3458
3459
3460
3484
3485
3486
3487
3488
3489
3490
3510
3511
3512
3513
3514
3515
3516
3517
3536
3537
3540
3541
3542
3543
3544
3562
3570
3588
3591
3614
3615
4134
4135
4160
4161
4162
4163
4164
4186
4187
4188
4189
4190
4191
4192
4212
4213
4214
4215
4216
4217
4218
4219
4220
4238
4239
4240
4243
4245
4246
4248
4264
4265
4266
4269
4273
4274
4275
4290
4291
4294
4296
4300
4301
4302
4303
4316
4317
4343
4837
4838
4863
4864
4865
4866
4867
4888
4889
4890
4891
4892
4893
4914
4915
4916
4917
4918
4919
4920
4921
4922
4923
4924
4940
4941
4942
4943
4944
4945
4946
4947
4948
4949
4950
4951
4952
4966
4967
4968
4969
4970
4971
4973
4975
4976
4977
4978
4979
4992
4993
4994
4995
4996
4998
5003
5004
5005
5019
5020
5021
5022
5046
5540
5541
5564
5565
5566
5567
5568
5590
5591
5592
5593
5594
5596
5597
5598
5616
5617
5618
5619
5620
5621
5623
5624
5625
5626
5642
5643
5644
5645
5646
5647
5648
5649
5650
5651
5652
5653
5654
5669
5670
5671
5673
5674
5678
5679
5680
5694
5695
5696
5697
5699
5722
5723
5724
6217
6242
6243
6244
6268
6269
6270
6293
6294
6295
6296
6297
6299
6319
6320
6321
6322
6323
6324
6325
6326
6327
6328
6329
6330
6345
6346
6347
6348
6349
6350
6352
6354
6355
6358
6359
6371
6372
6373
6374
6375
6378
6382
6384
6385
6386
6387
6399
6400
6402
6404
6405
6406
6409
6411
6412
6413
6431
6970
6971
6972
6996
6997
6998
7000
7001
7003
7004
7021
7022
7023
7024
7025
7026
7027
7030
7031
7032
7033
7048
7049
7050
7051
7052
7055
7056
7057
7058
7059
7060
7061
7062
7063
7073
7074
7075
7076
7077
7078
7079
7080
7081
7082
7083
7084
7085
7086
7087
7088
7089
7090
7102
7103
7104
7106
7109
7110
7111
7112
7113
7114
7115
7116
7650
7673
7674
7676
7677
7699
7700
7701
7702
7703
7705
7707
7725
7726
7727
7728
7732
7733
7734
7735
7736
7737
7738
7750
7751
7752
7753
7755
7756
7757
7758
7759
7760
7761
7762
7763
7764
7765
7776
7777
7778
7779
7780
7781
7783
7784
7785
7786
7787
7788
7789
7790
7791
7792
7805
7806
7808
7809
7810
7811
8403
8404
8406
8409
8410
8411
8427
8428
8429
8430
8431
8432
8435
8436
8437
8438
8439
8453
8454
8455
8456
8457
8458
8459
8460
8461
8462
8463
8464
8465
8478
8479
8480
8481
8482
8483
8484
8485
8486
8487
8488
8489
8508
8510
8511
8514
9106
9111
9112
9130
9132
9133
9139
9140
9141
9155
9156
9158
9159
9160
9162
9166
9182
9186
9188
9189
9192
9836
9839
9842
9859
9861
9862
9863
9864
9865
9885
9888
9889
9891
9894
10541
10562
10563
10564
10565
10566
10567
14030
14079
14081
14783
14784
15434
15461
15485
15487
15538
16113
16136
16138
16139
16189
16814
16839
16841
16842
17518
