732
1434
1456
2814
2838
2860
2886
3484
3487
3488
3489
3490
3513
3514
3515
3516
3517
3518
3536
3542
3543
3562
3588
4134
4160
4161
4162
4163
4164
4165
4166
4186
4187
4188
4189
4190
4191
4192
4193
4212
4213
4214
4216
4217
4218
4219
4220
4238
4239
4247
4264
4265
4290
4291
4836
4837
4838
4839
4840
4862
4863
4864
4865
4866
4867
4888
4889
4890
4892
4893
4914
4915
4916
4917
4940
4941
4942
4966
4967
4968
4969
4992
4993
4994
4995
5018
5019
5044
5046
5539
5540
5541
5542
5564
5565
5566
5567
5568
5590
5591
5592
5593
5594
5616
5617
5618
5619
5620
5621
5642
5643
5644
5645
5647
5669
5670
5671
5694
5695
5696
5697
5698
5720
5721
5722
5723
6216
6217
6241
6242
6243
6244
6267
6268
6269
6271
6293
6294
6295
6296
6298
6318
6319
6320
6321
6322
6323
6324
6325
6344
6345
6346
6347
6348
6350
6351
6352
6358
6370
6371
6372
6373
6374
6375
6376
6377
6379
6382
6386
6396
6397
6398
6399
6400
6412
6413
6423
6424
6943
6944
6945
6946
6968
6969
6970
6971
6972
6973
6994
6995
6996
6997
6998
6999
7000
7021
7022
7023
7024
7025
7027
7028
7033
7034
7046
7047
7048
7049
7050
7051
7052
7053
7054
7055
7056
7057
7058
7059
7060
7061
7062
7063
7073
7074
7075
7076
7078
7079
7080
7081
7082
7083
7084
7085
7086
7087
7088
7089
7090
7100
7101
7102
7115
7116
7621
7645
7646
7647
7648
7671
7672
7673
7674
7675
7697
7698
7699
7700
7701
7702
7705
7722
7723
7724
7725
7726
7727
7728
7730
7731
7734
7735
7736
7737
7738
7749
7750
7751
7752
7753
7754
7755
7756
7757
7758
7759
7760
7761
7762
7763
7764
7765
7766
7778
7779
7781
7783
7784
7785
7786
7787
7788
7789
7790
7791
8324
8374
8375
8381
8400
8401
8402
8403
8408
8410
8411
8412
8427
8428
8429
8432
8433
8434
8435
8436
8437
8438
8439
8440
8459
8461
8462
8463
8464
8465
9056
9057
9078
9079
9084
9085
9086
9104
9106
9110
9111
9112
9113
9131
9135
9138
9139
9142
9156
9157
9167
9755
9760
9786
9788
9806
9815
9816
9839
10489
10549
14106
14756
14782
15433
15434
15435
15460
15483
15485
15510
16110
16111
16135
16136
16160
16161
16163
16787
16814
16838
16839
16841
16864
17539
18191
18218
18243
18245
