26
52
728
1430
2106
2132
2133
2134
2158
2184
2808
2809
2811
2812
2834
2836
2860
3484
3485
3510
3512
3515
3536
3538
3588
3614
3640
4160
4161
4186
4187
4191
4212
4214
4215
4218
4238
4239
4240
4241
4264
4265
4290
4291
4316
4317
4343
4344
4836
4837
4838
4862
4863
4864
4888
4889
4890
4892
4893
4894
4914
4915
4916
4917
4918
4919
4920
4940
4941
4942
4943
4944
4945
4966
4967
4968
4969
4970
4992
4993
4994
4995
5019
5020
5021
5022
5045
5046
5487
5512
5513
5538
5539
5540
5564
5565
5566
5567
5590
5591
5592
5593
5596
5616
5617
5618
5619
5620
5621
5622
5623
5642
5643
5644
5645
5646
5647
5648
5649
5668
5669
5670
5671
5672
5673
5674
5694
5695
5696
5697
5720
5721
5722
5723
5724
6163
6190
6216
6241
6242
6243
6266
6267
6268
6269
6292
6293
6294
6295
6296
6297
6298
6299
6318
6319
6320
6321
6322
6323
6324
6325
6326
6344
6345
6346
6347
6348
6349
6350
6351
6352
6353
6370
6371
6372
6373
6374
6375
6376
6377
6397
6398
6399
6400
6866
6893
6919
6920
6946
6968
6969
6970
6971
6972
6973
6994
6995
6996
6997
6998
6999
7000
7001
7005
7020
7021
7022
7023
7024
7025
7026
7027
7028
7029
7030
7031
7047
7048
7049
7050
7051
7052
7053
7054
7055
7056
7057
7058
7059
7073
7074
7075
7076
7077
7078
7079
7080
7081
7082
7083
7084
7085
7086
7101
7110
7596
7620
7621
7622
7623
7646
7647
7648
7649
7670
7671
7672
7673
7674
7675
7696
7697
7698
7699
7700
7701
7702
7703
7706
7707
7723
7724
7725
7726
7727
7728
7729
7730
7731
7732
7733
7734
7735
7749
7750
7751
7752
7753
7754
7755
7756
7757
7758
7759
7760
7761
7762
7777
7778
7780
7783
7784
7785
7786
7787
7788
8272
8273
8297
8298
8299
8324
8325
8347
8348
8350
8352
8374
8375
8376
8377
8378
8379
8399
8400
8401
8402
8403
8404
8405
8425
8426
8427
8428
8429
8430
8431
8434
8435
8436
8437
8453
8454
8455
8456
8457
8460
8461
8462
8463
8464
8948
8949
8974
8975
9002
9028
9052
9079
9080
9105
9106
9107
9111
9112
9113
9131
9132
9133
9139
9157
9755
9808
9809
9838
10537
11240
12673
14756
14782
14783
15407
15459
15486
16189
16891
17515
17516
18167
