1378
1404
1405
2054
2080
2081
2082
2106
2107
2108
2109
2132
2133
2134
2158
2184
2756
2758
2782
2783
2784
2785
2808
2809
2810
2811
2812
2834
2835
2836
2860
2912
3458
3461
3484
3485
3486
3487
3488
3510
3511
3512
3513
3514
3536
3537
3539
3562
3563
3588
3614
3615
4160
4161
4162
4164
4186
4187
4188
4189
4190
4212
4213
4214
4215
4216
4238
4239
4240
4264
4265
4266
4272
4290
4291
4292
4317
4343
4811
4838
4840
4862
4863
4864
4865
4867
4888
4889
4890
4891
4892
4893
4914
4915
4916
4917
4918
4919
4920
4921
4940
4941
4943
4944
4945
4966
4967
4968
4969
4970
4992
4993
4994
4995
4998
5019
5020
5514
5539
5540
5541
5542
5564
5565
5566
5567
5568
5569
5591
5592
5593
5594
5595
5596
5597
5617
5618
5619
5620
5621
5622
5623
5642
5643
5644
5645
5646
5647
5648
5650
5651
5668
5669
5670
5671
5672
5673
5674
5675
5677
5694
5695
5696
5697
5698
5699
5700
5701
5702
5722
5724
6191
6217
6218
6242
6243
6244
6245
6267
6268
6269
6270
6271
6272
6273
6294
6295
6296
6297
6298
6299
6300
6318
6319
6320
6321
6322
6323
6324
6325
6326
6327
6328
6345
6346
6347
6348
6349
6350
6351
6352
6353
6370
6371
6372
6373
6374
6375
6376
6378
6379
6384
6385
6396
6397
6398
6399
6401
6404
6407
6893
6920
6922
6946
6948
6971
6972
6974
6975
6996
6997
6998
6999
7000
7001
7002
7003
7020
7021
7022
7023
7024
7025
7026
7027
7028
7029
7046
7047
7048
7049
7050
7051
7052
7053
7054
7055
7056
7057
7059
7060
7061
7062
7073
7074
7075
7076
7077
7078
7079
7080
7081
7082
7083
7084
7085
7086
7087
7088
7109
7110
7596
7597
7623
7624
7649
7651
7674
7675
7677
7678
7697
7698
7699
7700
7701
7702
7703
7704
7723
7724
7725
7726
7727
7728
7729
7730
7731
7733
7734
7749
7750
7751
7752
7753
7754
7755
7756
7757
7758
7759
7760
7761
7762
7763
7764
7783
7784
7785
7786
7787
7788
7790
7814
8246
8272
8299
8328
8375
8376
8378
8379
8399
8400
8401
8402
8403
8404
8405
8406
8425
8426
8427
8428
8429
8430
8431
8432
8434
8435
8436
8438
8455
8456
8458
8459
8460
8461
8462
8463
8464
8948
8949
8976
9053
9054
9080
9082
9106
9107
9108
9130
9133
9134
9158
9756
9809
9832
9837
10538
10539
11187
11188
11189
11213
11214
11217
11239
11240
11272
11890
11891
11892
11918
11919
11950
11951
11975
11977
11978
11979
12003
12594
12650
12651
12652
12653
12654
12655
12675
12678
12679
12680
12726
13350
13352
13353
13354
13355
13356
13357
13375
13376
13377
13378
13379
13380
13381
13403
13404
13405
13406
13429
13430
13431
13455
13457
14002
14027
14028
14029
14030
14053
14054
14055
14056
14057
14058
14059
14060
14078
14079
14080
14081
14082
14083
14084
14086
14088
14089
14103
14104
14105
14106
14107
14109
14130
14158
14682
14705
14706
14707
14729
14730
14731
14732
14733
14734
14735
14736
14755
14756
14757
14758
14759
14760
14761
14780
14781
14782
14783
14784
14785
14786
14808
14809
14811
15357
15382
15383
15407
15408
15409
15410
15411
15431
15432
15433
15434
15435
15436
15437
15438
15458
15459
15460
15461
15462
15463
15464
15483
15485
15486
15487
15488
15489
15512
15538
16032
16059
16084
16086
16087
16110
16111
16112
16114
16135
16136
16137
16138
16139
16160
16161
16162
16163
16164
16165
16166
16167
16188
16213
16736
16762
16786
16788
16789
16813
16817
16841
17412
17438
17490
17517
17518
17519
