1352
2028
2054
2080
2132
2158
2184
2210
2730
2782
2783
2808
2809
2811
2834
2860
2886
2912
2938
3484
3485
3487
3510
3511
3512
3513
3536
3562
3588
3589
3614
3615
3640
4160
4186
4187
4188
4212
4213
4214
4216
4238
4240
4264
4265
4266
4267
4290
4291
4316
4317
4318
4342
4343
4344
4813
4838
4862
4863
4864
4865
4888
4889
4890
4891
4892
4914
4917
4918
4919
4920
4940
4941
4942
4943
4944
4966
4967
4968
4969
4970
4971
4992
4993
4994
4995
4996
4997
5018
5019
5020
5021
5022
5045
5046
5047
5515
5516
5539
5540
5541
5542
5543
5565
5566
5567
5568
5591
5592
5593
5594
5595
5596
5616
5617
5618
5619
5620
5621
5622
5623
5642
5643
5644
5645
5646
5647
5648
5668
5669
5670
5671
5672
5673
5674
5675
5694
5695
5696
5697
5698
5699
5721
5722
5723
5724
6192
6217
6242
6243
6244
6245
6246
6268
6269
6270
6271
6272
6273
6292
6293
6294
6295
6296
6297
6298
6318
6319
6320
6321
6322
6323
6324
6325
6326
6344
6345
6346
6347
6348
6349
6350
6351
6352
6353
6370
6371
6372
6373
6374
6375
6376
6377
6378
6396
6397
6398
6399
6400
6401
6405
6424
6895
6921
6922
6946
6947
6948
6949
6969
6970
6971
6972
6973
6974
6975
6976
6995
6996
6997
6998
6999
7000
7001
7002
7021
7022
7023
7024
7025
7026
7027
7028
7047
7048
7049
7050
7051
7052
7053
7054
7055
7056
7073
7074
7075
7076
7077
7081
7082
7083
7101
7102
7103
7597
7598
7624
7625
7648
7650
7651
7652
7672
7673
7674
7675
7676
7677
7678
7679
7698
7699
7700
7701
7702
7704
7722
7723
7724
7725
7726
7727
7728
7729
7730
7731
7749
7750
7751
7752
7753
7754
7755
7756
7757
7758
7759
7760
7776
7777
7778
7782
7783
7784
7785
7786
8247
8273
8274
8299
8300
8301
8326
8327
8328
8353
8354
8355
8374
8375
8381
8399
8400
8401
8402
8405
8406
8425
8426
8427
8428
8429
8430
8431
8432
8433
8452
8453
8454
8456
8461
8462
8488
8949
8950
8976
9004
9029
9030
9078
9130
9136
9787
11187
11213
11214
11239
11890
11916
14056
14757
14758
14784
15434
15437
15460
15461
15464
15487
16086
16111
16113
16114
16134
16165
16789
16816
17439
17519
