2132
2158
2184
2808
2834
2860
2886
3484
3510
3536
3562
3588
4134
4160
4186
4212
4213
4238
4264
4265
4290
4291
4292
4317
4343
4344
4369
4836
4837
4838
4862
4863
4864
4865
4888
4889
4890
4891
4914
4915
4916
4940
4942
4966
4968
4993
4995
5018
5019
5020
5021
5045
5046
5514
5539
5540
5541
5542
5564
5565
5566
5567
5568
5590
5591
5592
5593
5594
5616
5617
5618
5642
5643
5644
5668
5669
5670
5671
5694
5695
5696
5697
5698
5721
5722
6217
6218
6240
6241
6242
6243
6244
6245
6266
6267
6268
6269
6270
6292
6293
6294
6295
6318
6319
6320
6321
6322
6344
6345
6346
6347
6348
6370
6371
6372
6373
6374
6397
6398
6399
6424
6919
6920
6942
6943
6944
6945
6946
6947
6968
6969
6970
6971
6972
6994
6995
6996
6997
6998
6999
7020
7021
7022
7023
7024
7025
7046
7047
7048
7049
7050
7051
7052
7072
7073
7074
7075
7076
7077
7623
7645
7646
7647
7671
7672
7673
7674
7675
7697
7698
7699
7700
7701
7722
7723
7724
7725
7726
7727
7749
7750
7751
7752
7753
7755
7777
8375
8376
8377
8378
8400
8401
8402
8403
8404
8426
8427
8428
8429
8430
8454
9052
9080
9105
9106
9783
13326
13352
13377
13404
14026
14027
14029
14053
14054
14080
14081
14703
14704
14728
14729
14730
14731
14732
14733
14755
14756
14757
14758
14781
14782
14783
14784
15357
15379
15383
15405
15406
15407
15408
15409
15431
15432
15433
15434
15435
15458
15459
15460
16059
16083
16084
16085
16086
16109
16110
16111
16112
16135
16136
16137
16163
16188
16785
16788
16789
16811
16812
16813
16814
16837
16838
16839
16840
16863
16865
17488
17490
17514
17540
17541
17567
18217
18218
