1352
1404
2028
2054
2184
2210
2236
2808
2810
2860
2861
2886
2912
2938
3459
3484
3485
3489
3490
3510
3536
3537
3539
3562
3563
3588
3614
3615
3640
3641
3666
3667
4135
4160
4161
4162
4186
4187
4188
4192
4212
4213
4214
4215
4216
4238
4239
4240
4241
4242
4243
4264
4265
4267
4290
4291
4292
4316
4317
4318
4342
4343
4344
4837
4862
4863
4864
4865
4869
4888
4889
4890
4891
4893
4894
4914
4915
4916
4917
4918
4919
4920
4921
4940
4941
4942
4943
4944
4945
4946
4966
4967
4968
4969
4970
4971
4972
4992
4993
4994
4995
4996
4997
5018
5019
5020
5021
5022
5045
5046
5047
5538
5540
5541
5564
5565
5566
5567
5568
5570
5590
5591
5592
5593
5594
5595
5596
5597
5598
5616
5617
5618
5619
5620
5621
5622
5623
5624
5642
5643
5644
5645
5646
5647
5648
5668
5669
5670
5671
5672
5673
5694
5695
5696
5697
5698
5699
5700
5721
5722
5723
5724
6214
6215
6216
6217
6241
6242
6243
6244
6266
6267
6268
6269
6270
6273
6293
6294
6295
6296
6297
6298
6299
6300
6319
6320
6321
6322
6323
6324
6325
6326
6327
6328
6345
6346
6347
6348
6349
6350
6351
6353
6370
6371
6372
6373
6374
6375
6376
6378
6396
6397
6398
6399
6400
6401
6425
6426
6920
6946
6970
6971
6973
6976
6996
6997
6998
6999
7000
7001
7002
7003
7004
7021
7022
7023
7024
7025
7026
7027
7028
7029
7030
7031
7047
7048
7049
7050
7051
7052
7054
7073
7074
7075
7076
7077
7078
7079
7084
7101
7102
7103
7672
7676
7679
7681
7698
7699
7700
7701
7702
7703
7704
7705
7706
7707
7724
7725
7726
7727
7728
7729
7730
7731
7732
7733
7750
7751
7752
7753
7754
7755
7756
7757
7777
7778
7779
7780
7781
7783
7785
7804
8376
8378
8402
8403
8404
8405
8406
8407
8409
8428
8429
8430
8431
8434
8435
8456
8457
8461
8481
8482
9085
9106
9108
9110
9111
9112
9135
9137
9138
9159
9163
9785
9788
9811
9839
10431
10485
10486
10539
11107
11134
11135
11160
11162
11187
11213
11810
11836
11837
11838
11863
11917
12486
12512
12513
12541
12567
13135
13161
13162
13216
13269
13296
13429
13433
13864
13865
13972
14080
14082
14110
14132
14160
14702
14732
14757
14758
14759
14760
14783
14784
14785
14786
14809
14812
14813
14835
14838
15407
15409
15434
15459
15460
15461
15462
15463
15487
15488
15489
16138
16163
16189
16191
16192
16216
16813
16866
