780
1408
1434
1456
1482
1508
1534
2054
2080
2107
2109
2137
2138
2158
2184
2210
2756
2782
2783
2784
2785
2808
2809
2810
2811
2812
2813
2834
2838
2839
2840
2860
2886
2912
2938
3458
3459
3484
3485
3486
3487
3510
3511
3512
3513
3514
3515
3516
3536
3541
3562
3588
3589
3614
3615
3616
3640
3641
3667
4134
4135
4136
4160
4161
4162
4163
4186
4187
4188
4189
4190
4193
4212
4213
4215
4216
4217
4218
4238
4242
4244
4246
4264
4265
4266
4267
4268
4290
4291
4292
4316
4317
4318
4342
4343
4344
4369
4370
4810
4836
4837
4838
4862
4863
4864
4865
4866
4888
4889
4890
4891
4892
4893
4894
4914
4915
4916
4917
4918
4919
4920
4940
4941
4942
4943
4944
4947
4966
4967
4970
4971
4973
4992
4993
4994
4995
4997
5018
5019
5020
5021
5045
5046
5047
5514
5538
5539
5540
5542
5565
5566
5567
5568
5590
5591
5592
5593
5594
5595
5616
5617
5618
5619
5620
5621
5622
5623
5624
5642
5643
5644
5645
5646
5647
5649
5669
5670
5671
5672
5673
5674
5675
5677
5694
5695
5696
5697
5698
5699
5701
5703
5720
5721
5722
5723
5724
6218
6242
6243
6267
6268
6269
6270
6271
6293
6294
6295
6296
6297
6298
6318
6319
6320
6321
6322
6323
6324
6325
6327
6345
6346
6347
6348
6349
6350
6351
6352
6353
6355
6370
6371
6372
6373
6374
6375
6376
6377
6378
6379
6381
6384
6387
6397
6398
6399
6400
6401
6403
6411
6412
6413
6424
6945
6969
6970
6973
6995
6996
6997
6998
6999
7000
7021
7022
7023
7024
7025
7028
7029
7046
7047
7048
7049
7050
7051
7052
7053
7054
7055
7056
7057
7060
7061
7062
7063
7072
7073
7074
7075
7076
7077
7078
7079
7080
7081
7082
7083
7084
7085
7086
7087
7088
7089
7090
7102
7103
7107
7108
7109
7110
7112
7113
7115
7621
7622
7623
7647
7649
7672
7676
7677
7698
7701
7702
7704
7705
7723
7724
7728
7729
7731
7732
7733
7734
7735
7736
7737
7749
7750
7751
7752
7754
7755
7757
7758
7759
7760
7761
7762
7763
7764
7765
7778
7784
7785
7786
7787
7788
7791
7792
8378
8380
8381
8408
8410
8433
8434
8435
8436
8438
8439
8460
8461
8462
8463
8464
9111
9113
9137
9138
9139
9140
9141
9732
9787
9814
9816
9840
9841
9842
10517
14029
14706
14707
14782
14783
15382
15383
15409
15410
15436
15459
15485
16112
16814
