80
754
809
1431
1456
1457
1482
1484
2132
2158
2184
2782
2808
2834
2860
2862
2886
2890
3458
3459
3484
3485
3486
3510
3511
3512
3536
3539
3562
3563
3588
4134
4135
4160
4161
4162
4186
4187
4188
4189
4212
4213
4214
4238
4239
4240
4241
4264
4265
4290
4291
4316
4350
4351
4836
4837
4838
4862
4863
4864
4865
4888
4889
4890
4891
4914
4915
4916
4917
4940
4941
4942
4944
4966
4967
4968
4973
4992
4993
4994
4995
5000
5019
5020
5025
5026
5027
5538
5539
5540
5564
5565
5566
5567
5568
5590
5591
5592
5593
5594
5616
5617
5618
5619
5620
5642
5643
5644
5646
5669
5670
5671
5672
5674
5675
5694
5695
5696
5697
5698
5702
5721
5722
6215
6216
6240
6241
6242
6243
6266
6267
6268
6269
6270
6292
6293
6294
6295
6296
6297
6318
6319
6320
6321
6322
6323
6344
6345
6346
6347
6349
6350
6370
6371
6372
6373
6374
6378
6379
6397
6398
6399
6400
6943
6944
6968
6969
6970
6971
6972
6973
6994
6995
6996
6997
6998
6999
7000
7001
7020
7021
7022
7023
7024
7025
7026
7027
7046
7047
7048
7049
7050
7073
7074
7075
7076
7077
7645
7646
7647
7648
7670
7671
7672
7673
7674
7675
7676
7677
7696
7697
7698
7699
7700
7701
7702
7703
7722
7723
7724
7725
7726
7749
7751
7752
7753
8350
8373
8374
8375
8376
8377
8378
8379
8399
8400
8406
8426
8428
8430
9081
9103
11190
11214
11866
14755
