806
832
1456
1482
1508
1534
2107
2132
2135
2158
2163
2184
2210
2236
2237
2782
2808
2809
2834
2860
2886
2888
2913
2938
2939
2940
3458
3484
3485
3510
3511
3536
3537
3539
3540
3562
3563
3564
3567
3589
3590
3614
3615
3616
3641
3642
3643
3668
3669
4212
4214
4238
4240
4264
4265
4290
4291
4292
4293
4316
4317
4318
4319
4320
4343
4344
4345
4346
4369
4370
4371
4864
4915
4917
4918
4940
4942
4943
4966
4967
4968
4969
4992
4993
4994
4995
4996
5018
5019
5020
5021
5022
5046
5047
5048
5072
5073
5564
5565
5590
5591
5592
5594
5595
5617
5618
5619
5620
5621
5642
5644
5645
5646
5647
5648
5668
5669
5670
5671
5672
5673
5674
5695
5696
5697
5698
5699
5703
5722
5723
5724
5725
5749
5750
5775
5776
6241
6242
6266
6267
6268
6270
6271
6292
6293
6294
6295
6296
6297
6298
6299
6318
6319
6320
6321
6322
6323
6324
6345
6346
6347
6348
6349
6350
6370
6371
6372
6373
6374
6375
6380
6381
6383
6384
6385
6386
6398
6399
6400
6401
6409
6410
6411
6412
6413
6424
6425
6426
6427
6428
6450
6451
6452
6453
6918
6942
6943
6968
6969
6970
6971
6972
6973
6974
6975
6994
6995
6996
6997
6998
6999
7000
7001
7020
7021
7022
7023
7024
7025
7026
7027
7047
7048
7049
7050
7051
7052
7053
7054
7055
7056
7057
7058
7059
7060
7061
7062
7063
7073
7075
7076
7077
7078
7082
7083
7084
7085
7086
7087
7088
7089
7090
7099
7101
7102
7103
7104
7108
7109
7112
7113
7114
7115
7126
7127
7128
7129
7130
7153
7154
7155
7620
7645
7671
7672
7675
7696
7697
7698
7699
7700
7702
7703
7722
7723
7724
7726
7728
7729
7730
7731
7733
7734
7735
7749
7751
7752
7753
7754
7758
7759
7760
7761
7762
7763
7764
7765
7766
7776
7779
7780
7781
7784
7785
7786
7787
7788
7789
7790
7791
7792
7802
7805
7806
7808
7809
7810
7812
7829
7830
7831
7832
7855
7856
7857
7858
8348
8373
8374
8399
8400
8403
8425
8429
8432
8433
8434
8435
8436
8437
8439
8451
8458
8459
8460
8461
8462
8463
8464
8465
8466
8478
8481
8482
8484
8488
8489
8490
8504
8505
8506
8507
8508
8511
8531
8532
8533
8534
8535
9050
9075
9076
9077
9101
9102
9110
9128
9129
9131
9134
9135
9136
9139
9140
9154
9160
9162
9163
9165
9167
9180
9182
9183
9184
9206
9207
9208
9209
9210
9211
9234
9235
9236
9261
9752
9753
9778
9779
9804
9805
9806
9830
9834
9837
9839
9860
9863
9868
9883
9884
9885
9886
9887
9909
9910
9911
9912
9913
9936
9937
9938
9939
9940
10429
10454
10455
10481
10482
10514
10515
10533
10542
10559
10560
10561
10562
10564
10585
10586
10587
10588
10589
10594
10596
10612
10613
10614
10615
10616
10621
11131
11132
11157
11158
11184
11185
11186
11209
11218
11235
11239
11243
11244
11245
11261
11263
11264
11265
11266
11272
11288
11289
11290
11291
11292
11293
11294
11296
11316
11317
11319
11320
11323
11834
11860
11861
11886
11888
11890
11912
11917
11920
11941
11943
11944
11945
11947
11964
11965
11966
11967
11968
11969
11970
11972
11973
11974
11975
11976
11991
11992
11993
11994
11995
11996
11997
11998
11999
12000
12001
12004
12537
12563
12564
12592
12617
12618
12619
12621
12622
12623
12641
12642
12643
12644
12645
12646
12647
12648
12649
12650
12651
12652
12667
12668
12669
12670
12671
12672
12674
12675
12676
12677
12678
12679
12694
12695
12696
12699
12702
12705
13239
13240
13241
13266
13293
13294
13295
13298
13317
13318
13319
13320
13321
13322
13323
13324
13325
13327
13343
13344
13345
13346
13347
13348
13349
13350
13351
13352
13353
13354
13370
13371
13372
13373
13374
13375
13377
13380
13383
13404
13969
13970
13971
13972
13973
13995
13996
13997
13998
13999
14000
14001
14021
14022
14023
14024
14025
14026
14027
14028
14029
14031
14047
14048
14049
14050
14051
14053
14057
14077
14082
14673
14674
14675
14676
14677
14698
14699
14700
14701
14702
14703
14704
14724
14727
14728
14729
14731
14732
14753
14776
15403
15406
15408
15431
15432
15457
16108
16109
16135
18219
