29
2782
3485
3486
3510
3511
3514
3538
3541
3564
4189
4191
4215
4216
4217
4218
4219
4240
4241
4242
4243
4864
4889
4890
4891
4892
4893
4894
4895
4915
4916
4917
4918
4919
4920
4943
4944
4969
4995
4996
5540
5564
5565
5566
5567
5568
5569
5592
5593
5594
5595
5596
5597
5620
5621
5622
5623
5624
5645
5647
5672
5673
5697
5698
6241
6242
6243
6244
6245
6267
6268
6269
6270
6271
6293
6296
6297
6298
6299
6300
6321
6323
6324
6325
6326
6327
6348
6350
6360
6374
6375
6384
6385
6386
6387
6400
6401
6411
6412
6413
6425
6944
6945
6946
6971
6972
6973
6974
6996
6997
6998
6999
7000
7001
7002
7003
7026
7027
7028
7030
7033
7050
7051
7052
7056
7057
7058
7059
7060
7061
7062
7063
7085
7086
7087
7088
7089
7090
7103
7673
7674
7675
7676
7699
7701
7702
7703
7704
7705
7730
7732
7733
7734
7735
7736
7737
7739
7752
7754
7759
7760
7761
7762
7763
7764
7765
7766
7779
7788
7789
7791
7803
7804
8351
8375
8377
8378
8404
8406
8407
8409
8410
8411
8412
8433
8434
8435
8436
8437
8438
8439
8462
8463
8464
8465
8479
8480
9079
9080
9081
9084
9085
9105
9107
9110
9111
9132
9136
9137
9138
9139
9157
9182
9782
9783
9784
9785
9809
9810
9811
9813
9834
9837
9841
9859
9867
9884
10459
10484
10485
10486
10487
10512
10513
10514
10515
10516
10517
10541
10542
10561
10570
10579
10587
11161
11162
11163
11187
11188
11189
11190
11192
11214
11215
11217
11218
11219
11237
11238
11241
11243
11244
11245
11249
11263
11275
11864
11865
11867
11889
11890
11891
11892
11894
11917
11918
11919
11920
11921
11939
11940
11941
11948
11949
11950
11965
11974
11975
11977
11980
12009
12566
12592
12593
12594
12596
12615
12618
12620
12621
12622
12623
12624
12642
12643
12647
12648
12649
12650
12651
12652
12653
12654
12668
12671
12680
12683
13269
13270
13296
13297
13298
13299
13300
13319
13320
13321
13322
13323
13324
13325
13326
13327
13328
13329
13330
13344
13345
13346
13347
13348
13351
13352
13353
13354
13355
13358
13972
13973
13997
13998
13999
14000
14001
14002
14003
14004
14022
14023
14024
14027
14028
14029
14056
14703
14730
14732
14733
15407
15409
15435
16111
16112
16137
16138
16814
