2784
2813
2815
2838
2839
2841
2860
3458
3488
3489
3490
3512
3513
3514
3515
3516
3517
3518
3538
3540
3541
3543
3562
3563
3564
3567
3588
3590
3591
4162
4163
4164
4165
4188
4189
4190
4191
4192
4216
4217
4218
4238
4239
4240
4243
4244
4245
4264
4265
4266
4267
4268
4269
4270
4271
4291
4292
4293
4294
4295
4296
4321
4838
4862
4863
4864
4865
4866
4867
4889
4890
4891
4892
4893
4894
4915
4916
4917
4918
4919
4920
4921
4922
4941
4942
4943
4944
4945
4946
4947
4967
4968
4969
4970
4971
4972
4973
4974
4994
4995
4996
4997
4998
4999
5514
5540
5541
5542
5564
5566
5567
5568
5569
5591
5592
5593
5594
5595
5596
5597
5617
5618
5619
5620
5621
5622
5623
5624
5625
5643
5644
5645
5646
5647
5648
5649
5650
5651
5652
5668
5669
5670
5671
5672
5673
5674
5675
5676
5678
5695
5697
5699
5701
6217
6218
6243
6244
6268
6269
6270
6271
6272
6293
6294
6295
6296
6297
6298
6299
6300
6301
6320
6321
6322
6323
6324
6325
6326
6327
6328
6345
6346
6347
6348
6349
6350
6351
6352
6353
6354
6357
6371
6372
6373
6374
6376
6379
6381
6384
6385
6386
6387
6400
6402
6405
6406
6409
6410
6411
6412
6413
6920
6946
6947
6971
6972
6973
6974
6975
6996
6997
6998
6999
7000
7001
7002
7023
7024
7025
7026
7027
7028
7029
7031
7032
7048
7049
7050
7052
7055
7056
7057
7058
7059
7060
7061
7062
7063
7064
7074
7082
7084
7085
7086
7087
7088
7089
7090
7109
7110
7111
7112
7113
7114
7115
7116
7648
7650
7674
7675
7676
7677
7678
7700
7701
7702
7703
7704
7708
7726
7727
7728
7729
7732
7734
7735
7736
7737
7751
7754
7755
7758
7759
7760
7761
7762
7763
7764
7765
7766
7779
7785
7786
7787
7788
7789
7790
7791
7792
8378
8379
8380
8402
8403
8405
8406
8407
8408
8409
8410
8411
8434
8435
8436
8437
8438
8439
8440
8453
8454
8461
8462
8463
8464
8465
8466
8485
8491
9080
9081
9082
9083
9084
9085
9086
9104
9108
9109
9110
9111
9112
9113
9114
9136
9138
9140
9141
9142
9157
9164
9168
9194
9757
9758
9781
9782
9783
9785
9787
9811
9812
9813
9814
9815
9832
9833
9839
9840
9841
9844
9861
9866
9870
9896
10461
10487
10510
10512
10517
10519
10542
10544
10545
10546
10548
10562
10598
11138
11162
11163
11164
11165
11166
11188
11190
11191
11193
11194
11212
11218
11220
11221
11223
11245
11246
11248
11249
11250
11251
11272
11276
11302
11865
11867
11893
11894
11895
11897
11916
11921
11923
11924
11947
11948
11952
11953
11954
11978
11979
12004
12571
12594
12596
12597
12598
12599
12619
12622
12624
12625
12647
12648
12650
12655
12656
12678
12682
13299
13300
13301
13302
13303
13327
13328
13329
13330
13331
13355
13356
13357
13358
13359
13360
13385
13386
14030
14031
14032
14033
14058
14060
14061
14108
14735
14737
14759
14764
14784
15409
15435
15436
15439
15467
15468
15469
15488
16085
16111
16112
16138
16139
16144
16165
16170
16171
16172
16189
16198
16788
16814
16815
16841
16848
