2782
2783
3485
3486
3487
3488
3489
3512
3515
3516
3544
4161
4162
4187
4188
4189
4190
4191
4192
4215
4217
4219
4220
4246
4247
4248
4272
4276
4838
4863
4864
4865
4889
4890
4891
4892
4893
4917
4918
4919
4920
4921
4922
4923
4924
4947
4948
4949
4950
4951
4953
4976
4977
4978
5566
5567
5592
5593
5594
5595
5596
5597
5598
5618
5620
5621
5622
5623
5624
5625
5626
5649
5650
5651
5652
5653
5654
6268
6269
6270
6271
6294
6295
6296
6297
6298
6299
6300
6301
6323
6324
6326
6327
6328
6330
6355
6356
6357
6383
6384
6385
6386
6387
6410
6411
6412
6413
6944
6970
6971
6972
6973
6999
7000
7031
7032
7033
7055
7056
7057
7058
7059
7060
7061
7062
7063
7086
7087
7088
7089
7090
7113
7114
7115
7732
7733
7734
7735
7736
7737
7759
7760
7761
7762
7763
7764
7765
7766
7787
7788
7789
7790
7791
7792
8406
8410
8435
8436
8437
8438
8439
8441
8464
8466
8467
9085
9113
9139
9140
