2080
2082
2782
2783
2808
2811
2839
3458
3484
3487
3488
3510
3515
3516
3541
3544
4186
4187
4188
4189
4190
4212
4213
4214
4215
4216
4217
4218
4219
4220
4221
4238
4243
4244
4245
4246
4247
4275
4863
4864
4865
4888
4889
4890
4891
4892
4893
4914
4915
4916
4917
4918
4919
4920
4921
4922
4923
4940
4941
4947
4948
4950
5565
5566
5567
5568
5591
5592
5593
5594
5595
5596
5597
5616
5617
5618
5619
5620
5621
5622
5623
5624
5625
5643
5644
5648
5649
5650
5651
5653
6242
6267
6268
6269
6270
6271
6293
6294
6295
6296
6297
6298
6299
6300
6319
6320
6321
6322
6324
6325
6326
6327
6328
6345
6346
6354
6355
6356
6357
6358
6383
6384
6385
6386
6387
6411
6412
6413
6414
6943
6944
6945
6969
6970
6971
6972
6973
6974
6995
6996
6997
6998
6999
7001
7021
7022
7023
7024
7029
7030
7031
7032
7033
7049
7057
7058
7059
7060
7061
7062
7063
7084
7085
7086
7087
7088
7089
7090
7115
7646
7647
7671
7672
7673
7676
7697
7698
7699
7702
7703
7732
7733
7734
7735
7736
7737
7759
7760
7761
7762
7763
7764
7765
7788
7789
7790
8408
8409
8410
8411
8435
8436
8437
8438
8465
8466
9138
9139
9141
9167
14707
14731
14734
14735
15408
15410
15435
15436
