806
1508
1534
2184
2210
2756
2808
2812
2834
2860
2886
2912
3458
3459
3485
3486
3536
3537
3545
3562
3588
3589
3614
3615
3640
3642
4134
4135
4136
4160
4161
4162
4163
4186
4187
4188
4189
4212
4213
4214
4215
4217
4238
4239
4242
4264
4265
4274
4290
4291
4317
4343
4344
4836
4837
4838
4839
4862
4863
4864
4865
4866
4888
4889
4890
4891
4892
4893
4914
4915
4916
4917
4940
4941
4942
4943
4945
4966
4967
4968
4970
4972
4973
4993
4994
4995
4997
5019
5020
5021
5046
5047
5514
5538
5539
5540
5541
5564
5565
5566
5567
5568
5569
5570
5590
5591
5592
5593
5594
5595
5596
5616
5617
5618
5619
5620
5621
5625
5642
5643
5644
5645
5646
5647
5648
5650
5669
5670
5671
5672
5673
5674
5675
5676
5695
5696
5697
5698
5699
5700
5701
5702
5722
5723
5724
6189
6215
6216
6218
6240
6241
6242
6243
6244
6266
6267
6268
6269
6270
6271
6272
6273
6292
6293
6294
6295
6296
6297
6298
6299
6300
6318
6319
6320
6321
6322
6323
6324
6325
6344
6345
6346
6347
6348
6349
6350
6351
6352
6353
6354
6357
6371
6372
6373
6374
6375
6376
6377
6378
6386
6387
6398
6399
6400
6401
6402
6404
6405
6406
6411
6412
6413
6892
6917
6918
6919
6944
6945
6946
6947
6969
6970
6971
6972
6973
6974
6975
6995
6996
6997
6998
6999
7000
7001
7021
7022
7023
7024
7025
7026
7027
7028
7030
7047
7048
7049
7050
7051
7052
7053
7054
7055
7056
7057
7058
7059
7060
7061
7062
7063
7074
7075
7076
7077
7078
7079
7080
7081
7082
7083
7084
7085
7086
7087
7088
7089
7090
7102
7107
7108
7109
7110
7111
7112
7113
7114
7115
7622
7650
7672
7673
7674
7675
7676
7677
7697
7698
7699
7700
7701
7702
7703
7704
7705
7707
7723
7724
7725
7726
7727
7728
7729
7730
7731
7733
7734
7736
7749
7750
7751
7752
7753
7754
7756
7757
7758
7759
7760
7761
7762
7763
7764
7765
7766
7779
7783
7784
7785
7786
7787
7788
7789
7790
7791
7792
7809
8352
8374
8377
8400
8401
8402
8403
8407
8409
8425
8426
8427
8428
8429
8430
8431
8432
8433
8435
8436
8437
8438
8452
8453
8456
8460
8461
8462
8464
8465
8466
9110
9111
9128
9130
9138
9140
9838
9840
10547
14808
15437
16111
16161
