5654
5655
5680
5681
5682
6356
6357
6383
6384
6385
6386
6387
6412
6413
7033
7059
7060
7061
7062
7063
7085
7086
7087
7088
7089
7090
7115
7737
7762
7763
7764
7765
7788
7789
7790
7791
7792
8464
8465
8466
8467
8492
8493
9168
9169
12654
13330
13331
13356
13357
13358
13384
14033
14060
14088
14791
14792
14793
15467
15468
15492
15493
15494
15495
15496
15520
15522
16168
16169
16170
16171
16172
16195
16196
16197
16198
16224
16845
16846
16871
16872
16873
16874
16898
16899
16900
16926
17548
17549
17574
17575
17576
17602
