806
832
1482
1508
1534
2082
2106
2109
2134
2158
2184
2210
2211
2236
2783
2784
2785
2808
2809
2810
2811
2812
2834
2860
2861
2886
2887
2888
2912
2938
3485
3486
3510
3513
3536
3539
3562
3565
3588
3589
3590
3614
3615
3616
3640
3641
3642
4160
4212
4213
4214
4215
4220
4238
4239
4240
4241
4242
4243
4264
4265
4266
4267
4290
4291
4292
4293
4294
4316
4317
4318
4319
4342
4343
4344
4345
4369
4837
4862
4863
4864
4888
4889
4890
4891
4892
4893
4894
4895
4896
4914
4915
4916
4917
4918
4919
4920
4921
4940
4941
4942
4943
4944
4945
4946
4966
4967
4968
4969
4970
4971
4992
4993
4994
4995
4996
4998
5018
5019
5020
5021
5022
5023
5045
5046
5047
5514
5538
5539
5540
5541
5564
5565
5566
5567
5568
5569
5570
5591
5592
5593
5594
5595
5596
5597
5616
5617
5618
5619
5620
5621
5622
5623
5624
5642
5643
5644
5645
5646
5647
5648
5649
5650
5668
5669
5670
5671
5672
5673
5674
5675
5676
5694
5695
5696
5697
5698
5699
5701
5721
5722
5723
5724
5748
6217
6242
6243
6244
6267
6268
6269
6270
6272
6293
6294
6295
6296
6297
6298
6299
6300
6318
6319
6320
6321
6322
6323
6324
6325
6326
6328
6344
6345
6346
6347
6348
6349
6350
6351
6352
6353
6370
6371
6372
6373
6374
6375
6376
6377
6378
6381
6397
6398
6399
6400
6401
6411
6412
6413
6426
6920
6945
6970
6971
6972
6973
6995
6996
6997
6998
6999
7002
7003
7004
7005
7021
7022
7023
7024
7025
7026
7027
7028
7029
7030
7031
7032
7046
7047
7048
7049
7050
7051
7052
7053
7054
7055
7060
7062
7063
7073
7074
7075
7076
7077
7081
7082
7083
7084
7085
7086
7087
7088
7089
7090
7101
7102
7110
7111
7115
7672
7673
7674
7675
7676
7680
7697
7698
7699
7700
7701
7702
7705
7706
7707
7708
7723
7724
7725
7726
7727
7728
7730
7733
7734
7735
7749
7750
7751
7752
7753
7755
7758
7759
7760
7761
7762
7763
7764
7765
7777
7778
7785
7786
7787
7788
7789
7804
7805
8375
8378
8400
8401
8402
8403
8425
8426
8427
8428
8429
8430
8431
8434
8435
8453
8454
8455
8461
8462
8463
9105
9131
11951
12701
12753
13377
13404
13429
13430
13456
13457
14002
14053
14056
14057
14059
14079
14081
14082
14104
14105
14106
14108
14132
14133
14704
14705
14730
14732
14733
14734
14736
14755
14756
14757
14758
14759
14760
14761
14763
14781
14782
14783
14784
14785
14786
14809
14834
15382
15407
15408
15409
15431
15433
15434
15435
15458
15459
15460
15461
15484
15485
15486
15510
15511
15512
15538
16110
16111
16134
16135
16136
16137
16161
16162
16163
16164
16186
16188
16216
16241
16814
16838
16839
16864
16865
16866
16891
17517
17541
18219
