1508
1534
2210
2236
2834
2860
2886
2912
2913
2938
2939
3485
3536
3562
3588
3589
3614
3615
3616
3640
3641
3642
3666
3667
3668
4188
4212
4213
4214
4238
4239
4240
4264
4265
4266
4267
4268
4290
4291
4292
4293
4316
4317
4318
4342
4343
4344
4345
4369
4370
4836
4863
4864
4888
4889
4890
4891
4893
4914
4915
4916
4917
4918
4919
4940
4941
4942
4943
4944
4945
4966
4967
4968
4969
4970
4971
4972
4973
4992
4993
4994
4995
4996
5018
5019
5020
5021
5045
5046
5047
5513
5514
5538
5539
5540
5541
5565
5566
5567
5568
5570
5591
5592
5593
5594
5595
5596
5597
5616
5617
5618
5619
5620
5621
5622
5623
5642
5643
5644
5645
5646
5647
5648
5649
5668
5669
5670
5671
5672
5673
5674
5694
5695
5696
5697
5698
5699
5720
5721
5722
5723
5724
5750
6216
6217
6218
6240
6241
6242
6243
6244
6267
6268
6269
6270
6271
6273
6274
6292
6293
6294
6295
6296
6297
6298
6299
6300
6301
6319
6320
6321
6322
6323
6324
6325
6326
6345
6346
6347
6348
6349
6350
6351
6352
6370
6371
6372
6373
6374
6375
6377
6396
6397
6398
6399
6400
6401
6424
6425
6426
6917
6919
6943
6944
6946
6969
6970
6971
6972
6973
6974
6975
6976
6977
6995
6996
6997
6998
6999
7000
7001
7002
7003
7021
7022
7023
7024
7025
7026
7027
7028
7046
7047
7048
7049
7050
7051
7052
7053
7073
7074
7075
7076
7077
7078
7102
7103
7593
7594
7620
7646
7647
7648
7649
7650
7674
7675
7676
7677
7698
7699
7700
7701
7702
7703
7705
7723
7724
7725
7726
7727
7728
7729
7749
7750
7751
7752
7753
7754
7776
7779
8295
8322
8323
8324
8350
8351
8376
8377
8378
8401
8402
8404
8405
8428
8429
8430
8431
8432
8999
9052
9053
9079
9104
9107
9108
9131
9729
9755
10404
10431
10433
10457
10458
10484
11107
11109
11136
11161
11187
11783
11784
11809
11810
11811
11837
11838
11863
11864
12485
12486
12487
12512
12513
12514
12540
12568
12594
13135
13161
13162
13163
13188
13189
13190
13216
13217
13243
13269
13296
13429
13455
13837
13838
13839
13864
13865
13866
13890
13891
13892
13893
13918
13919
13920
13948
13974
14000
14084
14105
14106
14131
14132
14514
14541
14542
14567
14622
14623
14649
14650
14651
14677
14757
14808
14809
14835
14836
15326
15379
15380
15432
15434
15436
15459
15461
15484
15485
15486
15487
15511
15538
16057
16083
16110
16136
16161
16162
16163
16165
16192
16813
16864
16868
16893
17515
17541
18222
