2081
2186
2787
2842
2860
2912
3458
3459
3463
3484
3490
3513
3518
3536
3562
3564
3588
3589
3590
3614
3615
4134
4160
4161
4162
4164
4165
4186
4187
4188
4189
4190
4192
4193
4212
4213
4214
4215
4216
4238
4239
4240
4241
4242
4245
4246
4248
4250
4264
4265
4267
4268
4270
4271
4272
4273
4290
4291
4292
4294
4295
4316
4317
4318
4320
4343
4836
4837
4838
4841
4862
4863
4864
4865
4866
4867
4868
4869
4888
4889
4890
4891
4892
4893
4894
4895
4914
4915
4916
4917
4918
4919
4920
4921
4923
4940
4941
4942
4943
4944
4945
4949
4950
4951
4952
4966
4967
4968
4969
4970
4971
4973
4992
4993
4994
4995
4996
4997
4998
4999
5019
5020
5021
5023
5045
5046
5540
5541
5542
5544
5565
5566
5567
5568
5569
5570
5571
5591
5592
5593
5594
5595
5596
5597
5598
5618
5619
5620
5621
5622
5623
5624
5642
5643
5644
5645
5646
5647
5648
5649
5650
5669
5670
5671
5672
5673
5674
5675
5679
5682
5694
5695
5696
5697
5698
5699
5720
5721
5722
5723
5724
5727
6217
6218
6241
6242
6243
6244
6245
6268
6269
6270
6271
6272
6273
6274
6294
6295
6296
6297
6298
6299
6300
6319
6320
6321
6322
6323
6324
6325
6326
6327
6345
6346
6347
6348
6349
6350
6351
6355
6357
6358
6371
6372
6373
6374
6375
6376
6377
6378
6379
6380
6383
6384
6385
6386
6387
6397
6398
6399
6400
6404
6409
6410
6411
6412
6413
6414
6425
6427
6434
6893
6894
6895
6918
6919
6921
6922
6944
6945
6946
6948
6949
6970
6971
6972
6973
6974
6975
6976
6977
6996
6997
6998
6999
7000
7001
7002
7003
7021
7022
7023
7024
7025
7026
7027
7028
7029
7030
7031
7033
7034
7035
7047
7048
7049
7050
7051
7052
7053
7055
7056
7057
7058
7059
7060
7061
7062
7063
7074
7075
7076
7077
7079
7081
7082
7084
7085
7086
7087
7088
7089
7090
7099
7100
7101
7102
7108
7110
7111
7112
7113
7114
7116
7570
7571
7595
7596
7597
7598
7621
7622
7623
7624
7625
7647
7648
7649
7650
7651
7652
7673
7674
7675
7676
7677
7678
7679
7699
7700
7701
7702
7703
7704
7705
7706
7707
7708
7723
7724
7725
7726
7727
7728
7731
7732
7733
7734
7735
7736
7737
7750
7751
7752
7753
7754
7755
7756
7757
7758
7759
7760
7761
7762
7763
7764
7765
7776
7777
7778
7779
7780
7784
7785
7786
7787
7788
7790
7791
7792
7803
7811
7812
8246
8247
8273
8274
8298
8299
8300
8301
8328
8350
8351
8352
8353
8355
8376
8377
8378
8379
8381
8403
8404
8405
8406
8407
8410
8428
8431
8433
8434
8435
8436
8437
8438
8439
8453
8454
8455
8459
8460
8461
8463
8467
8479
8480
8481
8488
8489
8923
8949
8950
8977
9027
9031
9053
9054
9085
9087
9107
9109
9110
9113
9114
9137
9138
9142
9157
9680
9860
14105
14109
14111
14132
14755
14757
14761
14782
14808
14810
14811
15410
15413
15433
15439
15458
15459
15462
15485
15489
15491
15513
16086
16110
16113
16164
16188
16213
16815
16838
16866
16896
17493
17542
17546
18169
18195
18221
