676
806
832
1352
1482
1508
1534
2028
2081
2158
2184
2210
2809
2834
2836
2860
2861
2886
2912
2938
2939
3511
3536
3537
3562
3563
3588
3589
3590
3614
3615
3616
3640
3641
3667
4212
4238
4241
4264
4265
4290
4291
4292
4294
4316
4317
4318
4320
4321
4322
4323
4342
4343
4344
4345
4370
4888
4914
4916
4918
4920
4940
4944
4945
4946
4966
4967
4968
4969
4970
4971
4972
4992
4993
4994
4995
4996
4997
4998
5000
5018
5019
5020
5021
5022
5023
5024
5026
5027
5045
5046
5047
5048
5596
5616
5619
5620
5621
5622
5623
5642
5643
5644
5646
5647
5648
5668
5669
5670
5671
5672
5673
5694
5695
5696
5697
5698
5700
5701
5720
5721
5722
5723
5724
6270
6294
6297
6298
6299
6300
6301
6319
6320
6321
6322
6323
6324
6325
6326
6344
6345
6346
6347
6348
6350
6352
6353
6370
6371
6372
6373
6374
6375
6376
6377
6379
6380
6397
6398
6399
6400
6401
6402
6411
6412
6413
6423
6424
6425
6426
6427
6434
6919
6975
6976
6999
7000
7001
7002
7003
7020
7021
7022
7023
7024
7025
7046
7047
7048
7049
7050
7051
7052
7053
7054
7055
7056
7060
7062
7063
7073
7074
7075
7076
7077
7078
7079
7080
7081
7082
7083
7084
7085
7086
7087
7088
7089
7090
7099
7100
7101
7102
7109
7111
7112
7113
7114
7115
7125
7126
7127
7647
7648
7673
7674
7675
7698
7700
7701
7705
7722
7723
7724
7725
7726
7727
7728
7729
7730
7731
7748
7749
7750
7751
7752
7753
7754
7755
7756
7757
7758
7759
7760
7761
7762
7763
7764
7765
7776
7777
7778
7779
7781
7784
7785
7786
7787
7788
7791
7804
8324
8350
8351
8352
8376
8377
8378
8379
8400
8401
8404
8406
8425
8426
8427
8428
8429
8430
8435
8451
8452
8454
8455
8458
8460
8481
8482
8485
9026
9027
9028
9052
9053
9054
9129
9703
9730
14004
14054
14055
14080
14705
14732
14756
14757
14758
14759
14783
14835
15381
15409
15433
15434
15435
15486
16086
16163
16866
16867
