0
1
2
3
4
27
28
29
30
678
703
704
705
1407
1430
1433
2080
2082
2106
2108
2109
2110
2756
2782
2783
2808
2809
2810
2811
2812
2813
2814
2834
2835
2836
2837
2838
2839
2840
2841
2869
3458
3459
3460
3484
3485
3486
3487
3488
3489
3510
3511
3512
3513
3514
3515
3516
3517
3536
3541
3543
3544
3545
3563
3588
4134
4135
4160
4161
4162
4163
4164
4165
4166
4186
4187
4188
4189
4190
4191
4192
4212
4213
4214
4215
4217
4218
4220
4238
4239
4240
4244
4264
4265
4836
4838
4839
4862
4863
4864
4865
4866
4867
4869
4888
4889
4890
4891
4892
4894
4895
4914
4915
4917
4918
4919
4920
4922
4940
4941
4946
4948
4966
4967
4968
4975
4993
4994
5019
5046
5539
5540
5541
5542
5564
5565
5566
5567
5590
5591
5592
5593
5594
5595
5616
5617
5618
5619
5620
5621
5622
5623
5624
5643
5644
5645
5646
5647
5648
5649
5652
5669
5670
5672
5674
5677
5680
5695
5696
5722
6216
6217
6242
6243
6244
6266
6267
6268
6269
6270
6292
6293
6294
6295
6296
6297
6298
6299
6300
6301
6319
6320
6321
6322
6323
6324
6325
6326
6345
6346
6347
6348
6349
6350
6351
6352
6353
6354
6372
6379
6381
6383
6384
6385
6386
6387
6399
6411
6412
6413
6945
6946
6947
6969
6970
6971
6972
6973
6995
6996
6997
6998
6999
7000
7001
7021
7022
7023
7024
7025
7026
7027
7028
7030
7031
7032
7033
7034
7035
7048
7049
7050
7051
7052
7053
7054
7055
7056
7057
7058
7059
7060
7061
7062
7063
7076
7078
7081
7082
7083
7084
7085
7086
7087
7088
7089
7090
7109
7114
7115
7116
7645
7648
7649
7672
7673
7674
7675
7697
7698
7699
7700
7701
7702
7703
7707
7708
7709
7723
7724
7725
7726
7727
7728
7729
7730
7731
7732
7733
7734
7735
7736
7737
7738
7750
7752
7755
7756
7757
7758
7759
7760
7761
7762
7763
7764
7765
7766
7784
7785
7786
7787
7788
7789
7790
7791
7792
7813
8376
8377
8400
8401
8403
8404
8405
8407
8408
8409
8410
8411
8412
8429
8430
8431
8432
8433
8434
8435
8436
8437
8438
8439
8440
8458
8459
8460
8461
8462
8463
8464
8465
8466
8467
8512
9054
9104
9105
9108
9109
9110
9111
9112
9114
9132
9134
9135
9138
9139
9140
9162
9163
9164
9165
9167
9187
9188
9190
9191
9215
9781
9787
9806
9808
9810
9811
9813
9814
9836
9838
9839
9840
9866
9867
9891
9892
9893
9894
10485
10488
10512
10513
10514
10541
10542
10543
10568
10594
11162
11186
11187
11188
11189
11190
11863
11865
11890
14056
14757
14759
15433
15434
15436
16109
16111
16135
16136
16138
16139
16163
16165
16788
16813
16814
16839
16840
17541
17542
