757
1430
1433
1434
1463
1508
2110
2111
2138
2191
2782
2783
2784
2808
2812
2813
2814
2834
2836
2837
2838
2839
2840
2841
2861
2863
2865
3484
3485
3486
3487
3488
3489
3510
3511
3512
3513
3514
3515
3516
3517
3518
3536
3537
3538
3539
3540
3541
3546
3564
3571
3615
3616
3618
4160
4161
4162
4163
4187
4188
4189
4190
4191
4192
4212
4215
4218
4219
4238
4244
4248
4249
4264
4269
4290
4292
4293
4295
4302
4318
4319
4320
4321
4323
4326
4346
4837
4838
4863
4864
4888
4889
4890
4891
4896
4914
4915
4916
4922
4940
4941
4943
4950
4966
4967
4968
4969
4970
4972
4976
4978
4992
4993
4994
4996
4997
4998
4999
5000
5018
5019
5020
5021
5022
5023
5024
5025
5026
5566
5567
5590
5591
5592
5593
5594
5616
5617
5618
5619
5621
5642
5643
5644
5645
5646
5647
5648
5649
5653
5655
5668
5669
5670
5671
5672
5673
5674
5675
5676
5677
5694
5695
5696
5697
5698
5699
5700
5701
5702
5721
5722
5723
5724
5725
5726
5727
5728
6270
6293
6294
6295
6296
6319
6320
6321
6323
6327
6328
6344
6345
6346
6347
6348
6349
6350
6351
6352
6354
6370
6371
6372
6373
6374
6375
6376
6377
6378
6379
6381
6383
6384
6385
6386
6387
6396
6397
6398
6399
6400
6401
6402
6403
6404
6405
6406
6407
6408
6409
6410
6411
6412
6413
6425
6426
6427
6428
6432
6433
6434
6435
6436
6972
6994
6995
6996
6997
6998
6999
7004
7020
7021
7022
7023
7024
7025
7030
7031
7032
7033
7034
7046
7047
7048
7049
7050
7051
7055
7056
7057
7058
7059
7060
7061
7062
7063
7073
7074
7075
7076
7077
7078
7079
7080
7081
7082
7083
7084
7085
7086
7087
7088
7089
7090
7101
7102
7103
7106
7107
7108
7109
7110
7111
7112
7113
7114
7115
7116
7128
7134
7135
7136
7675
7698
7699
7708
7723
7724
7725
7726
7727
7728
7730
7731
7732
7733
7734
7735
7736
7737
7738
7750
7751
7752
7753
7754
7755
7756
7757
7758
7759
7760
7761
7762
7763
7764
7765
7766
7777
7778
7779
7780
7781
7782
7783
7784
7785
7786
7787
7788
7789
7790
7791
7792
7804
7805
7806
7808
7810
7811
7812
7814
8400
8403
8429
8430
8432
8433
8434
8435
8436
8437
8438
8439
8453
8454
8455
8456
8457
8458
8459
8460
8461
8462
8463
8464
8465
8466
8479
8480
8481
8482
8483
8484
8485
8486
8487
8488
8508
8511
8520
9130
9131
9132
9134
9137
9138
9140
9155
9156
9157
9158
9159
9160
9161
9162
9163
9164
9165
9183
9184
9185
9186
9187
9188
9189
9190
9832
9833
9835
9839
9859
9860
9861
9862
9863
9864
9865
9866
9887
9888
9889
9891
9892
10509
10516
10534
10535
10536
10537
10538
10539
10540
10541
10542
10543
10561
10562
10563
10564
10565
10566
10567
10568
10569
10591
11212
11213
11215
11216
11238
11239
11240
11241
11243
11264
11267
11268
11269
11270
11272
11917
11942
11944
11947
11948
11969
11970
11972
12644
12645
13348
13349
13403
14079
14107
14108
14132
14808
15460
15485
16111
16866
