2834
2860
2861
3484
3536
3566
4160
4161
4186
4187
4212
4213
4238
4265
4316
4836
4837
4862
4863
4864
4888
4889
4890
4891
4914
4915
4916
4917
4918
4943
4944
4945
4971
4972
4992
4993
5018
5019
5538
5539
5540
5564
5565
5566
5567
5590
5591
5592
5594
5616
5617
5618
5619
5620
5621
5622
5643
5644
5647
5648
5668
5669
5670
5671
5672
5673
5674
5675
5676
5694
5695
5696
5697
5701
6241
6242
6266
6267
6268
6269
6270
6292
6293
6294
6295
6296
6297
6318
6319
6320
6321
6322
6323
6325
6326
6327
6344
6345
6346
6347
6348
6349
6350
6351
6352
6370
6371
6372
6373
6374
6375
6376
6377
6378
6379
6380
6381
6382
6385
6386
6387
6397
6398
6399
6401
6403
6405
6410
6411
6412
6413
6414
6970
6995
6996
6997
6998
6999
7000
7020
7021
7022
7023
7024
7025
7026
7027
7046
7047
7048
7049
7050
7051
7052
7053
7054
7055
7056
7059
7061
7062
7063
7073
7074
7075
7076
7077
7078
7079
7080
7081
7082
7083
7084
7085
7086
7087
7088
7089
7090
7110
7111
7112
7113
7114
7115
7116
7674
7675
7698
7699
7700
7701
7702
7703
7723
7724
7725
7726
7727
7728
7729
7730
7731
7733
7734
7750
7751
7752
7753
7754
7756
7757
7758
7759
7760
7761
7762
7763
7764
7765
7782
7783
7784
7785
7786
7787
7788
7789
7790
7791
7810
8377
8378
8400
8401
8402
8403
8404
8427
8428
8432
8433
8434
8435
8437
8458
8461
8462
8463
8464
9080
9081
9109
9111
9130
