2137
2194
2809
2811
2812
2813
2837
2839
2840
2842
3486
3512
3513
3514
3515
3517
3540
3541
3542
3567
3600
4161
4186
4188
4189
4190
4191
4192
4212
4213
4214
4215
4216
4217
4218
4219
4220
4241
4242
4243
4244
4245
4246
4247
4864
4866
4888
4889
4890
4891
4892
4893
4894
4895
4896
4914
4915
4916
4917
4918
4919
4920
4921
4943
4945
4946
4947
4948
4974
5565
5566
5567
5568
5569
5570
5571
5590
5591
5592
5593
5594
5595
5596
5597
5598
5617
5618
5619
5620
5621
5644
5647
5649
5650
5652
5654
6242
6243
6244
6245
6267
6268
6269
6270
6271
6292
6293
6294
6295
6296
6297
6298
6300
6318
6319
6320
6321
6322
6323
6326
6328
6349
6354
6382
6384
6385
6386
6387
6411
6412
6413
6919
6945
6969
6970
6971
6972
6973
6995
6996
6997
6998
6999
7000
7003
7022
7024
7027
7031
7032
7033
7055
7056
7057
7058
7059
7060
7061
7062
7063
7064
7084
7085
7086
7087
7088
7089
7090
7115
7646
7648
7672
7673
7674
7675
7676
7678
7697
7698
7699
7700
7701
7702
7703
7728
7729
7730
7732
7733
7734
7735
7736
7737
7738
7739
7758
7760
7761
7762
7763
7764
7765
7786
7787
7790
8351
8374
8375
8377
8401
8403
8404
8405
8407
8408
8409
8410
8411
8412
8427
8433
8434
8435
8436
8437
8438
8439
8440
8462
8463
8465
8467
9053
9076
9077
9081
9083
9085
9102
9103
9104
9105
9106
9108
9109
9110
9111
9112
9113
9130
9137
9139
9140
9164
9168
9778
9779
9780
9783
9785
9786
9787
9806
9808
9809
9811
9812
9813
9814
9839
9865
10460
10481
10482
10487
10512
10513
10514
10515
10516
10543
11184
11185
11211
11215
11218
11860
11886
11887
11888
11889
11915
11916
11918
12563
12589
12591
12596
12615
12616
12620
13294
13295
13298
13321
13322
13354
14028
14029
14055
14057
14704
14707
14730
14731
14732
14733
14757
14758
14759
15407
15408
15409
15432
15433
15434
15435
15436
15460
15461
15462
16084
16111
16112
16133
16136
16137
16138
16787
16814
17542
