706
1379
1405
1406
1407
1408
1432
1435
2056
2081
2082
2083
2084
2106
2108
2109
2110
2111
2112
2137
2138
2139
2166
2757
2758
2759
2783
2784
2785
2786
2787
2808
2810
2811
2812
2813
2815
2834
2838
2840
2867
3434
3435
3459
3460
3461
3462
3463
3484
3485
3486
3487
3488
3489
3490
3510
3511
3512
3513
3514
3515
3516
3517
3536
3539
3540
3542
3543
3545
3570
3800
4135
4136
4137
4138
4160
4161
4162
4163
4164
4165
4166
4186
4187
4188
4189
4190
4191
4192
4194
4212
4213
4214
4215
4216
4217
4218
4219
4221
4238
4242
4243
4245
4246
4247
4271
4272
4449
4450
4475
4476
4477
4478
4502
4836
4837
4838
4839
4840
4841
4842
4862
4863
4864
4865
4866
4867
4868
4869
4870
4888
4889
4890
4891
4892
4893
4894
4914
4915
4916
4917
4918
4919
4920
4921
4923
4940
4942
4943
4944
4945
4946
4947
4948
4950
4969
4971
4972
4973
4974
5024
5077
5099
5101
5102
5103
5104
5106
5125
5127
5129
5152
5153
5516
5517
5518
5519
5540
5541
5542
5543
5544
5545
5546
5564
5565
5566
5567
5568
5569
5570
5590
5591
5592
5593
5594
5595
5596
5616
5617
5618
5619
5620
5621
5622
5623
5624
5642
5643
5644
5645
5646
5647
5648
5649
5650
5651
5652
5654
5670
5672
5674
5696
5697
5698
5701
5702
5722
5728
5731
5748
5750
5751
5754
5759
5775
5776
5777
5782
5803
5804
5807
6193
6194
6219
6220
6221
6241
6242
6243
6245
6247
6249
6266
6267
6268
6269
6270
6271
6272
6292
6293
6294
6295
6296
6297
6298
6299
6318
6319
6320
6321
6322
6323
6324
6345
6346
6347
6348
6349
6351
6353
6354
6356
6357
6359
6372
6373
6374
6378
6383
6385
6386
6387
6399
6400
6401
6411
6412
6413
6426
6428
6432
6434
6435
6436
6437
6453
6454
6460
6480
6868
6896
6897
6898
6917
6923
6924
6925
6942
6943
6944
6945
6968
6969
6970
6972
6973
6975
6994
6995
6996
6997
6999
7004
7021
7022
7023
7024
7025
7029
7031
7033
7047
7048
7049
7050
7051
7052
7056
7057
7058
7059
7060
7061
7062
7063
7075
7076
7077
7078
7079
7080
7081
7082
7083
7084
7085
7086
7087
7088
7089
7090
7101
7102
7103
7104
7105
7106
7107
7108
7109
7110
7111
7112
7113
7114
7115
7571
7572
7573
7574
7599
7600
7601
7627
7645
7646
7672
7673
7697
7698
7699
7710
7724
7725
7726
7727
7730
7731
7732
7733
7734
7735
7736
7737
7738
7750
7753
7754
7756
7757
7758
7759
7760
7761
7762
7763
7764
7765
7766
7777
7778
7779
7780
7781
7782
7784
7785
7786
7787
7788
7789
7790
7791
7792
8249
8250
8251
8276
8277
8374
8375
8376
8377
8400
8401
8403
8410
8411
8426
8427
8428
8431
8433
8434
8435
8436
8437
8438
8439
8440
8453
8460
8461
8462
8463
8464
8465
8466
8467
8468
8493
8925
9078
9079
9088
9102
9103
9104
9106
9110
9112
9113
9130
9131
9136
9139
9140
9141
9143
9165
9167
9780
9790
9805
9806
9807
9808
9811
9818
9832
9833
9836
9842
9844
10481
10482
10483
10508
10509
10510
10511
11184
11185
11187
11210
11211
11212
11213
11238
11861
11886
11887
11888
11889
11913
11914
11915
11916
11940
12564
12590
12591
12593
12616
12618
12621
12625
12650
13266
13291
13292
13293
13294
13296
13297
13320
13324
13355
13969
13970
13971
13972
13995
13996
13997
13998
13999
14000
14001
14002
14060
14673
14674
14675
14676
14677
14701
14707
14731
14732
14733
14734
14735
14756
14782
15407
15408
15409
15432
15433
15435
15436
15458
15459
16112
16132
16133
16135
16138
16161
16162
16816
16838
16839
