4221
4245
4246
4247
4892
4893
4895
4919
4920
4921
4922
4923
4924
4947
4948
4949
4950
4951
4977
5569
5594
5595
5596
5597
5598
5599
5621
5622
5623
5624
5625
5626
5627
5649
5650
5651
5652
5653
6271
6272
6273
6297
6298
6299
6300
6301
6324
6326
6327
6356
6357
6382
6383
6384
6385
6386
6387
6411
6412
6413
7001
7030
7032
7057
7058
7059
7060
7061
7062
7063
7085
7086
7087
7088
7089
7090
7113
7114
7115
7706
7708
7732
7733
7734
7735
7736
7737
7760
7761
7762
7763
7764
7765
7766
7788
7790
7791
8410
8411
8436
8437
8438
8439
8440
8462
8464
8465
8466
9138
9140
9141
14735
15411
