1
2
3
4
29
676
677
678
702
704
1352
1378
2080
2756
2782
2783
2784
2809
2810
2840
2841
3458
3459
3485
3486
3487
3489
3512
3514
3515
3516
3517
3518
3544
4161
4162
4163
4164
4187
4188
4189
4190
4191
4192
4215
4216
4217
4218
4838
4839
4863
4864
4865
4866
4889
4890
4891
4892
4893
4894
4895
4916
4917
4918
4919
4920
4922
4946
4949
4950
5542
5566
5567
5568
5569
5592
5593
5594
5595
5596
5597
5620
5621
5622
5623
5624
5625
5626
6243
6268
6269
6270
6271
6272
6273
6295
6296
6297
6298
6299
6300
6301
6324
6325
6326
6327
6354
6355
6386
6412
6413
6945
6946
6972
6973
6974
6975
6999
7000
7001
7002
7027
7028
7032
7033
7058
7059
7060
7061
7062
7063
7064
7086
7087
7088
7089
7090
7114
7115
7675
7676
7677
7702
7703
7704
7708
7732
7733
7734
7735
7736
7737
7738
7759
7761
7762
7763
7764
7765
7766
7789
7791
7792
8380
8407
8409
8410
8411
8436
8437
8438
8439
8440
9112
9113
9139
11217
11921
13326
13327
14030
14732
14733
15410
15435
15436
15437
15438
15463
16112
16113
16137
16139
16140
16167
16815
16840
16842
16843
17545
18221
