2106
2132
2134
2158
2782
2808
2834
2860
2862
2866
2868
3458
3484
3485
3510
3512
3514
3536
3537
3538
3542
3544
3562
3570
4160
4161
4186
4187
4188
4189
4190
4212
4213
4214
4215
4216
4217
4218
4238
4239
4240
4242
4243
4244
4245
4246
4247
4264
4265
4269
4862
4863
4864
4865
4888
4889
4890
4891
4892
4893
4914
4915
4916
4917
4918
4919
4920
4921
4940
4941
4942
4943
4944
4945
4946
4947
4948
4966
4967
4968
4969
4971
4973
4974
4995
5538
5564
5565
5566
5567
5568
5590
5591
5592
5593
5594
5595
5596
5616
5617
5618
5619
5620
5621
5622
5623
5642
5643
5644
5645
5646
5647
5648
5649
5651
5669
5670
5671
5672
5673
5674
5675
5676
5697
6266
6267
6268
6269
6270
6271
6292
6293
6294
6295
6296
6297
6298
6318
6319
6320
6321
6322
6323
6324
6325
6326
6327
6344
6345
6346
6347
6348
6349
6350
6351
6352
6353
6354
6356
6371
6372
6373
6381
6385
6386
6387
6410
6411
6412
6413
6943
6944
6969
6970
6971
6972
6994
6995
6996
6997
6998
6999
7003
7020
7021
7022
7023
7024
7025
7026
7029
7047
7048
7049
7050
7051
7053
7054
7056
7057
7059
7060
7061
7062
7063
7075
7079
7081
7083
7084
7085
7086
7087
7088
7089
7111
7645
7646
7670
7671
7672
7673
7674
7696
7697
7698
7699
7700
7701
7723
7724
7725
7726
7727
7728
7732
7733
7734
7735
7751
7752
7757
7758
7759
7760
7761
7762
7763
7764
7765
7766
7784
7785
7786
7787
7788
7789
7790
8347
8349
8373
8374
8375
8376
8400
8401
8402
8408
8409
8410
8427
8429
8434
8435
8436
8437
8438
8461
8462
8463
8464
9110
9113
9140
9165
9786
13351
13353
14027
14029
14053
14054
14055
14056
14058
14079
14732
14733
14756
14757
14758
15433
15434
15459
15460
15461
16111
16137
16138
16163
16164
16839
17572
17573
