1482
1508
2106
2132
2158
2184
2210
2236
2782
2808
2834
2835
2860
2886
2912
2938
3484
3485
3510
3536
3537
3538
3562
3563
3588
3614
3615
3641
3666
3667
4188
4212
4213
4214
4215
4238
4239
4264
4265
4290
4291
4316
4317
4318
4342
4343
4344
4369
4888
4889
4890
4891
4914
4915
4916
4917
4918
4919
4940
4941
4942
4943
4944
4966
4967
4968
4969
4993
4994
4995
5018
5019
5020
5045
5046
5566
5591
5592
5593
5594
5595
5616
5618
5619
5620
5621
5622
5643
5644
5645
5646
5647
5668
5669
5670
5671
5672
5674
5675
5694
5695
5696
5697
5698
5699
5720
5721
5722
5723
6268
6269
6270
6295
6296
6297
6298
6320
6321
6322
6323
6324
6325
6345
6346
6347
6348
6349
6350
6351
6352
6353
6370
6371
6372
6373
6374
6375
6376
6377
6378
6379
6383
6385
6386
6397
6398
6399
6400
6403
6404
6411
6412
6413
6973
6996
6997
6998
6999
7022
7023
7024
7025
7026
7027
7028
7046
7047
7048
7049
7050
7051
7052
7053
7054
7055
7057
7061
7062
7063
7073
7074
7075
7076
7077
7078
7079
7080
7081
7082
7083
7084
7085
7086
7087
7088
7089
7090
7109
7110
7112
7115
7697
7698
7699
7700
7701
7703
7722
7723
7724
7725
7726
7727
7728
7729
7730
7731
7733
7735
7749
7750
7751
7752
7753
7754
7756
7757
7758
7759
7760
7761
7762
7763
7764
7765
7778
7779
7780
7785
7786
7787
7788
8399
8400
8403
8406
8429
8430
8435
8461
8462
9108
12701
13377
14052
14055
14056
14080
14081
14082
14107
14108
14731
14757
14758
14759
14783
14784
14785
14811
15435
15460
15461
15462
15487
16162
16841
16866
