1430
1456
1482
1508
2132
2158
2184
2210
2808
2809
2834
2836
2860
2861
2886
2912
3484
3510
3511
3512
3536
3537
3562
3588
3589
3614
3615
4186
4212
4213
4238
4239
4240
4241
4264
4265
4266
4290
4291
4292
4316
4317
4318
4863
4864
4888
4889
4890
4892
4893
4914
4915
4916
4918
4919
4920
4940
4941
4942
4943
4944
4945
4946
4966
4967
4968
4969
4970
4992
4993
4994
4995
5018
5019
5020
5021
5045
5540
5541
5542
5564
5565
5566
5567
5590
5591
5592
5593
5595
5616
5617
5618
5619
5620
5621
5622
5642
5643
5644
5645
5646
5647
5649
5668
5669
5670
5671
5672
5673
5674
5675
5676
5695
5696
5697
5698
5721
5722
5723
5724
6217
6243
6244
6268
6269
6271
6292
6293
6294
6295
6296
6297
6298
6299
6318
6319
6320
6321
6322
6323
6324
6325
6344
6345
6346
6347
6348
6349
6350
6351
6352
6371
6372
6373
6374
6375
6377
6379
6397
6398
6399
6400
6401
6411
6412
6920
6946
6947
6970
6971
6974
6995
6996
6997
6998
7001
7021
7022
7023
7024
7025
7026
7047
7048
7049
7050
7051
7052
7053
7074
7075
7076
7077
7079
7081
7083
7084
7086
7087
7088
7089
7102
7103
7104
7113
7114
7697
7698
7699
7700
7701
7723
7724
7725
7726
7727
7728
7729
7751
7752
7753
7754
7755
7757
7759
7761
7762
7778
7779
7782
7785
7786
7788
8400
8401
8402
8403
8427
8428
8454
8457
9184
11997
12025
13378
13403
13404
13405
13429
13430
14029
14032
14079
14080
14081
14105
14106
14107
14108
14132
14133
14134
14709
14729
14730
14731
14756
14757
14759
14760
14782
14783
14808
14809
14810
15383
15433
15434
15436
15439
15458
15461
15485
15487
15512
15537
16136
16865
16919
